x Value, y Value
0, -0.141717
0.5, -0.327826
1, -0.196634
1.5, -0.272908
2, -0.211889
2.5, -0.349183
3, -0.269857
3.5, -0.321724
4, -0.095952
4.5, -0.254603
5, -0.30952
5.5, -0.217991
6, -0.181379
6.5, -0.291214
7, -0.202736
7.5, -0.233246
8, -0.318673
8.5, -0.300367
9, -0.282061
9.5, -0.208838
10, -0.306469
10.5, -0.336979
11, -0.205787
11.5, -0.34003
12, -0.343081
12.5, -0.233246
13, -0.297316
13.5, -0.163073
14, -0.260704
14.5, -0.260704
15, -0.34003
15.5, -0.242399
16, -0.333928
16.5, -0.193583
17, -0.272908
17.5, -0.34003
18, -0.187481
18.5, -0.330877
19, -0.221042
19.5, -0.251552
20, -0.394947
20.5, -0.205787
21, -0.318673
21.5, -0.221042
22, -0.30952
22.5, -0.349183
23, -0.452916
23.5, -0.321724
24, -0.294265
24.5, -0.248501
25, -0.211889
25.5, -0.230195
26, -0.230195
26.5, -0.336979
27, -0.324775
27.5, -0.260704
28, -0.321724
28.5, -0.269857
29, -0.333928
29.5, -0.156971
30, -0.297316
30.5, -0.172226
31, -0.288163
31.5, -0.205787
32, -0.397998
32.5, -0.285112
33, -0.358336
33.5, -0.294265
34, -0.336979
34.5, -0.21494
35, -0.303418
35.5, -0.288163
36, -0.205787
36.5, -0.163073
37, -0.233246
37.5, -0.269857
38, -0.336979
38.5, -0.260704
39, -0.367488
39.5, -0.376641
40, -0.27901
40.5, -0.318673
41, -0.099003
41.5, -0.193583
42, -0.37359
42.5, -0.126462
43, -0.248501
43.5, -0.303418
44, -0.312571
44.5, -0.147819
45, -0.312571
45.5, -0.227144
46, -0.312571
46.5, -0.272908
47, -0.291214
47.5, -0.385794
48, -0.254603
48.5, -0.300367
49, -0.199685
49.5, -0.407151
50, -0.285112
50.5, -0.221042
51, -0.160022
51.5, -0.275959
52, -0.227144
52.5, -0.269857
53, -0.230195
53.5, -0.306469
54, -0.254603
54.5, -0.275959
55, -0.364437
55.5, -0.397998
56, -0.364437
56.5, -0.382743
57, -0.349183
57.5, -0.355285
58, -0.388845
58.5, -0.297316
59, -0.236297
59.5, -0.379692
60, -0.211889
60.5, -0.282061
61, -0.303418
61.5, -0.285112
62, -0.275959
62.5, -0.260704
63, -0.266806
63.5, -0.260704
64, -0.208838
64.5, -0.370539
65, -0.160022
65.5, -0.239348
66, -0.291214
66.5, -0.196634
67, -0.330877
67.5, -0.187481
68, -0.385794
68.5, -0.462069
69, -0.282061
69.5, -0.352234
70, -0.254603
70.5, -0.257653
71, -0.239348
71.5, -0.269857
72, -0.205787
72.5, -0.24545
73, -0.202736
73.5, -0.336979
74, -0.34003
74.5, -0.193583
75, -0.233246
75.5, -0.318673
76, -0.388845
76.5, -0.257653
77, -0.297316
77.5, -0.193583
78, -0.163073
78.5, -0.30952
79, -0.172226
79.5, -0.135615
80, -0.18443
80.5, -0.318673
81, -0.382743
81.5, -0.196634
82, -0.291214
82.5, -0.263755
83, -0.257653
83.5, -0.333928
84, -0.263755
84.5, -0.343081
85, -0.211889
85.5, -0.239348
86, -0.34003
86.5, -0.211889
87, -0.028831
87.5, -0.236297
88, -0.221042
88.5, -0.263755
89, -0.343081
89.5, -0.193583
90, -0.300367
90.5, -0.202736
91, -0.285112
91.5, -0.263755
92, -0.175277
92.5, -0.266806
93, -0.163073
93.5, -0.294265
94, -0.135615
94.5, -0.15392
95, -0.24545
95.5, -0.202736
96, -0.24545
96.5, -0.132564
97, -0.114258
97.5, -0.227144
98, -0.224093
98.5, -0.18443
99, -0.269857
99.5, -0.291214
100, -0.382743
100.5, -0.455967
101, -0.282061
101.5, -0.233246
102, -0.135615
102.5, -0.449865
103, -0.181379
103.5, -0.230195
104, -0.227144
104.5, -0.227144
105, -0.208838
105.5, -0.385794
106, -0.440712
106.5, -0.333928
107, -0.385794
107.5, -0.324775
108, -0.355285
108.5, -0.321724
109, -0.126462
109.5, -0.30952
110, -0.208838
110.5, -0.391896
111, -0.18443
111.5, -0.306469
112, -0.34003
112.5, -0.126462
113, -0.27901
113.5, -0.181379
114, -0.272908
114.5, -0.141717
115, -0.27901
115.5, -0.30952
116, -0.428508
116.5, -0.336979
117, -0.407151
117.5, -0.446814
118, -0.370539
118.5, -0.379692
119, -0.367488
119.5, -0.394947
120, -0.370539
120.5, -0.34003
121, -0.367488
121.5, -0.333928
122, -0.355285
122.5, -0.394947
123, -0.367488
123.5, -0.385794
124, -0.358336
124.5, -0.294265
125, -0.367488
125.5, -0.349183
126, -0.358336
126.5, -0.388845
127, -0.364437
127.5, -0.376641
128, -0.37359
128.5, -0.315622
129, -0.370539
129.5, -0.361386
130, -0.349183
130.5, -0.376641
131, -0.352234
131.5, -0.333928
132, -0.358336
132.5, -0.336979
133, -0.352234
133.5, -0.370539
134, -0.358336
134.5, -0.367488
135, -0.358336
135.5, -0.336979
136, -0.361386
136.5, -0.358336
137, -0.361386
137.5, -0.364437
138, -0.376641
138.5, -0.355285
139, -0.388845
139.5, -0.34003
140, -0.352234
140.5, -0.376641
141, -0.330877
141.5, -0.37359
142, -0.367488
142.5, -0.336979
143, -0.336979
143.5, -0.346132
144, -0.367488
144.5, -0.367488
145, -0.361386
145.5, -0.370539
146, -0.361386
146.5, -0.355285
147, -0.355285
147.5, -0.352234
148, -0.358336
148.5, -0.376641
149, -0.349183
149.5, -0.370539
150, -0.355285
150.5, -0.358336
151, -0.327826
151.5, -0.34003
152, -0.379692
152.5, -0.355285
153, -0.349183
153.5, -0.352234
154, -0.355285
154.5, -0.367488
155, -0.330877
155.5, -0.355285
156, -0.343081
156.5, -0.358336
157, -0.367488
157.5, -0.349183
158, -0.379692
158.5, -0.361386
159, -0.367488
159.5, -0.367488
160, -0.355285
160.5, -0.358336
161, -0.352234
161.5, -0.352234
162, -0.370539
162.5, -0.364437
163, -0.349183
163.5, -0.367488
164, -0.333928
164.5, -0.370539
165, -0.355285
165.5, -0.361386
166, -0.370539
166.5, -0.355285
167, -0.352234
167.5, -0.361386
168, -0.355285
168.5, -0.361386
169, -0.355285
169.5, -0.361386
170, -0.364437
170.5, -0.364437
171, -0.355285
171.5, -0.352234
172, -0.333928
172.5, -0.364437
173, -0.361386
173.5, -0.367488
174, -0.37359
174.5, -0.382743
175, -0.352234
175.5, -0.355285
176, -0.367488
176.5, -0.376641
177, -0.37359
177.5, -0.367488
178, -0.352234
178.5, -0.367488
179, -0.358336
179.5, -0.364437
180, -0.364437
180.5, -0.388845
181, -0.355285
181.5, -0.358336
182, -0.349183
182.5, -0.343081
183, -0.352234
183.5, -0.382743
184, -0.355285
184.5, -0.352234
185, -0.367488
185.5, -0.34003
186, -0.364437
186.5, -0.343081
187, -0.364437
187.5, -0.376641
188, -0.352234
188.5, -0.376641
189, -0.355285
189.5, -0.355285
190, -0.352234
190.5, -0.355285
191, -0.364437
191.5, -0.364437
192, -0.358336
192.5, -0.37359
193, -0.367488
193.5, -0.349183
194, -0.352234
194.5, -0.355285
195, -0.364437
195.5, -0.361386
196, -0.358336
196.5, -0.379692
197, -0.370539
197.5, -0.333928
198, -0.352234
198.5, -0.343081
199, -0.364437
199.5, -0.370539
200, -0.367488
200.5, -0.364437
201, -0.37359
201.5, -0.333928
202, -0.361386
202.5, -0.346132
203, -0.364437
203.5, -0.376641
204, -0.376641
204.5, -0.324775
205, -0.364437
205.5, -0.333928
206, -0.343081
206.5, -0.37359
207, -0.370539
207.5, -0.367488
208, -0.367488
208.5, -0.336979
209, -0.349183
209.5, -0.343081
210, -0.349183
210.5, -0.364437
211, -0.355285
211.5, -0.37359
212, -0.370539
212.5, -0.346132
213, -0.346132
213.5, -0.34003
214, -0.346132
214.5, -0.37359
215, -0.379692
215.5, -0.355285
216, -0.343081
216.5, -0.333928
217, -0.361386
217.5, -0.358336
218, -0.367488
218.5, -0.370539
219, -0.364437
219.5, -0.370539
220, -0.364437
220.5, -0.333928
221, -0.358336
221.5, -0.352234
222, -0.355285
222.5, -0.361386
223, -0.358336
223.5, -0.379692
224, -0.364437
224.5, -0.333928
225, -0.358336
225.5, -0.349183
226, -0.370539
226.5, -0.379692
227, -0.370539
227.5, -0.382743
228, -0.349183
228.5, -0.358336
229, -0.358336
229.5, -0.379692
230, -0.358336
230.5, -0.379692
231, -0.352234
231.5, -0.318673
232, -0.327826
232.5, -0.330877
233, -0.382743
233.5, -0.37359
234, -0.352234
234.5, -0.385794
235, -0.367488
235.5, -0.312571
236, -0.367488
236.5, -0.358336
237, -0.324775
237.5, -0.385794
238, -0.382743
238.5, -0.382743
239, -0.376641
239.5, -0.327826
240, -0.34003
240.5, -0.327826
241, -0.336979
241.5, -0.394947
242, -0.370539
242.5, -0.388845
243, -0.34003
243.5, -0.291214
244, -0.376641
244.5, -0.358336
245, -0.336979
245.5, -0.388845
246, -0.364437
246.5, -0.379692
247, -0.312571
247.5, -0.318673
248, -0.34003
248.5, -0.352234
249, -0.376641
249.5, -0.37359
250, -0.364437
250.5, -0.382743
251, -0.330877
251.5, -0.30952
252, -0.358336
252.5, -0.361386
253, -0.367488
253.5, -0.355285
254, -0.370539
254.5, -0.370539
255, -0.333928
255.5, -0.367488
256, -0.343081
256.5, -0.352234
257, -0.352234
257.5, -0.355285
258, -0.388845
258.5, -0.324775
259, -0.324775
259.5, -0.352234
260, -0.324775
260.5, -0.382743
261, -0.358336
261.5, -0.349183
262, -0.367488
262.5, -0.333928
263, -0.324775
263.5, -0.361386
264, -0.321724
264.5, -0.364437
265, -0.367488
265.5, -0.376641
266, -0.376641
266.5, -0.343081
267, -0.37359
267.5, -0.361386
268, -0.349183
268.5, -0.370539
269, -0.355285
269.5, -0.37359
270, -0.34003
270.5, -0.37359
271, -0.367488
271.5, -0.352234
272, -0.355285
272.5, -0.355285
273, -0.358336
273.5, -0.352234
274, -0.330877
274.5, -0.367488
275, -0.352234
275.5, -0.355285
276, -0.349183
276.5, -0.349183
277, -0.364437
277.5, -0.355285
278, -0.352234
278.5, -0.34003
279, -0.358336
279.5, -0.361386
280, -0.343081
280.5, -0.361386
281, -0.367488
281.5, -0.358336
282, -0.349183
282.5, -0.361386
283, -0.336979
283.5, -0.37359
284, -0.361386
284.5, -0.358336
285, -0.370539
285.5, -0.364437
286, -0.349183
286.5, -0.349183
287, -0.367488
287.5, -0.364437
288, -0.343081
288.5, -0.367488
289, -0.370539
289.5, -0.336979
290, -0.358336
290.5, -0.346132
291, -0.364437
291.5, -0.361386
292, -0.358336
292.5, -0.370539
293, -0.364437
293.5, -0.361386
294, -0.367488
294.5, -0.352234
295, -0.346132
295.5, -0.349183
296, -0.376641
296.5, -0.361386
297, -0.343081
297.5, -0.355285
298, -0.346132
298.5, -0.349183
299, -0.352234
299.5, -0.37359
300, -0.367488
300.5, -0.379692
301, -0.361386
301.5, -0.370539
302, -0.355285
302.5, -0.355285
303, -0.364437
303.5, -0.376641
304, -0.364437
304.5, -0.37359
305, -0.37359
305.5, -0.34003
306, -0.352234
306.5, -0.382743
307, -0.358336
307.5, -0.376641
308, -0.355285
308.5, -0.336979
309, -0.355285
309.5, -0.352234
310, -0.358336
310.5, -0.367488
311, -0.355285
311.5, -0.37359
312, -0.355285
312.5, -0.343081
313, -0.358336
313.5, -0.346132
314, -0.355285
314.5, -0.355285
315, -0.349183
315.5, -0.367488
316, -0.346132
316.5, -0.343081
317, -0.355285
317.5, -0.364437
318, -0.358336
318.5, -0.370539
319, -0.355285
319.5, -0.367488
320, -0.349183
320.5, -0.333928
321, -0.358336
321.5, -0.349183
322, -0.355285
322.5, -0.376641
323, -0.361386
323.5, -0.388845
324, -0.361386
324.5, -0.343081
325, -0.349183
325.5, -0.355285
326, -0.364437
326.5, -0.358336
327, -0.358336
327.5, -0.379692
328, -0.333928
328.5, -0.343081
329, -0.346132
329.5, -0.34003
330, -0.333928
330.5, -0.367488
331, -0.37359
331.5, -0.333928
332, -0.379692
332.5, -0.318673
333, -0.352234
333.5, -0.355285
334, -0.367488
334.5, -0.370539
335, -0.355285
335.5, -0.330877
336, -0.343081
336.5, -0.349183
337, -0.343081
337.5, -0.361386
338, -0.355285
338.5, -0.376641
339, -0.379692
339.5, -0.336979
340, -0.34003
340.5, -0.318673
341, -0.349183
341.5, -0.361386
342, -0.367488
342.5, -0.364437
343, -0.346132
343.5, -0.315622
344, -0.361386
344.5, -0.358336
345, -0.355285
345.5, -0.364437
346, -0.361386
346.5, -0.385794
347, -0.34003
347.5, -0.315622
348, -0.367488
348.5, -0.346132
349, -0.370539
349.5, -0.370539
350, -0.370539
350.5, -0.382743
351, -0.321724
351.5, -0.312571
352, -0.355285
352.5, -0.333928
353, -0.343081
353.5, -0.358336
354, -0.358336
354.5, -0.364437
355, -0.355285
355.5, -0.343081
356, -0.355285
356.5, -0.376641
357, -0.355285
357.5, -0.385794
358, -0.370539
358.5, -0.333928
359, -0.349183
359.5, -0.346132
360, -0.30952
360.5, -0.37359
361, -0.355285
361.5, -0.382743
362, -0.37359
362.5, -0.336979
363, -0.349183
363.5, -0.355285
364, -0.352234
364.5, -0.367488
365, -0.327826
365.5, -0.376641
366, -0.355285
366.5, -0.30952
367, -0.346132
367.5, -0.349183
368, -0.355285
368.5, -0.388845
369, -0.352234
369.5, -0.388845
370, -0.324775
370.5, -0.324775
371, -0.34003
371.5, -0.333928
372, -0.349183
372.5, -0.346132
373, -0.355285
373.5, -0.388845
374, -0.34003
374.5, -0.330877
375, -0.355285
375.5, -0.346132
376, -0.352234
376.5, -0.364437
377, -0.370539
377.5, -0.382743
378, -0.321724
378.5, -0.34003
379, -0.34003
379.5, -0.367488
380, -0.358336
380.5, -0.358336
381, -0.355285
381.5, -0.324775
382, -0.327826
382.5, -0.352234
383, -0.315622
383.5, -0.367488
384, -0.349183
384.5, -0.358336
385, -0.385794
385.5, -0.367488
386, -0.336979
386.5, -0.355285
387, -0.330877
387.5, -0.358336
388, -0.364437
388.5, -0.364437
389, -0.358336
389.5, -0.349183
390, -0.343081
390.5, -0.361386
391, -0.352234
391.5, -0.361386
392, -0.364437
392.5, -0.361386
393, -0.321724
393.5, -0.367488
394, -0.364437
394.5, -0.358336
395, -0.349183
395.5, -0.364437
396, -0.336979
396.5, -0.358336
397, -0.346132
397.5, -0.367488
398, -0.367488
398.5, -0.361386
399, -0.346132
399.5, -0.358336
400, -0.364437
400.5, -0.361386
401, -0.333928
401.5, -0.352234
402, -0.361386
402.5, -0.358336
403, -0.358336
403.5, -0.361386
404, -0.361386
404.5, -0.355285
405, -0.358336
405.5, -0.346132
406, -0.355285
406.5, -0.364437
407, -0.34003
407.5, -0.37359
408, -0.361386
408.5, -0.361386
409, -0.355285
409.5, -0.358336
410, -0.370539
410.5, -0.361386
411, -0.346132
411.5, -0.364437
412, -0.352234
412.5, -0.355285
413, -0.364437
413.5, -0.352234
414, -0.364437
414.5, -0.364437
415, -0.349183
415.5, -0.358336
416, -0.355285
416.5, -0.355285
417, -0.358336
417.5, -0.346132
418, -0.355285
418.5, -0.364437
419, -0.358336
419.5, -0.370539
420, -0.352234
420.5, -0.352234
421, -0.346132
421.5, -0.343081
422, -0.364437
422.5, -0.364437
423, -0.361386
423.5, -0.37359
424, -0.358336
424.5, -0.361386
425, -0.346132
425.5, -0.346132
426, -0.364437
426.5, -0.37359
427, -0.364437
427.5, -0.367488
428, -0.349183
428.5, -0.321724
429, -0.358336
429.5, -0.358336
430, -0.361386
430.5, -0.364437
431, -0.343081
431.5, -0.349183
432, -0.370539
432.5, -0.349183
433, -0.355285
433.5, -0.367488
434, -0.370539
434.5, -0.37359
435, -0.343081
435.5, -0.349183
436, -0.367488
436.5, -0.355285
437, -0.336979
437.5, -0.358336
438, -0.364437
438.5, -0.376641
439, -0.37359
439.5, -0.349183
440, -0.367488
440.5, -0.349183
441, -0.358336
441.5, -0.382743
442, -0.370539
442.5, -0.364437
443, -0.361386
443.5, -0.321724
444, -0.352234
444.5, -0.355285
445, -0.358336
445.5, -0.364437
446, -0.364437
446.5, -0.364437
447, -0.361386
447.5, -0.34003
448, -0.352234
448.5, -0.349183
449, -0.343081
449.5, -0.364437
450, -0.355285
450.5, -0.385794
451, -0.330877
451.5, -0.324775
452, -0.361386
452.5, -0.330877
453, -0.364437
453.5, -0.376641
454, -0.364437
454.5, -0.352234
455, -0.330877
455.5, -0.343081
456, -0.346132
456.5, -0.349183
457, -0.367488
457.5, -0.370539
458, -0.379692
458.5, -0.34003
459, -0.355285
459.5, -0.327826
460, -0.361386
460.5, -0.37359
461, -0.364437
461.5, -0.382743
462, -0.379692
462.5, -0.30952
463, -0.34003
463.5, -0.324775
464, -0.34003
464.5, -0.370539
465, -0.355285
465.5, -0.388845
466, -0.358336
466.5, -0.30952
467, -0.370539
467.5, -0.324775
468, -0.358336
468.5, -0.370539
469, -0.361386
469.5, -0.391896
470, -0.318673
470.5, -0.306469
471, -0.37359
471.5, -0.336979
472, -0.343081
472.5, -0.37359
473, -0.376641
473.5, -0.394947
474, -0.352234
474.5, -0.312571
475, -0.349183
475.5, -0.34003
476, -0.37359
476.5, -0.37359
477, -0.367488
477.5, -0.382743
478, -0.327826
478.5, -0.315622
479, -0.364437
479.5, -0.37359
480, -0.358336
480.5, -0.355285
481, -0.358336
481.5, -0.306469
482, -0.336979
482.5, -0.318673
483, -0.355285
483.5, -0.382743
484, -0.346132
484.5, -0.388845
485, -0.379692
485.5, -0.312571
486, -0.358336
486.5, -0.343081
487, -0.318673
487.5, -0.385794
488, -0.355285
488.5, -0.376641
489, -0.370539
489.5, -0.349183
490, -0.346132
490.5, -0.333928
491, -0.361386
491.5, -0.376641
492, -0.361386
492.5, -0.367488
493, -0.330877
493.5, -0.367488
494, -0.349183
494.5, -0.352234
495, -0.361386
495.5, -0.361386
496, -0.370539
496.5, -0.37359
497, -0.330877
497.5, -0.343081
498, -0.333928
498.5, -0.349183
499, -0.370539
499.5, -0.361386
500, -0.376641
500.5, -0.367488
501, -0.336979
501.5, -0.333928
502, -0.327826
502.5, -0.37359
503, -0.346132
503.5, -0.37359
504, -0.358336
504.5, -0.349183
505, -0.333928
505.5, -0.352234
506, -0.364437
506.5, -0.367488
507, -0.346132
507.5, -0.367488
508, -0.376641
508.5, -0.361386
509, -0.333928
509.5, -0.361386
510, -0.330877
510.5, -0.367488
511, -0.361386
511.5, -0.364437
512, -0.364437
512.5, -0.361386
513, -0.361386
513.5, -0.34003
514, -0.358336
514.5, -0.364437
515, -0.37359
515.5, -0.352234
516, -0.370539
516.5, -0.370539
517, -0.355285
517.5, -0.370539
518, -0.346132
518.5, -0.37359
519, -0.370539
519.5, -0.358336
520, -0.346132
520.5, -0.367488
521, -0.370539
521.5, -0.358336
522, -0.352234
522.5, -0.358336
523, -0.370539
523.5, -0.376641
524, -0.361386
524.5, -0.349183
525, -0.367488
525.5, -0.370539
526, -0.346132
526.5, -0.364437
527, -0.349183
527.5, -0.367488
528, -0.358336
528.5, -0.333928
529, -0.37359
529.5, -0.361386
530, -0.370539
530.5, -0.361386
531, -0.346132
531.5, -0.376641
532, -0.367488
532.5, -0.349183
533, -0.367488
533.5, -0.364437
534, -0.367488
534.5, -0.355285
535, -0.37359
535.5, -0.376641
536, -0.346132
536.5, -0.358336
537, -0.376641
537.5, -0.370539
538, -0.364437
538.5, -0.370539
539, -0.364437
539.5, -0.346132
540, -0.364437
540.5, -0.364437
541, -0.367488
541.5, -0.358336
542, -0.355285
542.5, -0.367488
543, -0.37359
543.5, -0.349183
544, -0.352234
544.5, -0.34003
545, -0.346132
545.5, -0.364437
546, -0.352234
546.5, -0.385794
547, -0.364437
547.5, -0.343081
548, -0.355285
548.5, -0.352234
549, -0.364437
549.5, -0.364437
550, -0.361386
550.5, -0.385794
551, -0.361386
551.5, -0.346132
552, -0.37359
552.5, -0.346132
553, -0.385794
553.5, -0.379692
554, -0.355285
554.5, -0.367488
555, -0.370539
555.5, -0.355285
556, -0.37359
556.5, -0.376641
557, -0.37359
557.5, -0.367488
558, -0.367488
558.5, -0.352234
559, -0.358336
559.5, -0.355285
560, -0.355285
560.5, -0.364437
561, -0.370539
561.5, -0.37359
562, -0.370539
562.5, -0.330877
563, -0.336979
563.5, -0.349183
564, -0.358336
564.5, -0.361386
565, -0.352234
565.5, -0.37359
566, -0.330877
566.5, -0.349183
567, -0.358336
567.5, -0.355285
568, -0.358336
568.5, -0.355285
569, -0.367488
569.5, -0.379692
570, -0.364437
570.5, -0.358336
571, -0.358336
571.5, -0.346132
572, -0.346132
572.5, -0.388845
573, -0.358336
573.5, -0.382743
574, -0.349183
574.5, -0.324775
575, -0.370539
575.5, -0.343081
576, -0.358336
576.5, -0.352234
577, -0.370539
577.5, -0.382743
578, -0.367488
578.5, -0.343081
579, -0.343081
579.5, -0.391896
580, -0.364437
580.5, -0.397998
581, -0.385794
581.5, -0.318673
582, -0.349183
582.5, -0.346132
583, -0.361386
583.5, -0.37359
584, -0.376641
584.5, -0.376641
585, -0.364437
585.5, -0.336979
586, -0.358336
586.5, -0.333928
587, -0.336979
587.5, -0.388845
588, -0.346132
588.5, -0.382743
589, -0.376641
589.5, -0.315622
590, -0.349183
590.5, -0.327826
591, -0.352234
591.5, -0.379692
592, -0.355285
592.5, -0.4041
593, -0.333928
593.5, -0.330877
594, -0.343081
594.5, -0.333928
595, -0.352234
595.5, -0.37359
596, -0.367488
596.5, -0.401049
597, -0.355285
597.5, -0.336979
598, -0.343081
598.5, -0.34003
599, -0.349183
599.5, -0.385794
600, -0.361386
600.5, -0.376641
601, -0.355285
601.5, -0.312571
602, -0.364437
602.5, -0.333928
603, -0.358336
603.5, -0.391896
604, -0.364437
604.5, -0.37359
605, -0.34003
605.5, -0.333928
606, -0.358336
606.5, -0.379692
607, -0.34003
607.5, -0.376641
608, -0.370539
608.5, -0.34003
609, -0.364437
609.5, -0.333928
610, -0.336979
610.5, -0.349183
611, -0.364437
611.5, -0.376641
612, -0.379692
612.5, -0.312571
613, -0.330877
613.5, -0.361386
614, -0.343081
614.5, -0.37359
615, -0.370539
615.5, -0.385794
616, -0.391896
616.5, -0.330877
617, -0.355285
617.5, -0.364437
618, -0.361386
618.5, -0.361386
619, -0.391896
619.5, -0.391896
620, -0.352234
620.5, -0.361386
621, -0.364437
621.5, -0.355285
622, -0.358336
622.5, -0.370539
623, -0.367488
623.5, -0.370539
624, -0.333928
624.5, -0.364437
625, -0.349183
625.5, -0.364437
626, -0.352234
626.5, -0.37359
627, -0.370539
627.5, -0.361386
628, -0.349183
628.5, -0.364437
629, -0.343081
629.5, -0.352234
630, -0.361386
630.5, -0.367488
631, -0.364437
631.5, -0.361386
632, -0.34003
632.5, -0.355285
633, -0.367488
633.5, -0.358336
634, -0.370539
634.5, -0.364437
635, -0.388845
635.5, -0.358336
636, -0.355285
636.5, -0.358336
637, -0.355285
637.5, -0.370539
638, -0.370539
638.5, -0.361386
639, -0.379692
639.5, -0.361386
640, -0.361386
640.5, -0.364437
641, -0.352234
641.5, -0.352234
642, -0.367488
642.5, -0.370539
643, -0.358336
643.5, -0.367488
644, -0.379692
644.5, -0.352234
645, -0.361386
645.5, -0.364437
646, -0.370539
646.5, -0.355285
647, -0.361386
647.5, -0.361386
648, -0.355285
648.5, -0.355285
649, -0.370539
649.5, -0.367488
650, -0.370539
650.5, -0.352234
651, -0.370539
651.5, -0.367488
652, -0.355285
652.5, -0.355285
653, -0.349183
653.5, -0.367488
654, -0.370539
654.5, -0.370539
655, -0.361386
655.5, -0.364437
656, -0.367488
656.5, -0.367488
657, -0.367488
657.5, -0.37359
658, -0.367488
658.5, -0.336979
659, -0.361386
659.5, -0.34003
660, -0.37359
660.5, -0.367488
661, -0.358336
661.5, -0.367488
662, -0.367488
662.5, -0.370539
663, -0.358336
663.5, -0.355285
664, -0.352234
664.5, -0.37359
665, -0.352234
665.5, -0.37359
666, -0.367488
666.5, -0.34003
667, -0.352234
667.5, -0.333928
668, -0.37359
668.5, -0.376641
669, -0.349183
669.5, -0.385794
670, -0.367488
670.5, -0.349183
671, -0.37359
671.5, -0.346132
672, -0.370539
672.5, -0.370539
673, -0.367488
673.5, -0.382743
674, -0.352234
674.5, -0.361386
675, -0.346132
675.5, -0.349183
676, -0.367488
676.5, -0.364437
677, -0.370539
677.5, -0.37359
678, -0.355285
678.5, -0.330877
679, -0.358336
679.5, -0.355285
680, -0.370539
680.5, -0.385794
681, -0.358336
681.5, -0.343081
682, -0.379692
682.5, -0.343081
683, -0.352234
683.5, -0.379692
684, -0.346132
684.5, -0.376641
685, -0.37359
685.5, -0.336979
686, -0.346132
686.5, -0.315622
687, -0.367488
687.5, -0.364437
688, -0.364437
688.5, -0.382743
689, -0.37359
689.5, -0.336979
690, -0.346132
690.5, -0.318673
691, -0.367488
691.5, -0.391896
692, -0.388845
692.5, -0.37359
693, -0.358336
693.5, -0.336979
694, -0.349183
694.5, -0.352234
695, -0.37359
695.5, -0.37359
696, -0.358336
696.5, -0.367488
697, -0.352234
697.5, -0.336979
698, -0.352234
698.5, -0.343081
699, -0.379692
699.5, -0.364437
700, -0.364437
700.5, -0.364437
701, -0.34003
701.5, -0.333928
702, -0.346132
702.5, -0.346132
703, -0.352234
703.5, -0.376641
704, -0.379692
704.5, -0.379692
705, -0.346132
705.5, -0.327826
706, -0.355285
706.5, -0.388845
707, -0.34003
707.5, -0.394947
708, -0.379692
708.5, -0.312571
709, -0.355285
709.5, -0.327826
710, -0.370539
710.5, -0.388845
711, -0.379692
711.5, -0.397998
712, -0.370539
712.5, -0.327826
713, -0.336979
713.5, -0.336979
714, -0.343081
714.5, -0.37359
715, -0.370539
715.5, -0.388845
716, -0.358336
716.5, -0.349183
717, -0.355285
717.5, -0.336979
718, -0.382743
718.5, -0.37359
719, -0.379692
719.5, -0.385794
720, -0.324775
720.5, -0.346132
721, -0.358336
721.5, -0.336979
722, -0.379692
722.5, -0.382743
723, -0.382743
723.5, -0.367488
724, -0.330877
724.5, -0.318673
725, -0.352234
725.5, -0.358336
726, -0.367488
726.5, -0.385794
727, -0.385794
727.5, -0.385794
728, -0.349183
728.5, -0.318673
729, -0.358336
729.5, -0.355285
730, -0.358336
730.5, -0.4041
731, -0.364437
731.5, -0.358336
732, -0.336979
732.5, -0.361386
733, -0.327826
733.5, -0.361386
734, -0.358336
734.5, -0.376641
735, -0.385794
735.5, -0.376641
736, -0.34003
736.5, -0.364437
737, -0.315622
737.5, -0.358336
738, -0.376641
738.5, -0.367488
739, -0.37359
739.5, -0.358336
740, -0.349183
740.5, -0.367488
741, -0.30952
741.5, -0.361386
742, -0.370539
742.5, -0.361386
743, -0.37359
743.5, -0.343081
744, -0.379692
744.5, -0.367488
745, -0.370539
745.5, -0.367488
746, -0.361386
746.5, -0.358336
747, -0.34003
747.5, -0.361386
748, -0.358336
748.5, -0.349183
749, -0.352234
749.5, -0.355285
750, -0.355285
750.5, -0.367488
751, -0.361386
751.5, -0.364437
752, -0.370539
752.5, -0.370539
753, -0.34003
753.5, -0.349183
754, -0.346132
754.5, -0.376641
755, -0.349183
755.5, -0.355285
756, -0.37359
756.5, -0.358336
757, -0.364437
757.5, -0.358336
758, -0.388845
758.5, -0.376641
759, -0.34003
759.5, -0.361386
760, -0.361386
760.5, -0.364437
761, -0.364437
761.5, -0.355285
762, -0.361386
762.5, -0.358336
763, -0.361386
763.5, -0.361386
764, -0.352234
764.5, -0.367488
765, -0.349183
765.5, -0.34003
766, -0.388845
766.5, -0.361386
767, -0.370539
767.5, -0.343081
768, -0.358336
768.5, -0.361386
769, -0.361386
769.5, -0.367488
770, -0.343081
770.5, -0.330877
771, -0.364437
771.5, -0.349183
772, -0.367488
772.5, -0.37359
773, -0.355285
773.5, -0.367488
774, -0.355285
774.5, -0.364437
775, -0.358336
775.5, -0.346132
776, -0.361386
776.5, -0.364437
777, -0.361386
777.5, -0.385794
778, -0.349183
778.5, -0.358336
779, -0.349183
779.5, -0.370539
780, -0.367488
780.5, -0.376641
781, -0.376641
781.5, -0.330877
782, -0.376641
782.5, -0.343081
783, -0.355285
783.5, -0.367488
784, -0.358336
784.5, -0.367488
785, -0.361386
785.5, -0.336979
786, -0.367488
786.5, -0.349183
787, -0.352234
787.5, -0.37359
788, -0.355285
788.5, -0.367488
789, -0.355285
789.5, -0.349183
790, -0.367488
790.5, -0.343081
791, -0.37359
791.5, -0.358336
792, -0.37359
792.5, -0.379692
793, -0.355285
793.5, -0.358336
794, -0.370539
794.5, -0.355285
795, -0.382743
795.5, -0.358336
796, -0.367488
796.5, -0.376641
797, -0.367488
797.5, -0.336979
798, -0.355285
798.5, -0.346132
799, -0.364437
799.5, -0.361386
800, -0.364437
800.5, -0.37359
801, -0.34003
801.5, -0.349183
802, -0.358336
802.5, -0.358336
803, -0.370539
803.5, -0.355285
804, -0.379692
804.5, -0.343081
805, -0.358336
805.5, -0.333928
806, -0.361386
806.5, -0.376641
807, -0.367488
807.5, -0.388845
808, -0.376641
808.5, -0.346132
809, -0.37359
809.5, -0.355285
810, -0.343081
810.5, -0.367488
811, -0.364437
811.5, -0.382743
812, -0.346132
812.5, -0.361386
813, -0.367488
813.5, -0.352234
814, -0.346132
814.5, -0.364437
815, -0.367488
815.5, -0.379692
816, -0.370539
816.5, -0.349183
817, -0.355285
817.5, -0.352234
818, -0.364437
818.5, -0.352234
819, -0.376641
819.5, -0.382743
820, -0.34003
820.5, -0.336979
821, -0.364437
821.5, -0.327826
822, -0.367488
822.5, -0.358336
823, -0.376641
823.5, -0.376641
824, -0.358336
824.5, -0.355285
825, -0.361386
825.5, -0.336979
826, -0.379692
826.5, -0.361386
827, -0.370539
827.5, -0.376641
828, -0.349183
828.5, -0.336979
829, -0.355285
829.5, -0.358336
830, -0.370539
830.5, -0.382743
831, -0.358336
831.5, -0.318673
832, -0.358336
832.5, -0.343081
833, -0.352234
833.5, -0.376641
834, -0.352234
834.5, -0.394947
835, -0.379692
835.5, -0.324775
836, -0.364437
836.5, -0.34003
837, -0.346132
837.5, -0.376641
838, -0.370539
838.5, -0.388845
839, -0.37359
839.5, -0.324775
840, -0.34003
840.5, -0.349183
841, -0.336979
841.5, -0.385794
842, -0.364437
842.5, -0.379692
843, -0.346132
843.5, -0.30952
844, -0.376641
844.5, -0.379692
845, -0.364437
845.5, -0.358336
846, -0.367488
846.5, -0.385794
847, -0.352234
847.5, -0.306469
848, -0.355285
848.5, -0.346132
849, -0.358336
849.5, -0.355285
850, -0.370539
850.5, -0.391896
851, -0.34003
851.5, -0.330877
852, -0.361386
852.5, -0.358336
853, -0.37359
853.5, -0.382743
854, -0.367488
854.5, -0.379692
855, -0.321724
855.5, -0.343081
856, -0.346132
856.5, -0.355285
857, -0.361386
857.5, -0.349183
858, -0.391896
858.5, -0.355285
859, -0.327826
859.5, -0.379692
860, -0.315622
860.5, -0.355285
861, -0.367488
861.5, -0.37359
862, -0.391896
862.5, -0.370539
863, -0.333928
863.5, -0.364437
864, -0.336979
864.5, -0.358336
865, -0.361386
865.5, -0.364437
866, -0.37359
866.5, -0.364437
867, -0.349183
867.5, -0.358336
868, -0.349183
868.5, -0.364437
869, -0.361386
869.5, -0.364437
870, -0.364437
870.5, -0.358336
871, -0.364437
871.5, -0.352234
872, -0.361386
872.5, -0.364437
873, -0.367488
873.5, -0.37359
874, -0.352234
874.5, -0.358336
875, -0.361386
875.5, -0.367488
876, -0.315622
876.5, -0.367488
877, -0.364437
877.5, -0.367488
878, -0.349183
878.5, -0.355285
879, -0.352234
879.5, -0.367488
880, -0.361386
880.5, -0.361386
881, -0.379692
881.5, -0.358336
882, -0.364437
882.5, -0.349183
883, -0.346132
883.5, -0.367488
884, -0.361386
884.5, -0.364437
885, -0.358336
885.5, -0.34003
886, -0.358336
886.5, -0.34003
887, -0.343081
887.5, -0.355285
888, -0.364437
888.5, -0.367488
889, -0.379692
889.5, -0.367488
890, -0.361386
890.5, -0.355285
891, -0.364437
891.5, -0.364437
892, -0.352234
892.5, -0.355285
893, -0.361386
893.5, -0.364437
894, -0.349183
894.5, -0.352234
895, -0.367488
895.5, -0.355285
896, -0.364437
896.5, -0.370539
897, -0.349183
897.5, -0.330877
898, -0.355285
898.5, -0.346132
899, -0.382743
899.5, -0.358336
900, -0.361386
900.5, -0.376641
901, -0.364437
901.5, -0.352234
902, -0.361386
902.5, -0.343081
903, -0.358336
903.5, -0.361386
904, -0.367488
904.5, -0.346132
905, -0.367488
905.5, -0.355285
906, -0.358336
906.5, -0.376641
907, -0.361386
907.5, -0.379692
908, -0.370539
908.5, -0.343081
909, -0.367488
909.5, -0.333928
910, -0.370539
910.5, -0.37359
911, -0.361386
911.5, -0.385794
912, -0.352234
912.5, -0.349183
913, -0.358336
913.5, -0.352234
914, -0.349183
914.5, -0.376641
915, -0.37359
915.5, -0.382743
916, -0.364437
916.5, -0.346132
917, -0.349183
917.5, -0.336979
918, -0.367488
918.5, -0.370539
919, -0.376641
919.5, -0.376641
920, -0.370539
920.5, -0.330877
921, -0.352234
921.5, -0.355285
922, -0.370539
922.5, -0.37359
923, -0.370539
923.5, -0.379692
924, -0.361386
924.5, -0.327826
925, -0.349183
925.5, -0.34003
926, -0.37359
926.5, -0.37359
927, -0.358336
927.5, -0.376641
928, -0.355285
928.5, -0.336979
929, -0.382743
929.5, -0.346132
930, -0.361386
930.5, -0.397998
931, -0.367488
931.5, -0.333928
932, -0.346132
932.5, -0.349183
933, -0.367488
933.5, -0.367488
934, -0.376641
934.5, -0.385794
935, -0.376641
935.5, -0.364437
936, -0.34003
936.5, -0.318673
937, -0.336979
937.5, -0.385794
938, -0.367488
938.5, -0.367488
939, -0.370539
939.5, -0.333928
940, -0.379692
940.5, -0.330877
941, -0.349183
941.5, -0.391896
942, -0.364437
942.5, -0.385794
943, -0.34003
943.5, -0.30952
944, -0.37359
944.5, -0.336979
945, -0.346132
945.5, -0.385794
946, -0.358336
946.5, -0.376641
947, -0.361386
947.5, -0.306469
948, -0.361386
948.5, -0.330877
949, -0.361386
949.5, -0.376641
950, -0.370539
950.5, -0.397998
951, -0.346132
951.5, -0.297316
952, -0.367488
952.5, -0.324775
953, -0.352234
953.5, -0.379692
954, -0.370539
954.5, -0.352234
955, -0.355285
955.5, -0.34003
956, -0.352234
956.5, -0.385794
957, -0.364437
957.5, -0.388845
958, -0.370539
958.5, -0.318673
959, -0.358336
959.5, -0.34003
960, -0.324775
960.5, -0.382743
961, -0.352234
961.5, -0.388845
962, -0.379692
962.5, -0.327826
963, -0.343081
963.5, -0.333928
964, -0.352234
964.5, -0.379692
965, -0.346132
965.5, -0.37359
966, -0.330877
966.5, -0.324775
967, -0.364437
967.5, -0.355285
968, -0.382743
968.5, -0.379692
969, -0.37359
969.5, -0.364437
970, -0.34003
970.5, -0.321724
971, -0.370539
971.5, -0.355285
972, -0.358336
972.5, -0.358336
973, -0.370539
973.5, -0.364437
974, -0.34003
974.5, -0.333928
975, -0.352234
975.5, -0.361386
976, -0.358336
976.5, -0.361386
977, -0.364437
977.5, -0.379692
978, -0.330877
978.5, -0.361386
979, -0.349183
979.5, -0.364437
980, -0.364437
980.5, -0.358336
981, -0.370539
981.5, -0.355285
982, -0.330877
982.5, -0.364437
983, -0.321724
983.5, -0.367488
984, -0.349183
984.5, -0.364437
985, -0.382743
985.5, -0.358336
986, -0.358336
986.5, -0.355285
987, -0.349183
987.5, -0.361386
988, -0.358336
988.5, -0.361386
989, -0.370539
989.5, -0.364437
990, -0.349183
990.5, -0.352234
991, -0.343081
991.5, -0.37359
992, -0.37359
992.5, -0.364437
993, -0.352234
993.5, -0.364437
994, -0.370539
994.5, -0.367488
995, -0.361386
995.5, -0.361386
996, -0.364437
996.5, -0.352234
997, -0.364437
997.5, -0.367488
998, -0.361386
998.5, -0.358336
999, -0.343081
999.5, -0.364437
1000, -0.376641
1000.5, -0.352234
1001, -0.37359
1001.5, -0.358336
1002, -0.364437
1002.5, -0.358336
1003, -0.346132
1003.5, -0.367488
1004, -0.358336
1004.5, -0.333928
1005, -0.364437
1005.5, -0.352234
1006, -0.367488
1006.5, -0.37359
1007, -0.358336
1007.5, -0.376641
1008, -0.364437
1008.5, -0.355285
1009, -0.349183
1009.5, -0.352234
1010, -0.364437
1010.5, -0.358336
1011, -0.367488
1011.5, -0.361386
1012, -0.364437
1012.5, -0.364437
1013, -0.349183
1013.5, -0.358336
1014, -0.367488
1014.5, -0.367488
1015, -0.367488
1015.5, -0.361386
1016, -0.358336
1016.5, -0.364437
1017, -0.349183
1017.5, -0.349183
1018, -0.361386
1018.5, -0.367488
1019, -0.379692
1019.5, -0.379692
1020, -0.367488
1020.5, -0.367488
1021, -0.346132
1021.5, -0.34003
1022, -0.355285
1022.5, -0.379692
1023, -0.358336
1023.5, -0.376641
1024, -0.370539
1024.5, -0.343081
1025, -0.361386
1025.5, -0.349183
1026, -0.361386
1026.5, -0.361386
1027, -0.367488
1027.5, -0.388845
1028, -0.367488
1028.5, -0.34003
1029, -0.361386
1029.5, -0.336979
1030, -0.361386
1030.5, -0.385794
1031, -0.358336
1031.5, -0.330877
1032, -0.364437
1032.5, -0.349183
1033, -0.367488
1033.5, -0.37359
1034, -0.367488
1034.5, -0.376641
1035, -0.352234
1035.5, -0.349183
1036, -0.358336
1036.5, -0.324775
1037, -0.364437
1037.5, -0.382743
1038, -0.352234
1038.5, -0.382743
1039, -0.370539
1039.5, -0.343081
1040, -0.333928
1040.5, -0.358336
1041, -0.358336
1041.5, -0.37359
1042, -0.37359
1042.5, -0.385794
1043, -0.370539
1043.5, -0.312571
1044, -0.327826
1044.5, -0.349183
1045, -0.358336
1045.5, -0.364437
1046, -0.355285
1046.5, -0.391896
1047, -0.355285
1047.5, -0.327826
1048, -0.37359
1048.5, -0.34003
1049, -0.346132
1049.5, -0.379692
1050, -0.364437
1050.5, -0.388845
1051, -0.333928
1051.5, -0.315622
1052, -0.361386
1052.5, -0.358336
1053, -0.376641
1053.5, -0.382743
1054, -0.355285
1054.5, -0.336979
1055, -0.367488
1055.5, -0.336979
1056, -0.361386
1056.5, -0.391896
1057, -0.364437
1057.5, -0.379692
1058, -0.388845
1058.5, -0.315622
1059, -0.361386
1059.5, -0.34003
1060, -0.333928
1060.5, -0.37359
1061, -0.361386
1061.5, -0.367488
1062, -0.382743
1062.5, -0.321724
1063, -0.333928
1063.5, -0.315622
1064, -0.346132
1064.5, -0.388845
1065, -0.346132
1065.5, -0.382743
1066, -0.37359
1066.5, -0.297316
1067, -0.364437
1067.5, -0.349183
1068, -0.330877
1068.5, -0.370539
1069, -0.358336
1069.5, -0.401049
1070, -0.355285
1070.5, -0.303418
1071, -0.364437
1071.5, -0.324775
1072, -0.361386
1072.5, -0.37359
1073, -0.370539
1073.5, -0.410202
1074, -0.333928
1074.5, -0.300367
1075, -0.34003
1075.5, -0.336979
1076, -0.355285
1076.5, -0.388845
1077, -0.364437
1077.5, -0.397998
1078, -0.364437
1078.5, -0.327826
1079, -0.361386
1079.5, -0.34003
1080, -0.361386
1080.5, -0.394947
1081, -0.361386
1081.5, -0.306469
1082, -0.352234
1082.5, -0.330877
1083, -0.34003
1083.5, -0.4041
1084, -0.352234
1084.5, -0.379692
1085, -0.382743
1085.5, -0.349183
1086, -0.343081
1086.5, -0.327826
1087, -0.330877
1087.5, -0.37359
1088, -0.355285
1088.5, -0.401049
1089, -0.367488
1089.5, -0.34003
1090, -0.358336
1090.5, -0.330877
1091, -0.355285
1091.5, -0.37359
1092, -0.37359
1092.5, -0.397998
1093, -0.324775
1093.5, -0.346132
1094, -0.367488
1094.5, -0.358336
1095, -0.370539
1095.5, -0.37359
1096, -0.376641
1096.5, -0.358336
1097, -0.349183
1097.5, -0.34003
1098, -0.364437
1098.5, -0.349183
1099, -0.352234
1099.5, -0.364437
1100, -0.370539
1100.5, -0.346132
1101, -0.361386
1101.5, -0.330877
1102, -0.388845
1102.5, -0.364437
1103, -0.370539
1103.5, -0.355285
1104, -0.361386
1104.5, -0.370539
1105, -0.324775
1105.5, -0.336979
1106, -0.379692
1106.5, -0.376641
1107, -0.358336
1107.5, -0.352234
1108, -0.37359
1108.5, -0.346132
1109, -0.343081
1109.5, -0.361386
1110, -0.336979
1110.5, -0.361386
1111, -0.361386
1111.5, -0.367488
1112, -0.370539
1112.5, -0.370539
1113, -0.364437
1113.5, -0.355285
1114, -0.349183
1114.5, -0.367488
1115, -0.379692
1115.5, -0.37359
1116, -0.385794
1116.5, -0.355285
1117, -0.370539
1117.5, -0.361386
1118, -0.349183
1118.5, -0.367488
1119, -0.358336
1119.5, -0.367488
1120, -0.364437
1120.5, -0.367488
1121, -0.370539
1121.5, -0.355285
1122, -0.355285
1122.5, -0.370539
1123, -0.370539
1123.5, -0.349183
1124, -0.370539
1124.5, -0.361386
1125, -0.367488
1125.5, -0.352234
1126, -0.355285
1126.5, -0.367488
1127, -0.364437
1127.5, -0.370539
1128, -0.367488
1128.5, -0.364437
1129, -0.382743
1129.5, -0.355285
1130, -0.358336
1130.5, -0.361386
1131, -0.352234
1131.5, -0.349183
1132, -0.355285
1132.5, -0.34003
1133, -0.349183
1133.5, -0.358336
1134, -0.352234
1134.5, -0.358336
1135, -0.358336
1135.5, -0.358336
1136, -0.355285
1136.5, -0.336979
1137, -0.352234
1137.5, -0.352234
1138, -0.364437
1138.5, -0.370539
1139, -0.367488
1139.5, -0.370539
1140, -0.343081
1140.5, -0.346132
1141, -0.34003
1141.5, -0.370539
1142, -0.352234
1142.5, -0.376641
1143, -0.361386
1143.5, -0.343081
1144, -0.367488
1144.5, -0.358336
1145, -0.355285
1145.5, -0.379692
1146, -0.361386
1146.5, -0.376641
1147, -0.355285
1147.5, -0.343081
1148, -0.364437
1148.5, -0.346132
1149, -0.361386
1149.5, -0.37359
1150, -0.346132
1150.5, -0.385794
1151, -0.361386
1151.5, -0.336979
1152, -0.364437
1152.5, -0.349183
1153, -0.379692
1153.5, -0.379692
1154, -0.367488
1154.5, -0.376641
1155, -0.346132
1155.5, -0.346132
1156, -0.358336
1156.5, -0.37359
1157, -0.355285
1157.5, -0.379692
1158, -0.376641
1158.5, -0.330877
1159, -0.349183
1159.5, -0.343081
1160, -0.358336
1160.5, -0.370539
1161, -0.349183
1161.5, -0.376641
1162, -0.385794
1162.5, -0.352234
1163, -0.367488
1163.5, -0.346132
1164, -0.361386
1164.5, -0.388845
1165, -0.352234
1165.5, -0.382743
1166, -0.376641
1166.5, -0.321724
1167, -0.358336
1167.5, -0.324775
1168, -0.352234
1168.5, -0.379692
1169, -0.379692
1169.5, -0.379692
1170, -0.367488
1170.5, -0.324775
1171, -0.358336
1171.5, -0.30952
1172, -0.364437
1172.5, -0.367488
1173, -0.361386
1173.5, -0.379692
1174, -0.358336
1174.5, -0.34003
1175, -0.349183
1175.5, -0.336979
1176, -0.355285
1176.5, -0.382743
1177, -0.355285
1177.5, -0.397998
1178, -0.343081
1178.5, -0.346132
1179, -0.330877
1179.5, -0.364437
1180, -0.352234
1180.5, -0.382743
1181, -0.355285
1181.5, -0.303418
1182, -0.367488
1182.5, -0.315622
1183, -0.355285
1183.5, -0.394947
1184, -0.355285
1184.5, -0.394947
1185, -0.364437
1185.5, -0.297316
1186, -0.358336
1186.5, -0.318673
1187, -0.336979
1187.5, -0.385794
1188, -0.349183
1188.5, -0.401049
1189, -0.376641
1189.5, -0.30952
1190, -0.370539
1190.5, -0.34003
1191, -0.367488
1191.5, -0.388845
1192, -0.361386
1192.5, -0.4041
1193, -0.343081
1193.5, -0.312571
1194, -0.349183
1194.5, -0.318673
1195, -0.343081
1195.5, -0.376641
1196, -0.361386
1196.5, -0.370539
1197, -0.352234
1197.5, -0.312571
1198, -0.358336
1198.5, -0.349183
1199, -0.364437
1199.5, -0.364437
1200, -0.37359
1200.5, -0.394947
1201, -0.367488
1201.5, -0.297316
1202, -0.349183
1202.5, -0.315622
1203, -0.343081
1203.5, -0.382743
1204, -0.361386
1204.5, -0.333928
1205, -0.343081
1205.5, -0.330877
1206, -0.37359
1206.5, -0.382743
1207, -0.355285
1207.5, -0.394947
1208, -0.379692
1208.5, -0.318673
1209, -0.349183
1209.5, -0.336979
1210, -0.352234
1210.5, -0.37359
1211, -0.349183
1211.5, -0.388845
1212, -0.367488
1212.5, -0.315622
1213, -0.349183
1213.5, -0.361386
1214, -0.358336
1214.5, -0.376641
1215, -0.358336
1215.5, -0.367488
1216, -0.346132
1216.5, -0.355285
1217, -0.352234
1217.5, -0.346132
1218, -0.346132
1218.5, -0.370539
1219, -0.37359
1219.5, -0.364437
1220, -0.346132
1220.5, -0.361386
1221, -0.361386
1221.5, -0.352234
1222, -0.330877
1222.5, -0.358336
1223, -0.370539
1223.5, -0.367488
1224, -0.364437
1224.5, -0.358336
1225, -0.37359
1225.5, -0.355285
1226, -0.343081
1226.5, -0.385794
1227, -0.361386
1227.5, -0.37359
1228, -0.382743
1228.5, -0.321724
1229, -0.382743
1229.5, -0.370539
1230, -0.358336
1230.5, -0.376641
1231, -0.352234
1231.5, -0.364437
1232, -0.358336
1232.5, -0.349183
1233, -0.352234
1233.5, -0.37359
1234, -0.361386
1234.5, -0.358336
1235, -0.382743
1235.5, -0.361386
1236, -0.34003
1236.5, -0.376641
1237, -0.358336
1237.5, -0.358336
1238, -0.361386
1238.5, -0.358336
1239, -0.367488
1239.5, -0.358336
1240, -0.355285
1240.5, -0.376641
1241, -0.361386
1241.5, -0.367488
1242, -0.367488
1242.5, -0.361386
1243, -0.364437
1243.5, -0.361386
1244, -0.352234
1244.5, -0.352234
1245, -0.352234
1245.5, -0.355285
1246, -0.364437
1246.5, -0.358336
1247, -0.352234
1247.5, -0.367488
1248, -0.346132
1248.5, -0.361386
1249, -0.346132
1249.5, -0.367488
1250, -0.343081
1250.5, -0.376641
1251, -0.352234
1251.5, -0.333928
1252, -0.358336
1252.5, -0.352234
1253, -0.355285
1253.5, -0.388845
1254, -0.355285
1254.5, -0.367488
1255, -0.355285
1255.5, -0.352234
1256, -0.352234
1256.5, -0.376641
1257, -0.37359
1257.5, -0.355285
1258, -0.358336
1258.5, -0.361386
1259, -0.364437
1259.5, -0.358336
1260, -0.333928
1260.5, -0.367488
1261, -0.364437
1261.5, -0.376641
1262, -0.355285
1262.5, -0.367488
1263, -0.358336
1263.5, -0.343081
1264, -0.343081
1264.5, -0.382743
1265, -0.358336
1265.5, -0.364437
1266, -0.361386
1266.5, -0.352234
1267, -0.355285
1267.5, -0.352234
1268, -0.361386
1268.5, -0.37359
1269, -0.352234
1269.5, -0.376641
1270, -0.352234
1270.5, -0.346132
1271, -0.361386
1271.5, -0.355285
1272, -0.367488
1272.5, -0.358336
1273, -0.349183
1273.5, -0.370539
1274, -0.364437
1274.5, -0.343081
1275, -0.361386
1275.5, -0.349183
1276, -0.352234
1276.5, -0.358336
1277, -0.370539
1277.5, -0.364437
1278, -0.37359
1278.5, -0.333928
1279, -0.343081
1279.5, -0.349183
1280, -0.370539
1280.5, -0.361386
1281, -0.361386
1281.5, -0.333928
1282, -0.367488
1282.5, -0.336979
1283, -0.346132
1283.5, -0.376641
1284, -0.358336
1284.5, -0.379692
1285, -0.364437
1285.5, -0.343081
1286, -0.367488
1286.5, -0.336979
1287, -0.355285
1287.5, -0.370539
1288, -0.364437
1288.5, -0.376641
1289, -0.367488
1289.5, -0.343081
1290, -0.358336
1290.5, -0.346132
1291, -0.358336
1291.5, -0.379692
1292, -0.346132
1292.5, -0.385794
1293, -0.343081
1293.5, -0.321724
1294, -0.355285
1294.5, -0.343081
1295, -0.352234
1295.5, -0.358336
1296, -0.358336
1296.5, -0.367488
1297, -0.349183
1297.5, -0.321724
1298, -0.346132
1298.5, -0.355285
1299, -0.352234
1299.5, -0.364437
1300, -0.355285
1300.5, -0.361386
1301, -0.358336
1301.5, -0.336979
1302, -0.355285
1302.5, -0.346132
1303, -0.346132
1303.5, -0.388845
1304, -0.352234
1304.5, -0.349183
1305, -0.349183
1305.5, -0.333928
1306, -0.370539
1306.5, -0.382743
1307, -0.361386
1307.5, -0.382743
1308, -0.361386
1308.5, -0.327826
1309, -0.37359
1309.5, -0.324775
1310, -0.358336
1310.5, -0.370539
1311, -0.34003
1311.5, -0.394947
1312, -0.370539
1312.5, -0.321724
1313, -0.355285
1313.5, -0.343081
1314, -0.349183
1314.5, -0.37359
1315, -0.370539
1315.5, -0.382743
1316, -0.333928
1316.5, -0.312571
1317, -0.349183
1317.5, -0.343081
1318, -0.352234
1318.5, -0.370539
1319, -0.37359
1319.5, -0.388845
1320, -0.361386
1320.5, -0.312571
1321, -0.343081
1321.5, -0.34003
1322, -0.352234
1322.5, -0.376641
1323, -0.361386
1323.5, -0.391896
1324, -0.370539
1324.5, -0.330877
1325, -0.352234
1325.5, -0.336979
1326, -0.333928
1326.5, -0.37359
1327, -0.352234
1327.5, -0.382743
1328, -0.352234
1328.5, -0.300367
1329, -0.361386
1329.5, -0.364437
1330, -0.343081
1330.5, -0.379692
1331, -0.370539
1331.5, -0.355285
1332, -0.346132
1332.5, -0.367488
1333, -0.333928
1333.5, -0.37359
1334, -0.355285
1334.5, -0.388845
1335, -0.37359
1335.5, -0.364437
1336, -0.358336
1336.5, -0.343081
1337, -0.333928
1337.5, -0.358336
1338, -0.364437
1338.5, -0.370539
1339, -0.376641
1339.5, -0.333928
1340, -0.349183
1340.5, -0.355285
1341, -0.343081
1341.5, -0.361386
1342, -0.361386
1342.5, -0.370539
1343, -0.352234
1343.5, -0.355285
1344, -0.352234
1344.5, -0.361386
1345, -0.343081
1345.5, -0.37359
1346, -0.361386
1346.5, -0.370539
1347, -0.37359
1347.5, -0.336979
1348, -0.370539
1348.5, -0.364437
1349, -0.346132
1349.5, -0.358336
1350, -0.352234
1350.5, -0.370539
1351, -0.355285
1351.5, -0.361386
1352, -0.376641
1352.5, -0.346132
1353, -0.343081
1353.5, -0.361386
1354, -0.367488
1354.5, -0.364437
1355, -0.346132
1355.5, -0.358336
1356, -0.37359
1356.5, -0.370539
1357, -0.355285
1357.5, -0.361386
1358, -0.370539
1358.5, -0.37359
1359, -0.367488
1359.5, -0.370539
1360, -0.361386
1360.5, -0.355285
1361, -0.355285
1361.5, -0.352234
1362, -0.370539
1362.5, -0.364437
1363, -0.370539
1363.5, -0.370539
1364, -0.361386
1364.5, -0.37359
1365, -0.358336
1365.5, -0.364437
1366, -0.370539
1366.5, -0.346132
1367, -0.370539
1367.5, -0.349183
1368, -0.343081
1368.5, -0.376641
1369, -0.364437
1369.5, -0.361386
1370, -0.355285
1370.5, -0.346132
1371, -0.358336
1371.5, -0.349183
1372, -0.364437
1372.5, -0.37359
1373, -0.376641
1373.5, -0.358336
1374, -0.355285
1374.5, -0.361386
1375, -0.370539
1375.5, -0.358336
1376, -0.358336
1376.5, -0.361386
1377, -0.361386
1377.5, -0.37359
1378, -0.361386
1378.5, -0.364437
1379, -0.349183
1379.5, -0.349183
1380, -0.358336
1380.5, -0.358336
1381, -0.367488
1381.5, -0.352234
1382, -0.358336
1382.5, -0.346132
1383, -0.367488
1383.5, -0.379692
1384, -0.364437
1384.5, -0.367488
1385, -0.358336
1385.5, -0.343081
1386, -0.364437
1386.5, -0.343081
1387, -0.355285
1387.5, -0.379692
1388, -0.346132
1388.5, -0.382743
1389, -0.352234
1389.5, -0.361386
1390, -0.358336
1390.5, -0.343081
1391, -0.355285
1391.5, -0.376641
1392, -0.367488
1392.5, -0.379692
1393, -0.352234
1393.5, -0.361386
1394, -0.364437
1394.5, -0.343081
1395, -0.364437
1395.5, -0.364437
1396, -0.364437
1396.5, -0.388845
1397, -0.364437
1397.5, -0.333928
1398, -0.352234
1398.5, -0.34003
1399, -0.370539
1399.5, -0.367488
1400, -0.376641
1400.5, -0.382743
1401, -0.370539
1401.5, -0.336979
1402, -0.349183
1402.5, -0.346132
1403, -0.370539
1403.5, -0.37359
1404, -0.370539
1404.5, -0.364437
1405, -0.358336
1405.5, -0.330877
1406, -0.355285
1406.5, -0.382743
1407, -0.361386
1407.5, -0.379692
1408, -0.361386
1408.5, -0.315622
1409, -0.364437
1409.5, -0.330877
1410, -0.355285
1410.5, -0.352234
1411, -0.361386
1411.5, -0.388845
1412, -0.364437
1412.5, -0.327826
1413, -0.355285
1413.5, -0.327826
1414, -0.364437
1414.5, -0.364437
1415, -0.358336
1415.5, -0.379692
1416, -0.343081
1416.5, -0.330877
1417, -0.352234
1417.5, -0.346132
1418, -0.37359
1418.5, -0.364437
1419, -0.361386
1419.5, -0.376641
1420, -0.370539
1420.5, -0.336979
1421, -0.361386
1421.5, -0.358336
1422, -0.352234
1422.5, -0.367488
1423, -0.376641
1423.5, -0.382743
1424, -0.37359
1424.5, -0.327826
1425, -0.355285
1425.5, -0.333928
1426, -0.349183
1426.5, -0.364437
1427, -0.346132
1427.5, -0.388845
1428, -0.364437
1428.5, -0.303418
1429, -0.361386
1429.5, -0.343081
1430, -0.370539
1430.5, -0.376641
1431, -0.364437
1431.5, -0.306469
1432, -0.346132
1432.5, -0.333928
1433, -0.37359
1433.5, -0.376641
1434, -0.367488
1434.5, -0.385794
1435, -0.379692
1435.5, -0.324775
1436, -0.358336
1436.5, -0.327826
1437, -0.352234
1437.5, -0.388845
1438, -0.361386
1438.5, -0.379692
1439, -0.367488
1439.5, -0.312571
1440, -0.346132
1440.5, -0.343081
1441, -0.355285
1441.5, -0.379692
1442, -0.364437
1442.5, -0.370539
1443, -0.370539
1443.5, -0.318673
1444, -0.349183
1444.5, -0.349183
1445, -0.352234
1445.5, -0.388845
1446, -0.367488
1446.5, -0.376641
1447, -0.346132
1447.5, -0.300367
1448, -0.355285
1448.5, -0.355285
1449, -0.364437
1449.5, -0.376641
1450, -0.361386
1450.5, -0.394947
1451, -0.352234
1451.5, -0.349183
1452, -0.364437
1452.5, -0.358336
1453, -0.361386
1453.5, -0.361386
1454, -0.349183
1454.5, -0.379692
1455, -0.343081
1455.5, -0.346132
1456, -0.355285
1456.5, -0.355285
1457, -0.349183
1457.5, -0.376641
1458, -0.37359
1458.5, -0.333928
1459, -0.352234
1459.5, -0.382743
1460, -0.327826
1460.5, -0.361386
1461, -0.376641
1461.5, -0.364437
1462, -0.379692
1462.5, -0.346132
1463, -0.346132
1463.5, -0.355285
1464, -0.327826
1464.5, -0.355285
1465, -0.358336
1465.5, -0.349183
1466, -0.37359
1466.5, -0.367488
1467, -0.361386
1467.5, -0.361386
1468, -0.327826
1468.5, -0.370539
1469, -0.352234
1469.5, -0.352234
1470, -0.34003
1470.5, -0.346132
1471, -0.385794
1471.5, -0.367488
1472, -0.349183
1472.5, -0.361386
1473, -0.358336
1473.5, -0.370539
1474, -0.358336
1474.5, -0.358336
1475, -0.376641
1475.5, -0.358336
1476, -0.352234
1476.5, -0.358336
1477, -0.361386
1477.5, -0.370539
1478, -0.358336
1478.5, -0.367488
1479, -0.370539
1479.5, -0.358336
1480, -0.349183
1480.5, -0.355285
1481, -0.37359
1481.5, -0.364437
1482, -0.358336
1482.5, -0.349183
1483, -0.349183
1483.5, -0.370539
1484, -0.34003
1484.5, -0.376641
1485, -0.355285
1485.5, -0.364437
1486, -0.355285
1486.5, -0.349183
1487, -0.355285
1487.5, -0.361386
1488, -0.355285
1488.5, -0.401049
1489, -0.34003
1489.5, -0.364437
1490, -0.361386
1490.5, -0.355285
1491, -0.361386
1491.5, -0.364437
1492, -0.352234
1492.5, -0.379692
1493, -0.355285
1493.5, -0.364437
1494, -0.352234
1494.5, -0.346132
1495, -0.361386
1495.5, -0.37359
1496, -0.358336
1496.5, -0.364437
1497, -0.355285
1497.5, -0.364437
1498, -0.349183
1498.5, -0.352234
1499, -0.355285
1499.5, -0.355285
1500, -0.358336
1500.5, -0.364437
1501, -0.355285
1501.5, -0.364437
1502, -0.349183
1502.5, -0.361386
1503, -0.364437
1503.5, -0.367488
1504, -0.352234
1504.5, -0.336979
1505, -0.361386
1505.5, -0.34003
1506, -0.364437
1506.5, -0.358336
1507, -0.361386
1507.5, -0.385794
1508, -0.352234
1508.5, -0.370539
1509, -0.364437
1509.5, -0.346132
1510, -0.349183
1510.5, -0.364437
1511, -0.361386
1511.5, -0.376641
1512, -0.364437
1512.5, -0.34003
1513, -0.352234
1513.5, -0.336979
1514, -0.364437
1514.5, -0.370539
1515, -0.361386
1515.5, -0.370539
1516, -0.37359
1516.5, -0.336979
1517, -0.349183
1517.5, -0.343081
1518, -0.364437
1518.5, -0.367488
1519, -0.364437
1519.5, -0.379692
1520, -0.367488
1520.5, -0.34003
1521, -0.37359
1521.5, -0.349183
1522, -0.352234
1522.5, -0.376641
1523, -0.367488
1523.5, -0.382743
1524, -0.343081
1524.5, -0.327826
1525, -0.358336
1525.5, -0.352234
1526, -0.355285
1526.5, -0.358336
1527, -0.352234
1527.5, -0.370539
1528, -0.352234
1528.5, -0.327826
1529, -0.349183
1529.5, -0.355285
1530, -0.361386
1530.5, -0.361386
1531, -0.379692
1531.5, -0.367488
1532, -0.370539
1532.5, -0.34003
1533, -0.370539
1533.5, -0.376641
1534, -0.349183
1534.5, -0.376641
1535, -0.361386
1535.5, -0.333928
1536, -0.352234
1536.5, -0.333928
1537, -0.352234
1537.5, -0.367488
1538, -0.361386
1538.5, -0.379692
1539, -0.364437
1539.5, -0.333928
1540, -0.358336
1540.5, -0.330877
1541, -0.349183
1541.5, -0.397998
1542, -0.355285
1542.5, -0.382743
1543, -0.355285
1543.5, -0.333928
1544, -0.358336
1544.5, -0.352234
1545, -0.352234
1545.5, -0.361386
1546, -0.367488
1546.5, -0.385794
1547, -0.361386
1547.5, -0.30952
1548, -0.367488
1548.5, -0.336979
1549, -0.336979
1549.5, -0.376641
1550, -0.352234
1550.5, -0.385794
1551, -0.352234
1551.5, -0.306469
1552, -0.361386
1552.5, -0.333928
1553, -0.352234
1553.5, -0.382743
1554, -0.352234
1554.5, -0.37359
1555, -0.34003
1555.5, -0.327826
1556, -0.361386
1556.5, -0.376641
1557, -0.367488
1557.5, -0.382743
1558, -0.385794
1558.5, -0.324775
1559, -0.34003
1559.5, -0.333928
1560, -0.324775
1560.5, -0.379692
1561, -0.355285
1561.5, -0.382743
1562, -0.364437
1562.5, -0.321724
1563, -0.352234
1563.5, -0.327826
1564, -0.336979
1564.5, -0.397998
1565, -0.364437
1565.5, -0.352234
1566, -0.382743
1566.5, -0.306469
1567, -0.358336
1567.5, -0.346132
1568, -0.346132
1568.5, -0.361386
1569, -0.370539
1569.5, -0.367488
1570, -0.367488
1570.5, -0.336979
1571, -0.364437
1571.5, -0.358336
1572, -0.361386
1572.5, -0.379692
1573, -0.343081
1573.5, -0.382743
1574, -0.343081
1574.5, -0.364437
1575, -0.376641
1575.5, -0.346132
1576, -0.352234
1576.5, -0.355285
1577, -0.361386
1577.5, -0.388845
1578, -0.34003
1578.5, -0.364437
1579, -0.352234
1579.5, -0.358336
1580, -0.349183
1580.5, -0.391896
1581, -0.361386
1581.5, -0.367488
1582, -0.352234
1582.5, -0.364437
1583, -0.346132
1583.5, -0.37359
1584, -0.361386
1584.5, -0.361386
1585, -0.370539
1585.5, -0.346132
1586, -0.355285
1586.5, -0.361386
1587, -0.352234
1587.5, -0.370539
1588, -0.355285
1588.5, -0.370539
1589, -0.379692
1589.5, -0.358336
1590, -0.361386
1590.5, -0.343081
1591, -0.355285
1591.5, -0.361386
1592, -0.358336
1592.5, -0.364437
1593, -0.361386
1593.5, -0.364437
1594, -0.361386
1594.5, -0.355285
1595, -0.349183
1595.5, -0.358336
1596, -0.361386
1596.5, -0.358336
1597, -0.358336
1597.5, -0.370539
1598, -0.358336
1598.5, -0.361386
1599, -0.349183
1599.5, -0.355285
1600, -0.382743
1600.5, -0.370539
1601, -0.379692
1601.5, -0.358336
1602, -0.370539
1602.5, -0.352234
1603, -0.361386
1603.5, -0.358336
1604, -0.352234
1604.5, -0.355285
1605, -0.358336
1605.5, -0.355285
1606, -0.370539
1606.5, -0.367488
1607, -0.364437
1607.5, -0.370539
1608, -0.361386
1608.5, -0.367488
1609, -0.364437
1609.5, -0.343081
1610, -0.355285
1610.5, -0.364437
1611, -0.352234
1611.5, -0.364437
1612, -0.379692
1612.5, -0.336979
1613, -0.358336
1613.5, -0.346132
1614, -0.361386
1614.5, -0.370539
1615, -0.349183
1615.5, -0.361386
1616, -0.352234
1616.5, -0.361386
1617, -0.346132
1617.5, -0.361386
1618, -0.37359
1618.5, -0.37359
1619, -0.367488
1619.5, -0.370539
1620, -0.361386
1620.5, -0.367488
1621, -0.349183
1621.5, -0.355285
1622, -0.364437
1622.5, -0.364437
1623, -0.364437
1623.5, -0.367488
1624, -0.370539
1624.5, -0.349183
1625, -0.358336
1625.5, -0.355285
1626, -0.355285
1626.5, -0.364437
1627, -0.367488
1627.5, -0.367488
1628, -0.37359
1628.5, -0.336979
1629, -0.361386
1629.5, -0.330877
1630, -0.361386
1630.5, -0.382743
1631, -0.355285
1631.5, -0.346132
1632, -0.364437
1632.5, -0.34003
1633, -0.361386
1633.5, -0.358336
1634, -0.367488
1634.5, -0.385794
1635, -0.367488
1635.5, -0.343081
1636, -0.358336
1636.5, -0.336979
1637, -0.367488
1637.5, -0.364437
1638, -0.367488
1638.5, -0.361386
1639, -0.367488
1639.5, -0.343081
1640, -0.349183
1640.5, -0.358336
1641, -0.352234
1641.5, -0.364437
1642, -0.37359
1642.5, -0.364437
1643, -0.358336
1643.5, -0.352234
1644, -0.367488
1644.5, -0.336979
1645, -0.355285
1645.5, -0.364437
1646, -0.349183
1646.5, -0.382743
1647, -0.376641
1647.5, -0.333928
1648, -0.364437
1648.5, -0.361386
1649, -0.343081
1649.5, -0.364437
1650, -0.349183
1650.5, -0.37359
1651, -0.355285
1651.5, -0.336979
1652, -0.358336
1652.5, -0.336979
1653, -0.355285
1653.5, -0.37359
1654, -0.364437
1654.5, -0.379692
1655, -0.34003
1655.5, -0.333928
1656, -0.355285
1656.5, -0.355285
1657, -0.364437
1657.5, -0.364437
1658, -0.361386
1658.5, -0.34003
1659, -0.358336
1659.5, -0.349183
1660, -0.352234
1660.5, -0.379692
1661, -0.34003
1661.5, -0.379692
1662, -0.370539
1662.5, -0.346132
1663, -0.358336
1663.5, -0.358336
1664, -0.355285
1664.5, -0.379692
1665, -0.34003
1665.5, -0.376641
1666, -0.379692
1666.5, -0.303418
1667, -0.355285
1667.5, -0.343081
1668, -0.364437
1668.5, -0.370539
1669, -0.349183
1669.5, -0.391896
1670, -0.355285
1670.5, -0.315622
1671, -0.358336
1671.5, -0.349183
1672, -0.367488
1672.5, -0.391896
1673, -0.352234
1673.5, -0.382743
1674, -0.352234
1674.5, -0.321724
1675, -0.361386
1675.5, -0.324775
1676, -0.361386
1676.5, -0.364437
1677, -0.364437
1677.5, -0.379692
1678, -0.343081
1678.5, -0.312571
1679, -0.364437
1679.5, -0.349183
1680, -0.379692
1680.5, -0.376641
1681, -0.37359
1681.5, -0.343081
1682, -0.349183
1682.5, -0.343081
1683, -0.343081
1683.5, -0.376641
1684, -0.364437
1684.5, -0.4041
1685, -0.37359
1685.5, -0.303418
1686, -0.358336
1686.5, -0.358336
1687, -0.34003
1687.5, -0.397998
1688, -0.346132
1688.5, -0.385794
1689, -0.358336
1689.5, -0.333928
1690, -0.349183
1690.5, -0.324775
1691, -0.367488
1691.5, -0.391896
1692, -0.355285
1692.5, -0.364437
1693, -0.376641
1693.5, -0.34003
1694, -0.361386
1694.5, -0.358336
1695, -0.358336
1695.5, -0.367488
1696, -0.361386
1696.5, -0.385794
1697, -0.34003
1697.5, -0.318673
1698, -0.355285
1698.5, -0.370539
1699, -0.349183
1699.5, -0.358336
1700, -0.376641
1700.5, -0.370539
1701, -0.355285
1701.5, -0.370539
1702, -0.367488
1702.5, -0.379692
1703, -0.358336
1703.5, -0.358336
1704, -0.367488
1704.5, -0.379692
1705, -0.343081
1705.5, -0.355285
1706, -0.364437
1706.5, -0.37359
1707, -0.349183
1707.5, -0.364437
1708, -0.37359
1708.5, -0.370539
1709, -0.364437
1709.5, -0.364437
1710, -0.349183
1710.5, -0.361386
1711, -0.364437
1711.5, -0.37359
1712, -0.367488
1712.5, -0.361386
1713, -0.355285
1713.5, -0.361386
1714, -0.355285
1714.5, -0.364437
1715, -0.358336
1715.5, -0.364437
1716, -0.388845
1716.5, -0.364437
1717, -0.370539
1717.5, -0.367488
1718, -0.349183
1718.5, -0.361386
1719, -0.370539
1719.5, -0.355285
1720, -0.361386
1720.5, -0.361386
1721, -0.370539
1721.5, -0.358336
1722, -0.349183
1722.5, -0.361386
1723, -0.361386
1723.5, -0.361386
1724, -0.367488
1724.5, -0.361386
1725, -0.358336
1725.5, -0.346132
1726, -0.349183
1726.5, -0.364437
1727, -0.370539
1727.5, -0.361386
1728, -0.37359
1728.5, -0.346132
1729, -0.361386
1729.5, -0.349183
1730, -0.358336
1730.5, -0.37359
1731, -0.364437
1731.5, -0.361386
1732, -0.37359
1732.5, -0.346132
1733, -0.37359
1733.5, -0.364437
1734, -0.358336
1734.5, -0.343081
1735, -0.358336
1735.5, -0.352234
1736, -0.349183
1736.5, -0.358336
1737, -0.364437
1737.5, -0.364437
1738, -0.358336
1738.5, -0.349183
1739, -0.355285
1739.5, -0.343081
1740, -0.330877
1740.5, -0.34003
1741, -0.37359
1741.5, -0.358336
1742, -0.361386
1742.5, -0.382743
1743, -0.370539
1743.5, -0.364437
1744, -0.358336
1744.5, -0.355285
1745, -0.349183
1745.5, -0.37359
1746, -0.352234
1746.5, -0.37359
1747, -0.370539
1747.5, -0.34003
1748, -0.370539
1748.5, -0.352234
1749, -0.361386
1749.5, -0.367488
1750, -0.358336
1750.5, -0.379692
1751, -0.352234
1751.5, -0.34003
1752, -0.352234
1752.5, -0.333928
1753, -0.349183
1753.5, -0.364437
1754, -0.355285
1754.5, -0.382743
1755, -0.37359
1755.5, -0.327826
1756, -0.352234
1756.5, -0.367488
1757, -0.379692
1757.5, -0.388845
1758, -0.37359
1758.5, -0.346132
1759, -0.370539
1759.5, -0.343081
1760, -0.352234
1760.5, -0.37359
1761, -0.364437
1761.5, -0.370539
1762, -0.37359
1762.5, -0.330877
1763, -0.364437
1763.5, -0.352234
1764, -0.355285
1764.5, -0.352234
1765, -0.355285
1765.5, -0.382743
1766, -0.37359
1766.5, -0.346132
1767, -0.349183
1767.5, -0.358336
1768, -0.352234
1768.5, -0.349183
1769, -0.376641
1769.5, -0.388845
1770, -0.361386
1770.5, -0.343081
1771, -0.370539
1771.5, -0.343081
1772, -0.361386
1772.5, -0.379692
1773, -0.376641
1773.5, -0.37359
1774, -0.37359
1774.5, -0.343081
1775, -0.364437
1775.5, -0.333928
1776, -0.370539
1776.5, -0.355285
1777, -0.358336
1777.5, -0.379692
1778, -0.343081
1778.5, -0.318673
1779, -0.349183
1779.5, -0.333928
1780, -0.361386
1780.5, -0.382743
1781, -0.361386
1781.5, -0.324775
1782, -0.355285
1782.5, -0.336979
1783, -0.364437
1783.5, -0.370539
1784, -0.370539
1784.5, -0.385794
1785, -0.358336
1785.5, -0.343081
1786, -0.361386
1786.5, -0.34003
1787, -0.352234
1787.5, -0.358336
1788, -0.367488
1788.5, -0.379692
1789, -0.361386
1789.5, -0.330877
1790, -0.346132
1790.5, -0.349183
1791, -0.352234
1791.5, -0.370539
1792, -0.336979
1792.5, -0.382743
1793, -0.34003
1793.5, -0.315622
1794, -0.355285
1794.5, -0.336979
1795, -0.364437
1795.5, -0.37359
1796, -0.37359
1796.5, -0.394947
1797, -0.361386
1797.5, -0.327826
1798, -0.352234
1798.5, -0.324775
1799, -0.361386
1799.5, -0.370539
1800, -0.370539
1800.5, -0.391896
1801, -0.333928
1801.5, -0.327826
1802, -0.349183
1802.5, -0.343081
1803, -0.358336
1803.5, -0.385794
1804, -0.358336
1804.5, -0.358336
1805, -0.343081
1805.5, -0.355285
1806, -0.364437
1806.5, -0.355285
1807, -0.349183
1807.5, -0.358336
1808, -0.361386
1808.5, -0.315622
1809, -0.352234
1809.5, -0.358336
1810, -0.34003
1810.5, -0.37359
1811, -0.361386
1811.5, -0.376641
1812, -0.379692
1812.5, -0.30952
1813, -0.364437
1813.5, -0.333928
1814, -0.343081
1814.5, -0.358336
1815, -0.349183
1815.5, -0.367488
1816, -0.370539
1816.5, -0.327826
1817, -0.352234
1817.5, -0.343081
1818, -0.355285
1818.5, -0.352234
1819, -0.37359
1819.5, -0.364437
1820, -0.361386
1820.5, -0.364437
1821, -0.364437
1821.5, -0.352234
1822, -0.349183
1822.5, -0.361386
1823, -0.367488
1823.5, -0.370539
1824, -0.349183
1824.5, -0.364437
1825, -0.364437
1825.5, -0.370539
1826, -0.352234
1826.5, -0.355285
1827, -0.343081
1827.5, -0.358336
1828, -0.361386
1828.5, -0.370539
1829, -0.361386
1829.5, -0.364437
1830, -0.367488
1830.5, -0.364437
1831, -0.349183
1831.5, -0.370539
1832, -0.352234
1832.5, -0.361386
1833, -0.364437
1833.5, -0.364437
1834, -0.352234
1834.5, -0.361386
1835, -0.370539
1835.5, -0.364437
1836, -0.391896
1836.5, -0.355285
1837, -0.346132
1837.5, -0.358336
1838, -0.361386
1838.5, -0.349183
1839, -0.370539
1839.5, -0.367488
1840, -0.361386
1840.5, -0.349183
1841, -0.349183
1841.5, -0.361386
1842, -0.361386
1842.5, -0.352234
1843, -0.364437
1843.5, -0.358336
1844, -0.361386
1844.5, -0.364437
1845, -0.355285
1845.5, -0.376641
1846, -0.355285
1846.5, -0.361386
1847, -0.358336
1847.5, -0.361386
1848, -0.367488
1848.5, -0.355285
1849, -0.355285
1849.5, -0.37359
1850, -0.355285
1850.5, -0.367488
1851, -0.355285
1851.5, -0.370539
1852, -0.37359
1852.5, -0.346132
1853, -0.367488
1853.5, -0.364437
1854, -0.352234
1854.5, -0.361386
1855, -0.349183
1855.5, -0.355285
1856, -0.358336
1856.5, -0.370539
1857, -0.376641
1857.5, -0.367488
1858, -0.370539
1858.5, -0.336979
1859, -0.358336
1859.5, -0.352234
1860, -0.358336
1860.5, -0.358336
1861, -0.367488
1861.5, -0.367488
1862, -0.361386
1862.5, -0.327826
1863, -0.361386
1863.5, -0.352234
1864, -0.355285
1864.5, -0.370539
1865, -0.367488
1865.5, -0.361386
1866, -0.370539
1866.5, -0.349183
1867, -0.37359
1867.5, -0.349183
1868, -0.352234
1868.5, -0.379692
1869, -0.367488
1869.5, -0.379692
1870, -0.370539
1870.5, -0.343081
1871, -0.358336
1871.5, -0.352234
1872, -0.37359
1872.5, -0.37359
1873, -0.361386
1873.5, -0.382743
1874, -0.349183
1874.5, -0.349183
1875, -0.367488
1875.5, -0.346132
1876, -0.37359
1876.5, -0.361386
1877, -0.358336
1877.5, -0.379692
1878, -0.349183
1878.5, -0.336979
1879, -0.349183
1879.5, -0.343081
1880, -0.361386
1880.5, -0.358336
1881, -0.355285
1881.5, -0.355285
1882, -0.361386
1882.5, -0.333928
1883, -0.346132
1883.5, -0.382743
1884, -0.346132
1884.5, -0.37359
1885, -0.367488
1885.5, -0.346132
1886, -0.370539
1886.5, -0.34003
1887, -0.352234
1887.5, -0.364437
1888, -0.346132
1888.5, -0.379692
1889, -0.37359
1889.5, -0.352234
1890, -0.367488
1890.5, -0.343081
1891, -0.355285
1891.5, -0.376641
1892, -0.352234
1892.5, -0.382743
1893, -0.349183
1893.5, -0.327826
1894, -0.352234
1894.5, -0.343081
1895, -0.358336
1895.5, -0.364437
1896, -0.379692
1896.5, -0.367488
1897, -0.352234
1897.5, -0.327826
1898, -0.364437
1898.5, -0.349183
1899, -0.370539
1899.5, -0.367488
1900, -0.370539
1900.5, -0.382743
1901, -0.349183
1901.5, -0.315622
1902, -0.361386
1902.5, -0.352234
1903, -0.361386
1903.5, -0.355285
1904, -0.376641
1904.5, -0.382743
1905, -0.34003
1905.5, -0.330877
1906, -0.343081
1906.5, -0.364437
1907, -0.358336
1907.5, -0.394947
1908, -0.379692
1908.5, -0.303418
1909, -0.361386
1909.5, -0.333928
1910, -0.367488
1910.5, -0.361386
1911, -0.346132
1911.5, -0.397998
1912, -0.379692
1912.5, -0.330877
1913, -0.367488
1913.5, -0.330877
1914, -0.352234
1914.5, -0.364437
1915, -0.361386
1915.5, -0.388845
1916, -0.349183
1916.5, -0.318673
1917, -0.336979
1917.5, -0.324775
1918, -0.352234
1918.5, -0.370539
1919, -0.361386
1919.5, -0.394947
1920, -0.355285
1920.5, -0.312571
1921, -0.364437
1921.5, -0.346132
1922, -0.364437
1922.5, -0.361386
1923, -0.364437
1923.5, -0.391896
1924, -0.352234
1924.5, -0.343081
1925, -0.349183
1925.5, -0.333928
1926, -0.349183
1926.5, -0.391896
1927, -0.355285
1927.5, -0.388845
1928, -0.358336
1928.5, -0.327826
1929, -0.361386
1929.5, -0.349183
1930, -0.358336
1930.5, -0.364437
1931, -0.352234
1931.5, -0.37359
1932, -0.37359
1932.5, -0.352234
1933, -0.333928
1933.5, -0.364437
1934, -0.343081
1934.5, -0.346132
1935, -0.367488
1935.5, -0.327826
1936, -0.349183
1936.5, -0.349183
1937, -0.343081
1937.5, -0.367488
1938, -0.358336
1938.5, -0.37359
1939, -0.367488
1939.5, -0.346132
1940, -0.346132
1940.5, -0.370539
1941, -0.361386
1941.5, -0.376641
1942, -0.370539
1942.5, -0.361386
1943, -0.388845
1943.5, -0.361386
1944, -0.364437
1944.5, -0.37359
1945, -0.333928
1945.5, -0.361386
1946, -0.358336
1946.5, -0.364437
1947, -0.370539
1947.5, -0.349183
1948, -0.370539
1948.5, -0.370539
1949, -0.34003
1949.5, -0.361386
1950, -0.358336
1950.5, -0.367488
1951, -0.361386
1951.5, -0.355285
1952, -0.370539
1952.5, -0.361386
1953, -0.355285
1953.5, -0.361386
1954, -0.355285
1954.5, -0.379692
1955, -0.352234
1955.5, -0.367488
1956, -0.37359
1956.5, -0.352234
1957, -0.37359
1957.5, -0.355285
1958, -0.367488
1958.5, -0.37359
1959, -0.352234
1959.5, -0.349183
1960, -0.364437
1960.5, -0.358336
1961, -0.37359
1961.5, -0.361386
1962, -0.361386
1962.5, -0.355285
1963, -0.346132
1963.5, -0.364437
1964, -0.346132
1964.5, -0.364437
1965, -0.352234
1965.5, -0.370539
1966, -0.376641
1966.5, -0.364437
1967, -0.361386
1967.5, -0.346132
1968, -0.358336
1968.5, -0.367488
1969, -0.361386
1969.5, -0.352234
1970, -0.355285
1970.5, -0.355285
1971, -0.364437
1971.5, -0.358336
1972, -0.355285
1972.5, -0.364437
1973, -0.367488
1973.5, -0.379692
1974, -0.364437
1974.5, -0.370539
1975, -0.364437
1975.5, -0.34003
1976, -0.355285
1976.5, -0.343081
1977, -0.358336
1977.5, -0.361386
1978, -0.355285
1978.5, -0.352234
1979, -0.352234
1979.5, -0.346132
1980, -0.37359
1980.5, -0.355285
1981, -0.358336
1981.5, -0.352234
1982, -0.358336
1982.5, -0.352234
1983, -0.364437
1983.5, -0.370539
1984, -0.367488
1984.5, -0.37359
1985, -0.370539
1985.5, -0.333928
1986, -0.367488
1986.5, -0.355285
1987, -0.355285
1987.5, -0.37359
1988, -0.361386
1988.5, -0.382743
1989, -0.364437
1989.5, -0.324775
1990, -0.367488
1990.5, -0.346132
1991, -0.364437
1991.5, -0.370539
1992, -0.352234
1992.5, -0.367488
1993, -0.34003
1993.5, -0.346132
1994, -0.367488
1994.5, -0.349183
1995, -0.358336
1995.5, -0.367488
1996, -0.370539
1996.5, -0.37359
1997, -0.349183
1997.5, -0.349183
1998, -0.346132
1998.5, -0.352234
1999, -0.358336
1999.5, -0.364437
2000, -0.349183
2000.5, -0.37359
2001, -0.379692
2001.5, -0.343081
2002, -0.355285
2002.5, -0.352234
2003, -0.364437
2003.5, -0.364437
2004, -0.370539
2004.5, -0.382743
2005, -0.346132
2005.5, -0.336979
2006, -0.382743
2006.5, -0.358336
2007, -0.346132
2007.5, -0.370539
2008, -0.355285
2008.5, -0.327826
2009, -0.364437
2009.5, -0.333928
2010, -0.367488
2010.5, -0.352234
2011, -0.364437
2011.5, -0.385794
2012, -0.355285
2012.5, -0.336979
2013, -0.358336
2013.5, -0.318673
2014, -0.358336
2014.5, -0.370539
2015, -0.352234
2015.5, -0.391896
2016, -0.364437
2016.5, -0.333928
2017, -0.364437
2017.5, -0.330877
2018, -0.355285
2018.5, -0.370539
2019, -0.367488
2019.5, -0.37359
2020, -0.364437
2020.5, -0.315622
2021, -0.355285
2021.5, -0.343081
2022, -0.346132
2022.5, -0.37359
2023, -0.364437
2023.5, -0.37359
2024, -0.349183
2024.5, -0.321724
2025, -0.367488
2025.5, -0.34003
2026, -0.349183
2026.5, -0.376641
2027, -0.364437
2027.5, -0.37359
2028, -0.364437
2028.5, -0.306469
2029, -0.367488
2029.5, -0.352234
2030, -0.361386
2030.5, -0.388845
2031, -0.370539
2031.5, -0.370539
2032, -0.361386
2032.5, -0.30952
2033, -0.361386
2033.5, -0.370539
2034, -0.370539
2034.5, -0.4041
2035, -0.37359
2035.5, -0.303418
2036, -0.361386
2036.5, -0.343081
2037, -0.358336
2037.5, -0.376641
2038, -0.367488
2038.5, -0.376641
2039, -0.370539
2039.5, -0.330877
2040, -0.364437
2040.5, -0.361386
2041, -0.343081
2041.5, -0.361386
2042, -0.361386
2042.5, -0.379692
2043, -0.370539
2043.5, -0.336979
2044, -0.349183
2044.5, -0.376641
2045, -0.358336
2045.5, -0.379692
2046, -0.364437
2046.5, -0.379692
2047, -0.346132
2047.5, -0.303418
2048, -0.358336
2048.5, -0.324775
2049, -0.358336
2049.5, -0.388845
2050, -0.370539
2050.5, -0.385794
2051, -0.349183
2051.5, -0.364437
2052, -0.355285
2052.5, -0.330877
2053, -0.346132
2053.5, -0.361386
2054, -0.346132
2054.5, -0.388845
2055, -0.352234
2055.5, -0.330877
2056, -0.370539
2056.5, -0.358336
2057, -0.352234
2057.5, -0.376641
2058, -0.361386
2058.5, -0.355285
2059, -0.349183
2059.5, -0.352234
2060, -0.352234
2060.5, -0.361386
2061, -0.370539
2061.5, -0.367488
2062, -0.379692
2062.5, -0.349183
2063, -0.352234
2063.5, -0.352234
2064, -0.336979
2064.5, -0.358336
2065, -0.376641
2065.5, -0.367488
2066, -0.385794
2066.5, -0.343081
2067, -0.370539
2067.5, -0.364437
2068, -0.343081
2068.5, -0.364437
2069, -0.352234
2069.5, -0.376641
2070, -0.370539
2070.5, -0.364437
2071, -0.364437
2071.5, -0.349183
2072, -0.349183
2072.5, -0.361386
2073, -0.367488
2073.5, -0.364437
2074, -0.364437
2074.5, -0.355285
2075, -0.37359
2075.5, -0.358336
2076, -0.352234
2076.5, -0.355285
2077, -0.358336
2077.5, -0.376641
2078, -0.355285
2078.5, -0.364437
2079, -0.370539
2079.5, -0.361386
2080, -0.364437
2080.5, -0.37359
2081, -0.361386
2081.5, -0.355285
2082, -0.358336
2082.5, -0.364437
2083, -0.346132
2083.5, -0.367488
2084, -0.361386
2084.5, -0.355285
2085, -0.364437
2085.5, -0.364437
2086, -0.361386
2086.5, -0.355285
2087, -0.358336
2087.5, -0.358336
2088, -0.358336
2088.5, -0.364437
2089, -0.361386
2089.5, -0.361386
2090, -0.364437
2090.5, -0.349183
2091, -0.361386
2091.5, -0.361386
2092, -0.352234
2092.5, -0.388845
2093, -0.364437
2093.5, -0.346132
2094, -0.361386
2094.5, -0.349183
2095, -0.385794
2095.5, -0.364437
2096, -0.358336
2096.5, -0.358336
2097, -0.355285
2097.5, -0.358336
2098, -0.361386
2098.5, -0.349183
2099, -0.370539
2099.5, -0.358336
2100, -0.349183
2100.5, -0.37359
2101, -0.361386
2101.5, -0.34003
2102, -0.367488
2102.5, -0.34003
2103, -0.364437
2103.5, -0.364437
2104, -0.37359
2104.5, -0.376641
2105, -0.355285
2105.5, -0.330877
2106, -0.358336
2106.5, -0.358336
2107, -0.358336
2107.5, -0.382743
2108, -0.370539
2108.5, -0.34003
2109, -0.370539
2109.5, -0.343081
2110, -0.364437
2110.5, -0.364437
2111, -0.364437
2111.5, -0.376641
2112, -0.349183
2112.5, -0.34003
2113, -0.349183
2113.5, -0.336979
2114, -0.364437
2114.5, -0.358336
2115, -0.358336
2115.5, -0.367488
2116, -0.367488
2116.5, -0.324775
2117, -0.355285
2117.5, -0.346132
2118, -0.343081
2118.5, -0.364437
2119, -0.37359
2119.5, -0.370539
2120, -0.367488
2120.5, -0.349183
2121, -0.361386
2121.5, -0.34003
2122, -0.367488
2122.5, -0.361386
2123, -0.367488
2123.5, -0.37359
2124, -0.391896
2124.5, -0.312571
2125, -0.358336
2125.5, -0.346132
2126, -0.364437
2126.5, -0.376641
2127, -0.358336
2127.5, -0.364437
2128, -0.355285
2128.5, -0.327826
2129, -0.349183
2129.5, -0.343081
2130, -0.364437
2130.5, -0.382743
2131, -0.364437
2131.5, -0.364437
2132, -0.346132
2132.5, -0.349183
2133, -0.379692
2133.5, -0.37359
2134, -0.367488
2134.5, -0.376641
2135, -0.358336
2135.5, -0.34003
2136, -0.343081
2136.5, -0.321724
2137, -0.343081
2137.5, -0.376641
2138, -0.355285
2138.5, -0.37359
2139, -0.37359
2139.5, -0.330877
2140, -0.352234
2140.5, -0.330877
2141, -0.358336
2141.5, -0.379692
2142, -0.361386
2142.5, -0.382743
2143, -0.37359
2143.5, -0.336979
2144, -0.364437
2144.5, -0.327826
2145, -0.346132
2145.5, -0.382743
2146, -0.367488
2146.5, -0.382743
2147, -0.361386
2147.5, -0.30952
2148, -0.364437
2148.5, -0.34003
2149, -0.358336
2149.5, -0.385794
2150, -0.358336
2150.5, -0.394947
2151, -0.382743
2151.5, -0.303418
2152, -0.370539
2152.5, -0.333928
2153, -0.370539
2153.5, -0.382743
2154, -0.358336
2154.5, -0.385794
2155, -0.34003
2155.5, -0.315622
2156, -0.37359
2156.5, -0.333928
2157, -0.364437
2157.5, -0.376641
2158, -0.364437
2158.5, -0.34003
2159, -0.343081
2159.5, -0.330877
2160, -0.336979
2160.5, -0.388845
2161, -0.361386
2161.5, -0.379692
2162, -0.379692
2162.5, -0.330877
2163, -0.358336
2163.5, -0.355285
2164, -0.34003
2164.5, -0.382743
2165, -0.364437
2165.5, -0.385794
2166, -0.376641
2166.5, -0.327826
2167, -0.361386
2167.5, -0.34003
2168, -0.336979
2168.5, -0.391896
2169, -0.349183
2169.5, -0.361386
2170, -0.385794
2170.5, -0.34003
2171, -0.376641
2171.5, -0.349183
2172, -0.355285
2172.5, -0.358336
2173, -0.358336
2173.5, -0.364437
2174, -0.34003
2174.5, -0.336979
2175, -0.376641
2175.5, -0.355285
2176, -0.361386
2176.5, -0.370539
2177, -0.352234
2177.5, -0.358336
2178, -0.358336
2178.5, -0.358336
2179, -0.355285
2179.5, -0.370539
2180, -0.346132
2180.5, -0.367488
2181, -0.37359
2181.5, -0.364437
2182, -0.361386
2182.5, -0.37359
2183, -0.367488
2183.5, -0.367488
2184, -0.346132
2184.5, -0.346132
2185, -0.352234
2185.5, -0.355285
2186, -0.364437
2186.5, -0.379692
2187, -0.37359
2187.5, -0.370539
2188, -0.330877
2188.5, -0.361386
2189, -0.343081
2189.5, -0.358336
2190, -0.370539
2190.5, -0.361386
2191, -0.336979
2191.5, -0.376641
2192, -0.355285
2192.5, -0.367488
2193, -0.352234
2193.5, -0.358336
2194, -0.370539
2194.5, -0.358336
2195, -0.34003
2195.5, -0.364437
2196, -0.361386
2196.5, -0.367488
2197, -0.364437
2197.5, -0.370539
2198, -0.355285
2198.5, -0.352234
2199, -0.355285
2199.5, -0.352234
2200, -0.364437
2200.5, -0.361386
2201, -0.361386
2201.5, -0.352234
2202, -0.364437
2202.5, -0.361386
2203, -0.367488
2203.5, -0.376641
2204, -0.364437
2204.5, -0.358336
2205, -0.364437
2205.5, -0.367488
2206, -0.370539
2206.5, -0.37359
2207, -0.367488
2207.5, -0.379692
2208, -0.370539
2208.5, -0.343081
2209, -0.364437
2209.5, -0.349183
2210, -0.355285
2210.5, -0.367488
2211, -0.364437
2211.5, -0.37359
2212, -0.37359
2212.5, -0.355285
2213, -0.367488
2213.5, -0.349183
2214, -0.376641
2214.5, -0.364437
2215, -0.364437
2215.5, -0.358336
2216, -0.355285
2216.5, -0.361386
2217, -0.361386
2217.5, -0.346132
2218, -0.364437
2218.5, -0.379692
2219, -0.358336
2219.5, -0.376641
2220, -0.370539
2220.5, -0.349183
2221, -0.352234
2221.5, -0.346132
2222, -0.367488
2222.5, -0.367488
2223, -0.367488
2223.5, -0.376641
2224, -0.361386
2224.5, -0.358336
2225, -0.37359
2225.5, -0.343081
2226, -0.367488
2226.5, -0.361386
2227, -0.361386
2227.5, -0.370539
2228, -0.376641
2228.5, -0.336979
2229, -0.355285
2229.5, -0.343081
2230, -0.361386
2230.5, -0.370539
2231, -0.367488
2231.5, -0.382743
2232, -0.37359
2232.5, -0.315622
2233, -0.37359
2233.5, -0.364437
2234, -0.361386
2234.5, -0.388845
2235, -0.355285
2235.5, -0.336979
2236, -0.364437
2236.5, -0.352234
2237, -0.37359
2237.5, -0.364437
2238, -0.358336
2238.5, -0.385794
2239, -0.37359
2239.5, -0.349183
2240, -0.352234
2240.5, -0.352234
2241, -0.355285
2241.5, -0.379692
2242, -0.379692
2242.5, -0.376641
2243, -0.364437
2243.5, -0.315622
2244, -0.34003
2244.5, -0.346132
2245, -0.361386
2245.5, -0.361386
2246, -0.361386
2246.5, -0.385794
2247, -0.343081
2247.5, -0.336979
2248, -0.349183
2248.5, -0.34003
2249, -0.352234
2249.5, -0.37359
2250, -0.364437
2250.5, -0.37359
2251, -0.367488
2251.5, -0.321724
2252, -0.330877
2252.5, -0.327826
2253, -0.352234
2253.5, -0.37359
2254, -0.355285
2254.5, -0.379692
2255, -0.352234
2255.5, -0.324775
2256, -0.37359
2256.5, -0.327826
2257, -0.355285
2257.5, -0.376641
2258, -0.364437
2258.5, -0.358336
2259, -0.34003
2259.5, -0.330877
2260, -0.361386
2260.5, -0.358336
2261, -0.364437
2261.5, -0.391896
2262, -0.355285
2262.5, -0.303418
2263, -0.358336
2263.5, -0.349183
2264, -0.355285
2264.5, -0.376641
2265, -0.358336
2265.5, -0.407151
2266, -0.376641
2266.5, -0.30952
2267, -0.349183
2267.5, -0.336979
2268, -0.361386
2268.5, -0.37359
2269, -0.355285
2269.5, -0.37359
2270, -0.367488
2270.5, -0.300367
2271, -0.370539
2271.5, -0.333928
2272, -0.364437
2272.5, -0.376641
2273, -0.346132
2273.5, -0.397998
2274, -0.367488
2274.5, -0.321724
2275, -0.352234
2275.5, -0.346132
2276, -0.361386
2276.5, -0.391896
2277, -0.349183
2277.5, -0.394947
2278, -0.364437
2278.5, -0.300367
2279, -0.358336
2279.5, -0.34003
2280, -0.352234
2280.5, -0.382743
2281, -0.358336
2281.5, -0.394947
2282, -0.349183
2282.5, -0.321724
2283, -0.352234
2283.5, -0.34003
2284, -0.327826
2284.5, -0.349183
2285, -0.367488
2285.5, -0.355285
2286, -0.364437
2286.5, -0.336979
2287, -0.346132
2287.5, -0.37359
2288, -0.355285
2288.5, -0.397998
2289, -0.376641
2289.5, -0.330877
2290, -0.370539
2290.5, -0.370539
2291, -0.330877
2291.5, -0.388845
2292, -0.346132
2292.5, -0.37359
2293, -0.37359
2293.5, -0.376641
2294, -0.361386
2294.5, -0.355285
2295, -0.336979
2295.5, -0.355285
2296, -0.358336
2296.5, -0.391896
2297, -0.361386
2297.5, -0.367488
2298, -0.355285
2298.5, -0.355285
2299, -0.364437
2299.5, -0.370539
2300, -0.364437
2300.5, -0.379692
2301, -0.346132
2301.5, -0.361386
2302, -0.361386
2302.5, -0.37359
2303, -0.343081
2303.5, -0.352234
2304, -0.376641
2304.5, -0.364437
2305, -0.352234
2305.5, -0.352234
2306, -0.355285
2306.5, -0.370539
2307, -0.358336
2307.5, -0.358336
2308, -0.364437
2308.5, -0.364437
2309, -0.364437
2309.5, -0.358336
2310, -0.364437
2310.5, -0.358336
2311, -0.343081
2311.5, -0.37359
2312, -0.361386
2312.5, -0.370539
2313, -0.361386
2313.5, -0.358336
2314, -0.355285
2314.5, -0.367488
2315, -0.355285
2315.5, -0.367488
2316, -0.361386
2316.5, -0.370539
2317, -0.346132
2317.5, -0.361386
2318, -0.355285
2318.5, -0.37359
2319, -0.361386
2319.5, -0.361386
2320, -0.367488
2320.5, -0.37359
2321, -0.358336
2321.5, -0.367488
2322, -0.34003
2322.5, -0.370539
2323, -0.379692
2323.5, -0.358336
2324, -0.364437
2324.5, -0.379692
2325, -0.358336
2325.5, -0.349183
2326, -0.352234
2326.5, -0.367488
2327, -0.358336
2327.5, -0.370539
2328, -0.37359
2328.5, -0.355285
2329, -0.358336
2329.5, -0.358336
2330, -0.346132
2330.5, -0.376641
2331, -0.370539
2331.5, -0.37359
2332, -0.367488
2332.5, -0.34003
2333, -0.361386
2333.5, -0.34003
2334, -0.367488
2334.5, -0.394947
2335, -0.361386
2335.5, -0.379692
2336, -0.367488
2336.5, -0.346132
2337, -0.361386
2337.5, -0.361386
2338, -0.358336
2338.5, -0.370539
2339, -0.358336
2339.5, -0.364437
2340, -0.361386
2340.5, -0.324775
2341, -0.352234
2341.5, -0.352234
2342, -0.364437
2342.5, -0.358336
2343, -0.367488
2343.5, -0.355285
2344, -0.361386
2344.5, -0.355285
2345, -0.364437
2345.5, -0.367488
2346, -0.367488
2346.5, -0.367488
2347, -0.37359
2347.5, -0.330877
2348, -0.367488
2348.5, -0.349183
2349, -0.364437
2349.5, -0.379692
2350, -0.358336
2350.5, -0.370539
2351, -0.361386
2351.5, -0.315622
2352, -0.352234
2352.5, -0.343081
2353, -0.361386
2353.5, -0.37359
2354, -0.34003
2354.5, -0.37359
2355, -0.358336
2355.5, -0.346132
2356, -0.361386
2356.5, -0.346132
2357, -0.358336
2357.5, -0.376641
2358, -0.361386
2358.5, -0.391896
2359, -0.358336
2359.5, -0.324775
2360, -0.364437
2360.5, -0.367488
2361, -0.364437
2361.5, -0.376641
2362, -0.370539
2362.5, -0.343081
2363, -0.367488
2363.5, -0.336979
2364, -0.349183
2364.5, -0.367488
2365, -0.355285
2365.5, -0.394947
2366, -0.370539
2366.5, -0.333928
2367, -0.361386
2367.5, -0.349183
2368, -0.358336
2368.5, -0.379692
2369, -0.336979
2369.5, -0.379692
2370, -0.364437
2370.5, -0.321724
2371, -0.37359
2371.5, -0.315622
2372, -0.346132
2372.5, -0.367488
2373, -0.364437
2373.5, -0.385794
2374, -0.379692
2374.5, -0.330877
2375, -0.370539
2375.5, -0.333928
2376, -0.361386
2376.5, -0.385794
2377, -0.367488
2377.5, -0.397998
2378, -0.370539
2378.5, -0.330877
2379, -0.364437
2379.5, -0.34003
2380, -0.349183
2380.5, -0.370539
2381, -0.358336
2381.5, -0.385794
2382, -0.355285
2382.5, -0.327826
2383, -0.361386
2383.5, -0.343081
2384, -0.358336
2384.5, -0.382743
2385, -0.367488
2385.5, -0.327826
2386, -0.367488
2386.5, -0.324775
2387, -0.367488
2387.5, -0.385794
2388, -0.349183
2388.5, -0.394947
2389, -0.37359
2389.5, -0.291214
2390, -0.370539
2390.5, -0.30952
2391, -0.349183
2391.5, -0.391896
2392, -0.367488
2392.5, -0.4041
2393, -0.379692
2393.5, -0.30952
2394, -0.367488
2394.5, -0.318673
2395, -0.349183
2395.5, -0.382743
2396, -0.361386
2396.5, -0.401049
2397, -0.361386
2397.5, -0.324775
2398, -0.370539
2398.5, -0.330877
2399, -0.346132
2399.5, -0.391896
2400, -0.361386
2400.5, -0.379692
2401, -0.364437
2401.5, -0.315622
2402, -0.358336
2402.5, -0.336979
2403, -0.346132
2403.5, -0.385794
2404, -0.361386
2404.5, -0.4041
2405, -0.361386
2405.5, -0.303418
2406, -0.370539
2406.5, -0.364437
2407, -0.327826
2407.5, -0.385794
2408, -0.355285
2408.5, -0.388845
2409, -0.361386
2409.5, -0.336979
2410, -0.370539
2410.5, -0.37359
2411, -0.346132
2411.5, -0.370539
2412, -0.355285
2412.5, -0.364437
2413, -0.370539
2413.5, -0.327826
2414, -0.355285
2414.5, -0.37359
2415, -0.358336
2415.5, -0.376641
2416, -0.358336
2416.5, -0.37359
2417, -0.37359
2417.5, -0.361386
2418, -0.349183
2418.5, -0.370539
2419, -0.346132
2419.5, -0.370539
2420, -0.364437
2420.5, -0.34003
2421, -0.370539
2421.5, -0.364437
2422, -0.330877
2422.5, -0.376641
2423, -0.358336
2423.5, -0.382743
2424, -0.361386
2424.5, -0.336979
2425, -0.367488
2425.5, -0.364437
2426, -0.349183
2426.5, -0.352234
2427, -0.349183
2427.5, -0.370539
2428, -0.367488
2428.5, -0.324775
2429, -0.370539
2429.5, -0.361386
2430, -0.358336
2430.5, -0.358336
2431, -0.355285
2431.5, -0.361386
2432, -0.352234
2432.5, -0.333928
2433, -0.370539
2433.5, -0.358336
2434, -0.355285
2434.5, -0.370539
2435, -0.37359
2435.5, -0.361386
2436, -0.358336
2436.5, -0.346132
2437, -0.361386
2437.5, -0.358336
2438, -0.364437
2438.5, -0.364437
2439, -0.352234
2439.5, -0.370539
2440, -0.355285
2440.5, -0.358336
2441, -0.355285
2441.5, -0.361386
2442, -0.364437
2442.5, -0.364437
2443, -0.352234
2443.5, -0.364437
2444, -0.37359
2444.5, -0.34003
2445, -0.361386
2445.5, -0.379692
2446, -0.367488
2446.5, -0.358336
2447, -0.382743
2447.5, -0.370539
2448, -0.361386
2448.5, -0.358336
2449, -0.355285
2449.5, -0.367488
2450, -0.349183
2450.5, -0.352234
2451, -0.364437
2451.5, -0.367488
2452, -0.361386
2452.5, -0.364437
2453, -0.355285
2453.5, -0.364437
2454, -0.352234
2454.5, -0.376641
2455, -0.364437
2455.5, -0.367488
2456, -0.364437
2456.5, -0.343081
2457, -0.364437
2457.5, -0.379692
2458, -0.355285
2458.5, -0.355285
2459, -0.361386
2459.5, -0.358336
2460, -0.364437
2460.5, -0.367488
2461, -0.352234
2461.5, -0.37359
2462, -0.367488
2462.5, -0.355285
2463, -0.358336
2463.5, -0.355285
2464, -0.358336
2464.5, -0.370539
2465, -0.358336
2465.5, -0.364437
2466, -0.361386
2466.5, -0.321724
2467, -0.361386
2467.5, -0.343081
2468, -0.355285
2468.5, -0.37359
2469, -0.349183
2469.5, -0.379692
2470, -0.376641
2470.5, -0.355285
2471, -0.364437
2471.5, -0.34003
2472, -0.352234
2472.5, -0.364437
2473, -0.355285
2473.5, -0.382743
2474, -0.361386
2474.5, -0.330877
2475, -0.358336
2475.5, -0.349183
2476, -0.364437
2476.5, -0.370539
2477, -0.355285
2477.5, -0.376641
2478, -0.364437
2478.5, -0.34003
2479, -0.37359
2479.5, -0.343081
2480, -0.343081
2480.5, -0.361386
2481, -0.361386
2481.5, -0.370539
2482, -0.352234
2482.5, -0.346132
2483, -0.364437
2483.5, -0.355285
2484, -0.364437
2484.5, -0.367488
2485, -0.361386
2485.5, -0.343081
2486, -0.361386
2486.5, -0.333928
2487, -0.346132
2487.5, -0.367488
2488, -0.352234
2488.5, -0.370539
2489, -0.352234
2489.5, -0.333928
2490, -0.382743
2490.5, -0.346132
2491, -0.361386
2491.5, -0.364437
2492, -0.346132
2492.5, -0.364437
2493, -0.355285
2493.5, -0.330877
2494, -0.376641
2494.5, -0.349183
2495, -0.358336
2495.5, -0.376641
2496, -0.364437
2496.5, -0.394947
2497, -0.367488
2497.5, -0.321724
2498, -0.361386
2498.5, -0.336979
2499, -0.343081
2499.5, -0.358336
2500, -0.364437
2500.5, -0.370539
2501, -0.358336
2501.5, -0.330877
2502, -0.352234
2502.5, -0.343081
2503, -0.355285
2503.5, -0.379692
2504, -0.352234
2504.5, -0.376641
2505, -0.349183
2505.5, -0.346132
2506, -0.364437
2506.5, -0.327826
2507, -0.346132
2507.5, -0.385794
2508, -0.361386
2508.5, -0.358336
2509, -0.361386
2509.5, -0.303418
2510, -0.361386
2510.5, -0.358336
2511, -0.352234
2511.5, -0.385794
2512, -0.358336
2512.5, -0.318673
2513, -0.358336
2513.5, -0.333928
2514, -0.358336
2514.5, -0.385794
2515, -0.367488
2515.5, -0.388845
2516, -0.358336
2516.5, -0.315622
2517, -0.364437
2517.5, -0.324775
2518, -0.333928
2518.5, -0.37359
2519, -0.352234
2519.5, -0.388845
2520, -0.361386
2520.5, -0.327826
2521, -0.37359
2521.5, -0.330877
2522, -0.343081
2522.5, -0.376641
2523, -0.358336
2523.5, -0.382743
2524, -0.367488
2524.5, -0.330877
2525, -0.364437
2525.5, -0.346132
2526, -0.349183
2526.5, -0.370539
2527, -0.346132
2527.5, -0.376641
2528, -0.367488
2528.5, -0.306469
2529, -0.379692
2529.5, -0.327826
2530, -0.333928
2530.5, -0.382743
2531, -0.343081
2531.5, -0.385794
2532, -0.370539
2532.5, -0.303418
2533, -0.364437
2533.5, -0.367488
2534, -0.346132
2534.5, -0.37359
2535, -0.355285
2535.5, -0.349183
2536, -0.370539
2536.5, -0.370539
2537, -0.358336
2537.5, -0.37359
2538, -0.361386
2538.5, -0.364437
2539, -0.361386
2539.5, -0.346132
2540, -0.376641
2540.5, -0.352234
2541, -0.346132
2541.5, -0.364437
2542, -0.352234
2542.5, -0.355285
2543, -0.367488
2543.5, -0.37359
2544, -0.379692
2544.5, -0.37359
2545, -0.358336
2545.5, -0.37359
2546, -0.370539
2546.5, -0.370539
2547, -0.367488
2547.5, -0.358336
2548, -0.382743
2548.5, -0.391896
2549, -0.364437
2549.5, -0.376641
2550, -0.358336
2550.5, -0.364437
2551, -0.352234
2551.5, -0.349183
2552, -0.382743
2552.5, -0.355285
2553, -0.364437
2553.5, -0.358336
2554, -0.346132
2554.5, -0.361386
2555, -0.361386
2555.5, -0.355285
2556, -0.370539
2556.5, -0.355285
2557, -0.367488
2557.5, -0.358336
2558, -0.352234
2558.5, -0.376641
2559, -0.361386
2559.5, -0.364437
2560, -0.355285
2560.5, -0.349183
2561, -0.376641
2561.5, -0.358336
2562, -0.367488
2562.5, -0.367488
2563, -0.355285
2563.5, -0.358336
2564, -0.361386
2564.5, -0.370539
2565, -0.364437
2565.5, -0.364437
2566, -0.370539
2566.5, -0.361386
2567, -0.364437
2567.5, -0.358336
2568, -0.355285
2568.5, -0.367488
2569, -0.349183
2569.5, -0.358336
2570, -0.355285
2570.5, -0.358336
2571, -0.358336
2571.5, -0.352234
2572, -0.343081
2572.5, -0.358336
2573, -0.364437
2573.5, -0.370539
2574, -0.358336
2574.5, -0.358336
2575, -0.361386
2575.5, -0.361386
2576, -0.364437
2576.5, -0.361386
2577, -0.358336
2577.5, -0.376641
2578, -0.355285
2578.5, -0.361386
2579, -0.364437
2579.5, -0.343081
2580, -0.370539
2580.5, -0.358336
2581, -0.370539
2581.5, -0.367488
2582, -0.361386
2582.5, -0.364437
2583, -0.352234
2583.5, -0.355285
2584, -0.37359
2584.5, -0.364437
2585, -0.367488
2585.5, -0.364437
2586, -0.355285
2586.5, -0.358336
2587, -0.367488
2587.5, -0.379692
2588, -0.349183
2588.5, -0.358336
2589, -0.355285
2589.5, -0.336979
2590, -0.370539
2590.5, -0.343081
2591, -0.358336
2591.5, -0.388845
2592, -0.364437
2592.5, -0.376641
2593, -0.364437
2593.5, -0.336979
2594, -0.358336
2594.5, -0.349183
2595, -0.361386
2595.5, -0.379692
2596, -0.358336
2596.5, -0.376641
2597, -0.352234
2597.5, -0.333928
2598, -0.355285
2598.5, -0.336979
2599, -0.352234
2599.5, -0.349183
2600, -0.364437
2600.5, -0.379692
2601, -0.346132
2601.5, -0.349183
2602, -0.364437
2602.5, -0.343081
2603, -0.358336
2603.5, -0.361386
2604, -0.367488
2604.5, -0.385794
2605, -0.364437
2605.5, -0.370539
2606, -0.361386
2606.5, -0.355285
2607, -0.358336
2607.5, -0.379692
2608, -0.358336
2608.5, -0.385794
2609, -0.370539
2609.5, -0.324775
2610, -0.358336
2610.5, -0.361386
2611, -0.358336
2611.5, -0.379692
2612, -0.361386
2612.5, -0.34003
2613, -0.364437
2613.5, -0.327826
2614, -0.367488
2614.5, -0.367488
2615, -0.358336
2615.5, -0.388845
2616, -0.352234
2616.5, -0.34003
2617, -0.364437
2617.5, -0.346132
2618, -0.352234
2618.5, -0.355285
2619, -0.364437
2619.5, -0.385794
2620, -0.367488
2620.5, -0.330877
2621, -0.367488
2621.5, -0.343081
2622, -0.358336
2622.5, -0.349183
2623, -0.367488
2623.5, -0.376641
2624, -0.358336
2624.5, -0.349183
2625, -0.358336
2625.5, -0.343081
2626, -0.352234
2626.5, -0.379692
2627, -0.352234
2627.5, -0.385794
2628, -0.367488
2628.5, -0.34003
2629, -0.37359
2629.5, -0.355285
2630, -0.355285
2630.5, -0.367488
2631, -0.349183
2631.5, -0.397998
2632, -0.364437
2632.5, -0.321724
2633, -0.370539
2633.5, -0.321724
2634, -0.343081
2634.5, -0.385794
2635, -0.352234
2635.5, -0.343081
2636, -0.376641
2636.5, -0.355285
2637, -0.367488
2637.5, -0.370539
2638, -0.367488
2638.5, -0.394947
2639, -0.370539
2639.5, -0.315622
2640, -0.376641
2640.5, -0.327826
2641, -0.367488
2641.5, -0.379692
2642, -0.352234
2642.5, -0.364437
2643, -0.370539
2643.5, -0.321724
2644, -0.358336
2644.5, -0.364437
2645, -0.34003
2645.5, -0.397998
2646, -0.349183
2646.5, -0.388845
2647, -0.37359
2647.5, -0.312571
2648, -0.376641
2648.5, -0.336979
2649, -0.327826
2649.5, -0.382743
2650, -0.355285
2650.5, -0.385794
2651, -0.367488
2651.5, -0.321724
2652, -0.379692
2652.5, -0.333928
2653, -0.352234
2653.5, -0.37359
2654, -0.343081
2654.5, -0.397998
2655, -0.370539
2655.5, -0.318673
2656, -0.37359
2656.5, -0.358336
2657, -0.349183
2657.5, -0.358336
2658, -0.346132
2658.5, -0.376641
2659, -0.364437
2659.5, -0.330877
2660, -0.364437
2660.5, -0.37359
2661, -0.352234
2661.5, -0.364437
2662, -0.352234
2662.5, -0.358336
2663, -0.37359
2663.5, -0.361386
2664, -0.34003
2664.5, -0.370539
2665, -0.364437
2665.5, -0.367488
2666, -0.364437
2666.5, -0.336979
2667, -0.361386
2667.5, -0.376641
2668, -0.34003
2668.5, -0.370539
2669, -0.352234
2669.5, -0.367488
2670, -0.37359
2670.5, -0.364437
2671, -0.355285
2671.5, -0.370539
2672, -0.364437
2672.5, -0.370539
2673, -0.355285
2673.5, -0.364437
2674, -0.352234
2674.5, -0.358336
2675, -0.37359
2675.5, -0.361386
2676, -0.352234
2676.5, -0.349183
2677, -0.355285
2677.5, -0.367488
2678, -0.358336
2678.5, -0.364437
2679, -0.358336
2679.5, -0.346132
2680, -0.358336
2680.5, -0.352234
2681, -0.355285
2681.5, -0.364437
2682, -0.346132
2682.5, -0.355285
2683, -0.355285
2683.5, -0.364437
2684, -0.355285
2684.5, -0.352234
2685, -0.37359
2685.5, -0.364437
2686, -0.370539
2686.5, -0.358336
2687, -0.364437
2687.5, -0.367488
2688, -0.349183
2688.5, -0.349183
2689, -0.367488
2689.5, -0.358336
2690, -0.37359
2690.5, -0.333928
2691, -0.352234
2691.5, -0.364437
2692, -0.352234
2692.5, -0.382743
2693, -0.361386
2693.5, -0.349183
2694, -0.364437
2694.5, -0.355285
2695, -0.367488
2695.5, -0.370539
2696, -0.370539
2696.5, -0.370539
2697, -0.352234
2697.5, -0.361386
2698, -0.352234
2698.5, -0.349183
2699, -0.364437
2699.5, -0.352234
2700, -0.37359
2700.5, -0.37359
2701, -0.370539
2701.5, -0.358336
2702, -0.349183
2702.5, -0.355285
2703, -0.367488
2703.5, -0.358336
2704, -0.358336
2704.5, -0.355285
2705, -0.37359
2705.5, -0.355285
2706, -0.364437
2706.5, -0.355285
2707, -0.358336
2707.5, -0.367488
2708, -0.358336
2708.5, -0.37359
2709, -0.355285
2709.5, -0.355285
2710, -0.364437
2710.5, -0.355285
2711, -0.358336
2711.5, -0.364437
2712, -0.361386
2712.5, -0.358336
2713, -0.37359
2713.5, -0.355285
2714, -0.367488
2714.5, -0.364437
2715, -0.364437
2715.5, -0.370539
2716, -0.349183
2716.5, -0.355285
2717, -0.358336
2717.5, -0.352234
2718, -0.361386
2718.5, -0.376641
2719, -0.367488
2719.5, -0.37359
2720, -0.367488
2720.5, -0.336979
2721, -0.352234
2721.5, -0.358336
2722, -0.352234
2722.5, -0.370539
2723, -0.37359
2723.5, -0.37359
2724, -0.349183
2724.5, -0.358336
2725, -0.352234
2725.5, -0.355285
2726, -0.355285
2726.5, -0.349183
2727, -0.364437
2727.5, -0.379692
2728, -0.355285
2728.5, -0.34003
2729, -0.349183
2729.5, -0.349183
2730, -0.34003
2730.5, -0.358336
2731, -0.358336
2731.5, -0.367488
2732, -0.370539
2732.5, -0.318673
2733, -0.376641
2733.5, -0.324775
2734, -0.333928
2734.5, -0.367488
2735, -0.349183
2735.5, -0.336979
2736, -0.352234
2736.5, -0.349183
2737, -0.367488
2737.5, -0.364437
2738, -0.361386
2738.5, -0.37359
2739, -0.349183
2739.5, -0.352234
2740, -0.349183
2740.5, -0.34003
2741, -0.361386
2741.5, -0.379692
2742, -0.364437
2742.5, -0.37359
2743, -0.367488
2743.5, -0.333928
2744, -0.352234
2744.5, -0.336979
2745, -0.349183
2745.5, -0.37359
2746, -0.352234
2746.5, -0.385794
2747, -0.370539
2747.5, -0.327826
2748, -0.358336
2748.5, -0.349183
2749, -0.352234
2749.5, -0.385794
2750, -0.343081
2750.5, -0.37359
2751, -0.367488
2751.5, -0.327826
2752, -0.37359
2752.5, -0.333928
2753, -0.355285
2753.5, -0.382743
2754, -0.346132
2754.5, -0.382743
2755, -0.364437
2755.5, -0.333928
2756, -0.355285
2756.5, -0.333928
2757, -0.336979
2757.5, -0.397998
2758, -0.358336
2758.5, -0.401049
2759, -0.349183
2759.5, -0.343081
2760, -0.358336
2760.5, -0.355285
2761, -0.361386
2761.5, -0.401049
2762, -0.346132
2762.5, -0.321724
2763, -0.376641
2763.5, -0.333928
2764, -0.336979
2764.5, -0.364437
2765, -0.358336
2765.5, -0.401049
2766, -0.364437
2766.5, -0.318673
2767, -0.37359
2767.5, -0.336979
2768, -0.346132
2768.5, -0.376641
2769, -0.349183
2769.5, -0.376641
2770, -0.364437
2770.5, -0.315622
2771, -0.379692
2771.5, -0.364437
2772, -0.349183
2772.5, -0.361386
2773, -0.343081
2773.5, -0.376641
2774, -0.37359
2774.5, -0.346132
2775, -0.370539
2775.5, -0.34003
2776, -0.327826
2776.5, -0.358336
2777, -0.352234
2777.5, -0.367488
2778, -0.364437
2778.5, -0.318673
2779, -0.376641
2779.5, -0.349183
2780, -0.355285
2780.5, -0.358336
2781, -0.330877
2781.5, -0.376641
2782, -0.346132
2782.5, -0.324775
2783, -0.37359
2783.5, -0.367488
2784, -0.358336
2784.5, -0.358336
2785, -0.364437
2785.5, -0.355285
2786, -0.370539
2786.5, -0.358336
2787, -0.37359
2787.5, -0.367488
2788, -0.352234
2788.5, -0.367488
2789, -0.364437
2789.5, -0.358336
2790, -0.364437
2790.5, -0.382743
2791, -0.355285
2791.5, -0.370539
2792, -0.349183
2792.5, -0.358336
2793, -0.367488
2793.5, -0.364437
2794, -0.361386
2794.5, -0.364437
2795, -0.37359
2795.5, -0.355285
2796, -0.346132
2796.5, -0.358336
2797, -0.355285
2797.5, -0.358336
2798, -0.361386
2798.5, -0.330877
2799, -0.352234
2799.5, -0.361386
2800, -0.361386
2800.5, -0.364437
2801, -0.358336
2801.5, -0.358336
2802, -0.346132
2802.5, -0.364437
2803, -0.370539
2803.5, -0.364437
2804, -0.37359
2804.5, -0.361386
2805, -0.346132
2805.5, -0.364437
2806, -0.355285
2806.5, -0.358336
2807, -0.352234
2807.5, -0.358336
2808, -0.37359
2808.5, -0.364437
2809, -0.370539
2809.5, -0.355285
2810, -0.358336
2810.5, -0.367488
2811, -0.355285
2811.5, -0.364437
2812, -0.352234
2812.5, -0.364437
2813, -0.358336
2813.5, -0.346132
2814, -0.382743
2814.5, -0.370539
2815, -0.343081
2815.5, -0.361386
2816, -0.358336
2816.5, -0.379692
2817, -0.364437
2817.5, -0.346132
2818, -0.370539
2818.5, -0.37359
2819, -0.352234
2819.5, -0.358336
2820, -0.358336
2820.5, -0.364437
2821, -0.349183
2821.5, -0.355285
2822, -0.367488
2822.5, -0.358336
2823, -0.364437
2823.5, -0.355285
2824, -0.370539
2824.5, -0.327826
2825, -0.355285
2825.5, -0.352234
2826, -0.37359
2826.5, -0.376641
2827, -0.361386
2827.5, -0.364437
2828, -0.376641
2828.5, -0.312571
2829, -0.361386
2829.5, -0.349183
2830, -0.370539
2830.5, -0.364437
2831, -0.361386
2831.5, -0.379692
2832, -0.367488
2832.5, -0.343081
2833, -0.355285
2833.5, -0.34003
2834, -0.364437
2834.5, -0.364437
2835, -0.361386
2835.5, -0.346132
2836, -0.355285
2836.5, -0.346132
2837, -0.364437
2837.5, -0.352234
2838, -0.358336
2838.5, -0.382743
2839, -0.370539
2839.5, -0.333928
2840, -0.361386
2840.5, -0.355285
2841, -0.364437
2841.5, -0.370539
2842, -0.352234
2842.5, -0.379692
2843, -0.358336
2843.5, -0.330877
2844, -0.367488
2844.5, -0.349183
2845, -0.355285
2845.5, -0.376641
2846, -0.355285
2846.5, -0.361386
2847, -0.376641
2847.5, -0.324775
2848, -0.358336
2848.5, -0.364437
2849, -0.346132
2849.5, -0.361386
2850, -0.361386
2850.5, -0.391896
2851, -0.355285
2851.5, -0.318673
2852, -0.361386
2852.5, -0.327826
2853, -0.346132
2853.5, -0.370539
2854, -0.349183
2854.5, -0.382743
2855, -0.349183
2855.5, -0.315622
2856, -0.370539
2856.5, -0.34003
2857, -0.355285
2857.5, -0.37359
2858, -0.352234
2858.5, -0.388845
2859, -0.367488
2859.5, -0.349183
2860, -0.379692
2860.5, -0.364437
2861, -0.355285
2861.5, -0.370539
2862, -0.364437
2862.5, -0.306469
2863, -0.355285
2863.5, -0.352234
2864, -0.352234
2864.5, -0.382743
2865, -0.352234
2865.5, -0.385794
2866, -0.355285
2866.5, -0.312571
2867, -0.376641
2867.5, -0.336979
2868, -0.349183
2868.5, -0.376641
2869, -0.358336
2869.5, -0.376641
2870, -0.361386
2870.5, -0.324775
2871, -0.367488
2871.5, -0.333928
2872, -0.352234
2872.5, -0.379692
2873, -0.330877
2873.5, -0.388845
2874, -0.349183
2874.5, -0.312571
2875, -0.376641
2875.5, -0.346132
2876, -0.355285
2876.5, -0.379692
2877, -0.343081
2877.5, -0.385794
2878, -0.364437
2878.5, -0.30952
2879, -0.361386
2879.5, -0.312571
2880, -0.355285
2880.5, -0.376641
2881, -0.349183
2881.5, -0.391896
2882, -0.358336
2882.5, -0.312571
2883, -0.358336
2883.5, -0.336979
2884, -0.343081
2884.5, -0.379692
2885, -0.346132
2885.5, -0.312571
2886, -0.370539
2886.5, -0.361386
2887, -0.367488
2887.5, -0.382743
2888, -0.336979
2888.5, -0.37359
2889, -0.367488
2889.5, -0.318673
2890, -0.364437
2890.5, -0.333928
2891, -0.343081
2891.5, -0.37359
2892, -0.327826
2892.5, -0.361386
2893, -0.370539
2893.5, -0.336979
2894, -0.370539
2894.5, -0.346132
2895, -0.333928
2895.5, -0.382743
2896, -0.34003
2896.5, -0.37359
2897, -0.364437
2897.5, -0.321724
2898, -0.367488
2898.5, -0.361386
2899, -0.349183
2899.5, -0.370539
2900, -0.364437
2900.5, -0.364437
2901, -0.364437
2901.5, -0.355285
2902, -0.367488
2902.5, -0.358336
2903, -0.349183
2903.5, -0.355285
2904, -0.358336
2904.5, -0.361386
2905, -0.352234
2905.5, -0.346132
2906, -0.367488
2906.5, -0.382743
2907, -0.352234
2907.5, -0.364437
2908, -0.346132
2908.5, -0.364437
2909, -0.370539
2909.5, -0.367488
2910, -0.370539
2910.5, -0.370539
2911, -0.355285
2911.5, -0.355285
2912, -0.346132
2912.5, -0.358336
2913, -0.355285
2913.5, -0.370539
2914, -0.355285
2914.5, -0.37359
2915, -0.355285
2915.5, -0.361386
2916, -0.358336
2916.5, -0.370539
2917, -0.346132
2917.5, -0.364437
2918, -0.361386
2918.5, -0.361386
2919, -0.367488
2919.5, -0.364437
2920, -0.352234
2920.5, -0.367488
2921, -0.352234
2921.5, -0.352234
2922, -0.364437
2922.5, -0.367488
2923, -0.364437
2923.5, -0.361386
2924, -0.355285
2924.5, -0.349183
2925, -0.352234
2925.5, -0.352234
2926, -0.355285
2926.5, -0.370539
2927, -0.37359
2927.5, -0.358336
2928, -0.367488
2928.5, -0.355285
2929, -0.346132
2929.5, -0.358336
2930, -0.364437
2930.5, -0.376641
2931, -0.358336
2931.5, -0.367488
2932, -0.364437
2932.5, -0.352234
2933, -0.367488
2933.5, -0.370539
2934, -0.358336
2934.5, -0.367488
2935, -0.358336
2935.5, -0.358336
2936, -0.349183
2936.5, -0.352234
2937, -0.361386
2937.5, -0.358336
2938, -0.346132
2938.5, -0.37359
2939, -0.367488
2939.5, -0.37359
2940, -0.358336
2940.5, -0.358336
2941, -0.361386
2941.5, -0.367488
2942, -0.358336
2942.5, -0.361386
2943, -0.367488
2943.5, -0.34003
2944, -0.355285
2944.5, -0.34003
2945, -0.352234
2945.5, -0.37359
2946, -0.352234
2946.5, -0.367488
2947, -0.364437
2947.5, -0.336979
2948, -0.355285
2948.5, -0.355285
2949, -0.361386
2949.5, -0.370539
2950, -0.355285
2950.5, -0.385794
2951, -0.364437
2951.5, -0.336979
2952, -0.367488
2952.5, -0.349183
2953, -0.364437
2953.5, -0.376641
2954, -0.349183
2954.5, -0.37359
2955, -0.352234
2955.5, -0.34003
2956, -0.370539
2956.5, -0.34003
2957, -0.361386
2957.5, -0.376641
2958, -0.355285
2958.5, -0.397998
2959, -0.336979
2959.5, -0.336979
2960, -0.361386
2960.5, -0.346132
2961, -0.367488
2961.5, -0.370539
2962, -0.364437
2962.5, -0.343081
2963, -0.370539
2963.5, -0.336979
2964, -0.364437
2964.5, -0.376641
2965, -0.361386
2965.5, -0.358336
2966, -0.367488
2966.5, -0.343081
2967, -0.370539
2967.5, -0.364437
2968, -0.352234
2968.5, -0.361386
2969, -0.361386
2969.5, -0.376641
2970, -0.358336
2970.5, -0.343081
2971, -0.364437
2971.5, -0.34003
2972, -0.349183
2972.5, -0.370539
2973, -0.346132
2973.5, -0.367488
2974, -0.352234
2974.5, -0.346132
2975, -0.370539
2975.5, -0.355285
2976, -0.361386
2976.5, -0.376641
2977, -0.352234
2977.5, -0.37359
2978, -0.370539
2978.5, -0.324775
2979, -0.352234
2979.5, -0.321724
2980, -0.343081
2980.5, -0.352234
2981, -0.355285
2981.5, -0.388845
2982, -0.349183
2982.5, -0.358336
2983, -0.364437
2983.5, -0.34003
2984, -0.343081
2984.5, -0.364437
2985, -0.355285
2985.5, -0.349183
2986, -0.352234
2986.5, -0.327826
2987, -0.330877
2987.5, -0.388845
2988, -0.321724
2988.5, -0.379692
2989, -0.37359
2989.5, -0.327826
2990, -0.367488
2990.5, -0.321724
2991, -0.324775
2991.5, -0.376641
2992, -0.361386
2992.5, -0.385794
2993, -0.361386
2993.5, -0.336979
2994, -0.358336
2994.5, -0.327826
2995, -0.355285
2995.5, -0.382743
2996, -0.352234
2996.5, -0.397998
2997, -0.336979
2997.5, -0.349183
2998, -0.364437
2998.5, -0.34003
2999, -0.361386
2999.5, -0.364437
3000, -0.346132
3000.5, -0.394947
3001, -0.355285
3001.5, -0.333928
3002, -0.37359
3002.5, -0.361386
3003, -0.358336
3003.5, -0.370539
3004, -0.361386
3004.5, -0.394947
3005, -0.358336
3005.5, -0.333928
3006, -0.364437
3006.5, -0.352234
3007, -0.355285
3007.5, -0.376641
3008, -0.352234
3008.5, -0.391896
3009, -0.370539
3009.5, -0.361386
3010, -0.364437
3010.5, -0.361386
3011, -0.330877
3011.5, -0.376641
3012, -0.349183
3012.5, -0.358336
3013, -0.367488
3013.5, -0.343081
3014, -0.349183
3014.5, -0.37359
3015, -0.346132
3015.5, -0.361386
3016, -0.367488
3016.5, -0.336979
3017, -0.367488
3017.5, -0.361386
3018, -0.352234
3018.5, -0.376641
3019, -0.349183
3019.5, -0.364437
3020, -0.382743
3020.5, -0.376641
3021, -0.367488
3021.5, -0.352234
3022, -0.355285
3022.5, -0.370539
3023, -0.361386
3023.5, -0.358336
3024, -0.349183
3024.5, -0.367488
3025, -0.349183
3025.5, -0.382743
3026, -0.333928
3026.5, -0.376641
3027, -0.358336
3027.5, -0.37359
3028, -0.376641
3028.5, -0.355285
3029, -0.358336
3029.5, -0.367488
3030, -0.333928
3030.5, -0.367488
3031, -0.364437
3031.5, -0.355285
3032, -0.352234
3032.5, -0.352234
3033, -0.376641
3033.5, -0.370539
3034, -0.355285
3034.5, -0.364437
3035, -0.364437
3035.5, -0.376641
3036, -0.355285
3036.5, -0.343081
3037, -0.382743
3037.5, -0.346132
3038, -0.361386
3038.5, -0.361386
3039, -0.361386
3039.5, -0.370539
3040, -0.355285
3040.5, -0.364437
3041, -0.343081
3041.5, -0.358336
3042, -0.361386
3042.5, -0.352234
3043, -0.355285
3043.5, -0.364437
3044, -0.355285
3044.5, -0.37359
3045, -0.355285
3045.5, -0.364437
3046, -0.364437
3046.5, -0.346132
3047, -0.37359
3047.5, -0.361386
3048, -0.361386
3048.5, -0.358336
3049, -0.358336
3049.5, -0.367488
3050, -0.355285
3050.5, -0.358336
3051, -0.361386
3051.5, -0.358336
3052, -0.370539
3052.5, -0.343081
3053, -0.352234
3053.5, -0.370539
3054, -0.34003
3054.5, -0.382743
3055, -0.349183
3055.5, -0.349183
3056, -0.367488
3056.5, -0.346132
3057, -0.355285
3057.5, -0.349183
3058, -0.352234
3058.5, -0.358336
3059, -0.355285
3059.5, -0.361386
3060, -0.361386
3060.5, -0.370539
3061, -0.349183
3061.5, -0.352234
3062, -0.355285
3062.5, -0.361386
3063, -0.352234
3063.5, -0.34003
3064, -0.358336
3064.5, -0.370539
3065, -0.367488
3065.5, -0.358336
3066, -0.367488
3066.5, -0.343081
3067, -0.352234
3067.5, -0.349183
3068, -0.352234
3068.5, -0.379692
3069, -0.358336
3069.5, -0.376641
3070, -0.361386
3070.5, -0.336979
3071, -0.355285
3071.5, -0.361386
3072, -0.355285
3072.5, -0.37359
3073, -0.361386
3073.5, -0.382743
3074, -0.355285
3074.5, -0.346132
3075, -0.361386
3075.5, -0.361386
3076, -0.349183
3076.5, -0.370539
3077, -0.352234
3077.5, -0.364437
3078, -0.370539
3078.5, -0.34003
3079, -0.361386
3079.5, -0.336979
3080, -0.361386
3080.5, -0.370539
3081, -0.358336
3081.5, -0.379692
3082, -0.376641
3082.5, -0.343081
3083, -0.355285
3083.5, -0.358336
3084, -0.349183
3084.5, -0.37359
3085, -0.355285
3085.5, -0.343081
3086, -0.361386
3086.5, -0.358336
3087, -0.349183
3087.5, -0.388845
3088, -0.349183
3088.5, -0.379692
3089, -0.358336
3089.5, -0.34003
3090, -0.364437
3090.5, -0.324775
3091, -0.361386
3091.5, -0.367488
3092, -0.358336
3092.5, -0.370539
3093, -0.361386
3093.5, -0.34003
3094, -0.352234
3094.5, -0.34003
3095, -0.370539
3095.5, -0.385794
3096, -0.346132
3096.5, -0.376641
3097, -0.355285
3097.5, -0.324775
3098, -0.364437
3098.5, -0.343081
3099, -0.34003
3099.5, -0.370539
3100, -0.361386
3100.5, -0.379692
3101, -0.343081
3101.5, -0.318673
3102, -0.355285
3102.5, -0.358336
3103, -0.358336
3103.5, -0.379692
3104, -0.37359
3104.5, -0.4041
3105, -0.358336
3105.5, -0.343081
3106, -0.355285
3106.5, -0.358336
3107, -0.343081
3107.5, -0.367488
3108, -0.352234
3108.5, -0.382743
3109, -0.358336
3109.5, -0.34003
3110, -0.370539
3110.5, -0.37359
3111, -0.355285
3111.5, -0.391896
3112, -0.349183
3112.5, -0.312571
3113, -0.367488
3113.5, -0.349183
3114, -0.34003
3114.5, -0.370539
3115, -0.330877
3115.5, -0.394947
3116, -0.349183
3116.5, -0.333928
3117, -0.370539
3117.5, -0.327826
3118, -0.358336
3118.5, -0.382743
3119, -0.355285
3119.5, -0.388845
3120, -0.358336
3120.5, -0.352234
3121, -0.358336
3121.5, -0.346132
3122, -0.355285
3122.5, -0.376641
3123, -0.361386
3123.5, -0.391896
3124, -0.358336
3124.5, -0.34003
3125, -0.364437
3125.5, -0.34003
3126, -0.34003
3126.5, -0.355285
3127, -0.349183
3127.5, -0.37359
3128, -0.367488
3128.5, -0.303418
3129, -0.364437
3129.5, -0.358336
3130, -0.330877
3130.5, -0.388845
3131, -0.343081
3131.5, -0.361386
3132, -0.37359
3132.5, -0.330877
3133, -0.361386
3133.5, -0.349183
3134, -0.349183
3134.5, -0.367488
3135, -0.349183
3135.5, -0.361386
3136, -0.364437
3136.5, -0.34003
3137, -0.370539
3137.5, -0.376641
3138, -0.349183
3138.5, -0.37359
3139, -0.355285
3139.5, -0.343081
3140, -0.37359
3140.5, -0.361386
3141, -0.336979
3141.5, -0.370539
3142, -0.361386
3142.5, -0.352234
3143, -0.355285
3143.5, -0.333928
3144, -0.358336
3144.5, -0.370539
3145, -0.358336
3145.5, -0.364437
3146, -0.370539
3146.5, -0.361386
3147, -0.364437
3147.5, -0.349183
3148, -0.343081
3148.5, -0.361386
3149, -0.343081
3149.5, -0.370539
3150, -0.358336
3150.5, -0.352234
3151, -0.361386
3151.5, -0.358336
3152, -0.355285
3152.5, -0.367488
3153, -0.355285
3153.5, -0.355285
3154, -0.34003
3154.5, -0.355285
3155, -0.352234
3155.5, -0.358336
3156, -0.367488
3156.5, -0.346132
3157, -0.355285
3157.5, -0.370539
3158, -0.361386
3158.5, -0.370539
3159, -0.352234
3159.5, -0.352234
3160, -0.367488
3160.5, -0.370539
3161, -0.364437
3161.5, -0.361386
3162, -0.361386
3162.5, -0.361386
3163, -0.349183
3163.5, -0.361386
3164, -0.355285
3164.5, -0.361386
3165, -0.358336
3165.5, -0.358336
3166, -0.355285
3166.5, -0.355285
3167, -0.352234
3167.5, -0.343081
3168, -0.346132
3168.5, -0.370539
3169, -0.355285
3169.5, -0.358336
3170, -0.361386
3170.5, -0.358336
3171, -0.358336
3171.5, -0.343081
3172, -0.358336
3172.5, -0.379692
3173, -0.355285
3173.5, -0.367488
3174, -0.352234
3174.5, -0.352234
3175, -0.355285
3175.5, -0.349183
3176, -0.358336
3176.5, -0.364437
3177, -0.358336
3177.5, -0.382743
3178, -0.361386
3178.5, -0.343081
3179, -0.364437
3179.5, -0.346132
3180, -0.361386
3180.5, -0.364437
3181, -0.355285
3181.5, -0.382743
3182, -0.364437
3182.5, -0.330877
3183, -0.352234
3183.5, -0.34003
3184, -0.361386
3184.5, -0.355285
3185, -0.349183
3185.5, -0.352234
3186, -0.352234
3186.5, -0.349183
3187, -0.358336
3187.5, -0.367488
3188, -0.358336
3188.5, -0.379692
3189, -0.361386
3189.5, -0.346132
3190, -0.367488
3190.5, -0.330877
3191, -0.349183
3191.5, -0.367488
3192, -0.352234
3192.5, -0.37359
3193, -0.364437
3193.5, -0.349183
3194, -0.352234
3194.5, -0.34003
3195, -0.361386
3195.5, -0.367488
3196, -0.355285
3196.5, -0.376641
3197, -0.355285
3197.5, -0.343081
3198, -0.37359
3198.5, -0.336979
3199, -0.364437
3199.5, -0.37359
3200, -0.358336
3200.5, -0.382743
3201, -0.361386
3201.5, -0.330877
3202, -0.355285
3202.5, -0.34003
3203, -0.355285
3203.5, -0.367488
3204, -0.364437
3204.5, -0.382743
3205, -0.37359
3205.5, -0.336979
3206, -0.364437
3206.5, -0.352234
3207, -0.352234
3207.5, -0.370539
3208, -0.355285
3208.5, -0.385794
3209, -0.364437
3209.5, -0.318673
3210, -0.364437
3210.5, -0.37359
3211, -0.336979
3211.5, -0.388845
3212, -0.364437
3212.5, -0.330877
3213, -0.376641
3213.5, -0.34003
3214, -0.343081
3214.5, -0.367488
3215, -0.343081
3215.5, -0.367488
3216, -0.358336
3216.5, -0.336979
3217, -0.358336
3217.5, -0.346132
3218, -0.355285
3218.5, -0.388845
3219, -0.352234
3219.5, -0.37359
3220, -0.370539
3220.5, -0.321724
3221, -0.37359
3221.5, -0.343081
3222, -0.333928
3222.5, -0.367488
3223, -0.346132
3223.5, -0.391896
3224, -0.361386
3224.5, -0.318673
3225, -0.364437
3225.5, -0.346132
3226, -0.349183
3226.5, -0.391896
3227, -0.370539
3227.5, -0.379692
3228, -0.352234
3228.5, -0.303418
3229, -0.367488
3229.5, -0.34003
3230, -0.349183
3230.5, -0.376641
3231, -0.352234
3231.5, -0.37359
3232, -0.364437
3232.5, -0.336979
3233, -0.358336
3233.5, -0.333928
3234, -0.343081
3234.5, -0.382743
3235, -0.336979
3235.5, -0.37359
3236, -0.361386
3236.5, -0.327826
3237, -0.370539
3237.5, -0.379692
3238, -0.349183
3238.5, -0.388845
3239, -0.349183
3239.5, -0.315622
3240, -0.370539
3240.5, -0.327826
3241, -0.34003
3241.5, -0.376641
3242, -0.352234
3242.5, -0.385794
3243, -0.370539
3243.5, -0.312571
3244, -0.361386
3244.5, -0.370539
3245, -0.34003
3245.5, -0.364437
3246, -0.352234
3246.5, -0.349183
3247, -0.37359
3247.5, -0.352234
3248, -0.361386
3248.5, -0.346132
3249, -0.327826
3249.5, -0.376641
3250, -0.346132
3250.5, -0.361386
3251, -0.358336
3251.5, -0.333928
3252, -0.37359
3252.5, -0.370539
3253, -0.343081
3253.5, -0.385794
3254, -0.346132
3254.5, -0.370539
3255, -0.361386
3255.5, -0.318673
3256, -0.382743
3256.5, -0.367488
3257, -0.346132
3257.5, -0.376641
3258, -0.343081
3258.5, -0.376641
3259, -0.352234
3259.5, -0.346132
3260, -0.376641
3260.5, -0.361386
3261, -0.349183
3261.5, -0.352234
3262, -0.358336
3262.5, -0.364437
3263, -0.352234
3263.5, -0.358336
3264, -0.34003
3264.5, -0.352234
3265, -0.349183
3265.5, -0.358336
3266, -0.370539
3266.5, -0.343081
3267, -0.349183
3267.5, -0.370539
3268, -0.355285
3268.5, -0.376641
3269, -0.355285
3269.5, -0.370539
3270, -0.361386
3270.5, -0.346132
3271, -0.343081
3271.5, -0.367488
3272, -0.355285
3272.5, -0.361386
3273, -0.349183
3273.5, -0.364437
3274, -0.358336
3274.5, -0.355285
3275, -0.358336
3275.5, -0.352234
3276, -0.355285
3276.5, -0.367488
3277, -0.361386
3277.5, -0.37359
3278, -0.355285
3278.5, -0.370539
3279, -0.376641
3279.5, -0.358336
3280, -0.361386
3280.5, -0.361386
3281, -0.358336
3281.5, -0.364437
3282, -0.358336
3282.5, -0.364437
3283, -0.355285
3283.5, -0.355285
3284, -0.355285
3284.5, -0.349183
3285, -0.367488
3285.5, -0.358336
3286, -0.355285
3286.5, -0.370539
3287, -0.358336
3287.5, -0.364437
3288, -0.358336
3288.5, -0.361386
3289, -0.358336
3289.5, -0.358336
3290, -0.367488
3290.5, -0.358336
3291, -0.358336
3291.5, -0.370539
3292, -0.352234
3292.5, -0.364437
3293, -0.343081
3293.5, -0.367488
3294, -0.370539
3294.5, -0.343081
3295, -0.370539
3295.5, -0.37359
3296, -0.370539
3296.5, -0.364437
3297, -0.361386
3297.5, -0.364437
3298, -0.361386
3298.5, -0.34003
3299, -0.358336
3299.5, -0.364437
3300, -0.352234
3300.5, -0.370539
3301, -0.367488
3301.5, -0.336979
3302, -0.34003
3302.5, -0.355285
3303, -0.364437
3303.5, -0.364437
3304, -0.364437
3304.5, -0.385794
3305, -0.34003
3305.5, -0.330877
3306, -0.352234
3306.5, -0.346132
3307, -0.361386
3307.5, -0.355285
3308, -0.358336
3308.5, -0.370539
3309, -0.367488
3309.5, -0.358336
3310, -0.358336
3310.5, -0.343081
3311, -0.358336
3311.5, -0.367488
3312, -0.358336
3312.5, -0.34003
3313, -0.358336
3313.5, -0.330877
3314, -0.352234
3314.5, -0.370539
3315, -0.34003
3315.5, -0.385794
3316, -0.355285
3316.5, -0.343081
3317, -0.370539
3317.5, -0.343081
3318, -0.352234
3318.5, -0.367488
3319, -0.355285
3319.5, -0.370539
3320, -0.352234
3320.5, -0.346132
3321, -0.349183
3321.5, -0.34003
3322, -0.367488
3322.5, -0.358336
3323, -0.355285
3323.5, -0.367488
3324, -0.355285
3324.5, -0.312571
3325, -0.352234
3325.5, -0.349183
3326, -0.352234
3326.5, -0.379692
3327, -0.343081
3327.5, -0.367488
3328, -0.364437
3328.5, -0.336979
3329, -0.370539
3329.5, -0.346132
3330, -0.346132
3330.5, -0.361386
3331, -0.349183
3331.5, -0.361386
3332, -0.358336
3332.5, -0.333928
3333, -0.364437
3333.5, -0.349183
3334, -0.367488
3334.5, -0.379692
3335, -0.349183
3335.5, -0.376641
3336, -0.364437
3336.5, -0.324775
3337, -0.364437
3337.5, -0.358336
3338, -0.343081
3338.5, -0.391896
3339, -0.358336
3339.5, -0.30952
3340, -0.358336
3340.5, -0.349183
3341, -0.352234
3341.5, -0.358336
3342, -0.361386
3342.5, -0.388845
3343, -0.364437
3343.5, -0.358336
3344, -0.355285
3344.5, -0.34003
3345, -0.361386
3345.5, -0.376641
3346, -0.361386
3346.5, -0.397998
3347, -0.355285
3347.5, -0.336979
3348, -0.358336
3348.5, -0.34003
3349, -0.333928
3349.5, -0.370539
3350, -0.336979
3350.5, -0.376641
3351, -0.367488
3351.5, -0.30952
3352, -0.367488
3352.5, -0.34003
3353, -0.343081
3353.5, -0.385794
3354, -0.343081
3354.5, -0.397998
3355, -0.364437
3355.5, -0.30952
3356, -0.370539
3356.5, -0.333928
3357, -0.34003
3357.5, -0.397998
3358, -0.349183
3358.5, -0.388845
3359, -0.367488
3359.5, -0.303418
3360, -0.379692
3360.5, -0.343081
3361, -0.349183
3361.5, -0.391896
3362, -0.352234
3362.5, -0.327826
3363, -0.376641
3363.5, -0.34003
3364, -0.343081
3364.5, -0.364437
3365, -0.346132
3365.5, -0.376641
3366, -0.364437
3366.5, -0.30952
3367, -0.37359
3367.5, -0.370539
3368, -0.34003
3368.5, -0.367488
3369, -0.349183
3369.5, -0.370539
3370, -0.37359
3370.5, -0.34003
3371, -0.37359
3371.5, -0.358336
3372, -0.343081
3372.5, -0.364437
3373, -0.34003
3373.5, -0.352234
3374, -0.367488
3374.5, -0.327826
3375, -0.361386
3375.5, -0.352234
3376, -0.330877
3376.5, -0.361386
3377, -0.358336
3377.5, -0.361386
3378, -0.367488
3378.5, -0.349183
3379, -0.367488
3379.5, -0.358336
3380, -0.358336
3380.5, -0.352234
3381, -0.349183
3381.5, -0.379692
3382, -0.355285
3382.5, -0.367488
3383, -0.364437
3383.5, -0.361386
3384, -0.336979
3384.5, -0.364437
3385, -0.358336
3385.5, -0.379692
3386, -0.358336
3386.5, -0.367488
3387, -0.355285
3387.5, -0.355285
3388, -0.352234
3388.5, -0.352234
3389, -0.370539
3389.5, -0.343081
3390, -0.370539
3390.5, -0.37359
3391, -0.355285
3391.5, -0.37359
3392, -0.355285
3392.5, -0.361386
3393, -0.352234
3393.5, -0.37359
3394, -0.355285
3394.5, -0.370539
3395, -0.355285
3395.5, -0.37359
3396, -0.34003
3396.5, -0.358336
3397, -0.358336
3397.5, -0.367488
3398, -0.355285
3398.5, -0.355285
3399, -0.358336
3399.5, -0.367488
3400, -0.355285
3400.5, -0.376641
3401, -0.349183
3401.5, -0.370539
3402, -0.349183
3402.5, -0.358336
3403, -0.358336
3403.5, -0.367488
3404, -0.364437
3404.5, -0.379692
3405, -0.361386
3405.5, -0.370539
3406, -0.349183
3406.5, -0.364437
3407, -0.364437
3407.5, -0.37359
3408, -0.358336
3408.5, -0.364437
3409, -0.343081
3409.5, -0.370539
3410, -0.364437
3410.5, -0.349183
3411, -0.355285
3411.5, -0.364437
3412, -0.358336
3412.5, -0.379692
3413, -0.358336
3413.5, -0.352234
3414, -0.367488
3414.5, -0.376641
3415, -0.352234
3415.5, -0.361386
3416, -0.358336
3416.5, -0.355285
3417, -0.352234
3417.5, -0.355285
3418, -0.358336
3418.5, -0.382743
3419, -0.358336
3419.5, -0.370539
3420, -0.361386
3420.5, -0.370539
3421, -0.349183
3421.5, -0.333928
3422, -0.367488
3422.5, -0.349183
3423, -0.361386
3423.5, -0.37359
3424, -0.367488
3424.5, -0.376641
3425, -0.352234
3425.5, -0.37359
3426, -0.355285
3426.5, -0.364437
3427, -0.336979
3427.5, -0.397998
3428, -0.349183
3428.5, -0.352234
3429, -0.361386
3429.5, -0.346132
3430, -0.361386
3430.5, -0.361386
3431, -0.355285
3431.5, -0.379692
3432, -0.37359
3432.5, -0.336979
3433, -0.355285
3433.5, -0.349183
3434, -0.34003
3434.5, -0.376641
3435, -0.349183
3435.5, -0.361386
3436, -0.361386
3436.5, -0.349183
3437, -0.37359
3437.5, -0.361386
3438, -0.355285
3438.5, -0.394947
3439, -0.361386
3439.5, -0.327826
3440, -0.349183
3440.5, -0.346132
3441, -0.349183
3441.5, -0.361386
3442, -0.349183
3442.5, -0.376641
3443, -0.370539
3443.5, -0.349183
3444, -0.361386
3444.5, -0.352234
3445, -0.349183
3445.5, -0.376641
3446, -0.37359
3446.5, -0.37359
3447, -0.364437
3447.5, -0.336979
3448, -0.367488
3448.5, -0.352234
3449, -0.352234
3449.5, -0.394947
3450, -0.37359
3450.5, -0.379692
3451, -0.367488
3451.5, -0.333928
3452, -0.376641
3452.5, -0.352234
3453, -0.343081
3453.5, -0.376641
3454, -0.352234
3454.5, -0.391896
3455, -0.364437
3455.5, -0.327826
3456, -0.37359
3456.5, -0.343081
3457, -0.358336
3457.5, -0.394947
3458, -0.358336
3458.5, -0.388845
3459, -0.358336
3459.5, -0.318673
3460, -0.37359
3460.5, -0.349183
3461, -0.361386
3461.5, -0.37359
3462, -0.349183
3462.5, -0.303418
3463, -0.355285
3463.5, -0.349183
3464, -0.367488
3464.5, -0.37359
3465, -0.358336
3465.5, -0.397998
3466, -0.361386
3466.5, -0.336979
3467, -0.364437
3467.5, -0.34003
3468, -0.370539
3468.5, -0.379692
3469, -0.352234
3469.5, -0.394947
3470, -0.37359
3470.5, -0.300367
3471, -0.37359
3471.5, -0.315622
3472, -0.352234
3472.5, -0.370539
3473, -0.355285
3473.5, -0.397998
3474, -0.361386
3474.5, -0.297316
3475, -0.385794
3475.5, -0.318673
3476, -0.343081
3476.5, -0.391896
3477, -0.346132
3477.5, -0.4041
3478, -0.358336
3478.5, -0.312571
3479, -0.370539
3479.5, -0.312571
3480, -0.343081
3480.5, -0.367488
3481, -0.346132
3481.5, -0.4041
3482, -0.352234
3482.5, -0.300367
3483, -0.367488
3483.5, -0.330877
3484, -0.333928
3484.5, -0.388845
3485, -0.352234
3485.5, -0.391896
3486, -0.361386
3486.5, -0.352234
3487, -0.361386
3487.5, -0.358336
3488, -0.352234
3488.5, -0.401049
3489, -0.37359
3489.5, -0.312571
3490, -0.382743
3490.5, -0.364437
3491, -0.343081
3491.5, -0.391896
3492, -0.346132
3492.5, -0.407151
3493, -0.364437
3493.5, -0.34003
3494, -0.364437
3494.5, -0.349183
3495, -0.336979
3495.5, -0.370539
3496, -0.346132
3496.5, -0.385794
3497, -0.367488
3497.5, -0.349183
3498, -0.361386
3498.5, -0.346132
3499, -0.352234
3499.5, -0.358336
3500, -0.367488
3500.5, -0.370539
3501, -0.364437
3501.5, -0.318673
3502, -0.361386
3502.5, -0.361386
3503, -0.346132
3503.5, -0.358336
3504, -0.364437
3504.5, -0.367488
3505, -0.364437
3505.5, -0.364437
3506, -0.352234
3506.5, -0.37359
3507, -0.34003
3507.5, -0.367488
3508, -0.355285
3508.5, -0.37359
3509, -0.364437
3509.5, -0.355285
3510, -0.367488
3510.5, -0.370539
3511, -0.355285
3511.5, -0.355285
3512, -0.364437
3512.5, -0.367488
3513, -0.37359
3513.5, -0.352234
3514, -0.349183
3514.5, -0.370539
3515, -0.352234
3515.5, -0.355285
3516, -0.358336
3516.5, -0.361386
3517, -0.358336
3517.5, -0.346132
3518, -0.358336
3518.5, -0.37359
3519, -0.367488
3519.5, -0.355285
3520, -0.361386
3520.5, -0.364437
3521, -0.367488
3521.5, -0.358336
3522, -0.355285
3522.5, -0.367488
3523, -0.358336
3523.5, -0.355285
3524, -0.355285
3524.5, -0.370539
3525, -0.352234
3525.5, -0.370539
3526, -0.367488
3526.5, -0.367488
3527, -0.364437
3527.5, -0.367488
3528, -0.361386
3528.5, -0.349183
3529, -0.364437
3529.5, -0.361386
3530, -0.358336
3530.5, -0.376641
3531, -0.346132
3531.5, -0.358336
3532, -0.355285
3532.5, -0.324775
3533, -0.370539
3533.5, -0.352234
3534, -0.361386
3534.5, -0.364437
3535, -0.346132
3535.5, -0.370539
3536, -0.361386
3536.5, -0.30952
3537, -0.364437
3537.5, -0.361386
3538, -0.361386
3538.5, -0.376641
3539, -0.355285
3539.5, -0.382743
3540, -0.367488
3540.5, -0.333928
3541, -0.355285
3541.5, -0.37359
3542, -0.37359
3542.5, -0.361386
3543, -0.352234
3543.5, -0.333928
3544, -0.349183
3544.5, -0.355285
3545, -0.367488
3545.5, -0.361386
3546, -0.364437
3546.5, -0.370539
3547, -0.370539
3547.5, -0.330877
3548, -0.346132
3548.5, -0.355285
3549, -0.355285
3549.5, -0.370539
3550, -0.349183
3550.5, -0.37359
3551, -0.367488
3551.5, -0.343081
3552, -0.367488
3552.5, -0.352234
3553, -0.367488
3553.5, -0.379692
3554, -0.346132
3554.5, -0.382743
3555, -0.370539
3555.5, -0.318673
3556, -0.388845
3556.5, -0.34003
3557, -0.367488
3557.5, -0.382743
3558, -0.352234
3558.5, -0.388845
3559, -0.364437
3559.5, -0.343081
3560, -0.376641
3560.5, -0.333928
3561, -0.346132
3561.5, -0.364437
3562, -0.349183
3562.5, -0.318673
3563, -0.37359
3563.5, -0.349183
3564, -0.34003
3564.5, -0.37359
3565, -0.367488
3565.5, -0.382743
3566, -0.379692
3566.5, -0.318673
3567, -0.361386
3567.5, -0.34003
3568, -0.333928
3568.5, -0.385794
3569, -0.358336
3569.5, -0.367488
3570, -0.367488
3570.5, -0.336979
3571, -0.358336
3571.5, -0.333928
3572, -0.358336
3572.5, -0.385794
3573, -0.349183
3573.5, -0.388845
3574, -0.361386
3574.5, -0.336979
3575, -0.367488
3575.5, -0.336979
3576, -0.361386
3576.5, -0.391896
3577, -0.352234
3577.5, -0.382743
3578, -0.349183
3578.5, -0.294265
3579, -0.364437
3579.5, -0.315622
3580, -0.364437
3580.5, -0.385794
3581, -0.367488
3581.5, -0.388845
3582, -0.352234
3582.5, -0.303418
3583, -0.355285
3583.5, -0.327826
3584, -0.361386
3584.5, -0.370539
3585, -0.352234
3585.5, -0.4041
3586, -0.349183
3586.5, -0.343081
3587, -0.364437
3587.5, -0.367488
3588, -0.367488
3588.5, -0.388845
3589, -0.370539
3589.5, -0.297316
3590, -0.361386
3590.5, -0.312571
3591, -0.361386
3591.5, -0.401049
3592, -0.352234
3592.5, -0.382743
3593, -0.364437
3593.5, -0.318673
3594, -0.370539
3594.5, -0.315622
3595, -0.352234
3595.5, -0.391896
3596, -0.346132
3596.5, -0.346132
3597, -0.352234
3597.5, -0.303418
3598, -0.364437
3598.5, -0.333928
3599, -0.367488
3599.5, -0.385794
3600, -0.346132
3600.5, -0.394947
3601, -0.358336
3601.5, -0.321724
3602, -0.382743
3602.5, -0.343081
3603, -0.352234
3603.5, -0.391896
3604, -0.355285
3604.5, -0.364437
3605, -0.379692
3605.5, -0.306469
3606, -0.355285
3606.5, -0.343081
3607, -0.346132
3607.5, -0.394947
3608, -0.352234
3608.5, -0.391896
3609, -0.370539
3609.5, -0.327826
3610, -0.361386
3610.5, -0.370539
3611, -0.330877
3611.5, -0.385794
3612, -0.355285
3612.5, -0.370539
3613, -0.382743
3613.5, -0.349183
3614, -0.346132
3614.5, -0.388845
3615, -0.349183
3615.5, -0.385794
3616, -0.370539
3616.5, -0.336979
3617, -0.382743
3617.5, -0.352234
3618, -0.355285
3618.5, -0.385794
3619, -0.358336
3619.5, -0.352234
3620, -0.364437
3620.5, -0.333928
3621, -0.364437
3621.5, -0.361386
3622, -0.364437
3622.5, -0.361386
3623, -0.367488
3623.5, -0.358336
3624, -0.346132
3624.5, -0.355285
3625, -0.352234
3625.5, -0.349183
3626, -0.327826
3626.5, -0.376641
3627, -0.370539
3627.5, -0.358336
3628, -0.361386
3628.5, -0.358336
3629, -0.346132
3629.5, -0.364437
3630, -0.364437
3630.5, -0.364437
3631, -0.364437
3631.5, -0.352234
3632, -0.364437
3632.5, -0.352234
3633, -0.352234
3633.5, -0.352234
3634, -0.352234
3634.5, -0.355285
3635, -0.364437
3635.5, -0.367488
3636, -0.349183
3636.5, -0.361386
3637, -0.376641
3637.5, -0.358336
3638, -0.349183
3638.5, -0.361386
3639, -0.367488
3639.5, -0.367488
3640, -0.352234
3640.5, -0.358336
3641, -0.376641
3641.5, -0.361386
3642, -0.367488
3642.5, -0.355285
3643, -0.358336
3643.5, -0.370539
3644, -0.358336
3644.5, -0.361386
3645, -0.358336
3645.5, -0.367488
3646, -0.358336
3646.5, -0.358336
3647, -0.367488
3647.5, -0.361386
3648, -0.364437
3648.5, -0.367488
3649, -0.355285
3649.5, -0.355285
3650, -0.361386
3650.5, -0.352234
3651, -0.358336
3651.5, -0.352234
3652, -0.352234
3652.5, -0.364437
3653, -0.349183
3653.5, -0.37359
3654, -0.367488
3654.5, -0.358336
3655, -0.370539
3655.5, -0.364437
3656, -0.370539
3656.5, -0.34003
3657, -0.349183
3657.5, -0.355285
3658, -0.352234
3658.5, -0.361386
3659, -0.367488
3659.5, -0.358336
3660, -0.361386
3660.5, -0.333928
3661, -0.358336
3661.5, -0.358336
3662, -0.352234
3662.5, -0.352234
3663, -0.355285
3663.5, -0.355285
3664, -0.352234
3664.5, -0.364437
3665, -0.358336
3665.5, -0.346132
3666, -0.346132
3666.5, -0.336979
3667, -0.135615
3667.5, -0.30952
3668, -0.272908
3668.5, -0.211889
3669, -0.156971
3669.5, -0.343081
3670, -0.208838
3670.5, -0.239348
3671, -0.257653
3671.5, -0.163073
3672, -0.291214
3672.5, -0.272908
3673, -0.236297
3673.5, -0.221042
3674, -0.144768
3674.5, -0.217991
3675, -0.227144
3675.5, -0.300367
3676, -0.239348
3676.5, -0.272908
3677, -0.230195
3677.5, -0.349183
3678, -0.230195
3678.5, -0.306469
3679, -0.30952
3679.5, -0.324775
3680, -0.266806
3680.5, -0.242399
3681, -0.327826
3681.5, -0.166124
3682, -0.27901
3682.5, -0.224093
3683, -0.208838
3683.5, -0.217991
3684, -0.285112
3684.5, -0.336979
3685, -0.208838
3685.5, -0.294265
3686, -0.343081
3686.5, -0.266806
3687, -0.196634
3687.5, -0.260704
3688, -0.147819
3688.5, -0.242399
3689, -0.333928
3689.5, -0.275959
3690, -0.34003
3690.5, -0.217991
3691, -0.282061
3691.5, -0.346132
3692, -0.346132
3692.5, -0.294265
3693, -0.379692
3693.5, -0.166124
3694, -0.254603
3694.5, -0.08985
3695, -0.297316
3695.5, -0.227144
3696, -0.147819
3696.5, -0.217991
3697, -0.260704
3697.5, -0.324775
3698, -0.208838
3698.5, -0.294265
3699, -0.321724
3699.5, -0.27901
3700, -0.27901
3700.5, -0.205787
3701, -0.227144
3701.5, -0.315622
3702, -0.346132
3702.5, -0.230195
3703, -0.227144
3703.5, -0.361386
3704, -0.330877
3704.5, -0.343081
3705, -0.187481
3705.5, -0.166124
3706, -0.221042
3706.5, -0.346132
3707, -0.257653
3707.5, -0.18443
3708, -0.208838
3708.5, -0.269857
3709, -0.242399
3709.5, -0.361386
3710, -0.230195
3710.5, -0.275959
3711, -0.248501
3711.5, -0.443763
3712, -0.114258
3712.5, -0.248501
3713, -0.12036
3713.5, -0.288163
3714, -0.248501
3714.5, -0.24545
3715, -0.336979
3715.5, -0.257653
3716, -0.254603
3716.5, -0.147819
3717, -0.288163
3717.5, -0.312571
3718, -0.224093
3718.5, -0.272908
3719, -0.385794
3719.5, -0.288163
3720, -0.263755
3720.5, -0.285112
3721, -0.294265
3721.5, -0.248501
3722, -0.156971
3722.5, -0.263755
3723, -0.306469
3723.5, -0.230195
3724, -0.233246
3724.5, -0.205787
3725, -0.300367
3725.5, -0.272908
3726, -0.230195
3726.5, -0.248501
3727, -0.288163
3727.5, -0.257653
3728, -0.18443
3728.5, -0.166124
3729, -0.202736
3729.5, -0.330877
3730, -0.349183
3730.5, -0.282061
3731, -0.221042
3731.5, -0.318673
3732, -0.199685
3732.5, -0.132564
3733, -0.239348
3733.5, -0.178328
3734, -0.211889
3734.5, -0.230195
3735, -0.166124
3735.5, -0.34003
3736, -0.254603
3736.5, -0.144768
3737, -0.18443
3737.5, -0.34003
3738, -0.410202
3738.5, -0.349183
3739, -0.196634
3739.5, -0.266806
3740, -0.178328
3740.5, -0.272908
3741, -0.163073
3741.5, -0.211889
3742, -0.260704
3742.5, -0.254603
3743, -0.269857
3743.5, -0.242399
3744, -0.288163
3744.5, -0.199685
3745, -0.306469
3745.5, -0.248501
3746, -0.266806
3746.5, -0.355285
3747, -0.227144
3747.5, -0.217991
3748, -0.172226
3748.5, -0.388845
3749, -0.233246
3749.5, -0.108156
3750, -0.37359
3750.5, -0.294265
3751, -0.257653
3751.5, -0.239348
3752, -0.282061
3752.5, -0.236297
3753, -0.242399
3753.5, -0.230195
3754, -0.242399
3754.5, -0.285112
3755, -0.355285
3755.5, -0.327826
3756, -0.321724
3756.5, -0.343081
3757, -0.221042
3757.5, -0.382743
3758, -0.379692
3758.5, -0.413253
3759, -0.294265
3759.5, -0.312571
3760, -0.217991
3760.5, -0.172226
3761, -0.300367
3761.5, -0.24545
3762, -0.303418
3762.5, -0.254603
3763, -0.193583
3763.5, -0.297316
3764, -0.321724
3764.5, -0.282061
3765, -0.224093
3765.5, -0.343081
3766, -0.239348
3766.5, -0.263755
3767, -0.422406
3767.5, -0.541394
3768, -0.333928
3768.5, -0.370539
3769, -0.364437
3769.5, -0.352234
3770, -0.361386
3770.5, -0.364437
3771, -0.327826
3771.5, -0.352234
3772, -0.349183
3772.5, -0.370539
3773, -0.361386
3773.5, -0.355285
3774, -0.367488
3774.5, -0.364437
3775, -0.343081
3775.5, -0.349183
3776, -0.364437
3776.5, -0.361386
3777, -0.361386
3777.5, -0.361386
3778, -0.343081
3778.5, -0.361386
3779, -0.355285
3779.5, -0.358336
3780, -0.355285
3780.5, -0.364437
3781, -0.364437
3781.5, -0.361386
3782, -0.333928
3782.5, -0.37359
3783, -0.37359
3783.5, -0.349183
3784, -0.37359
3784.5, -0.358336
3785, -0.364437
3785.5, -0.367488
3786, -0.358336
3786.5, -0.361386
3787, -0.349183
3787.5, -0.352234
3788, -0.367488
3788.5, -0.355285
3789, -0.361386
3789.5, -0.34003
3790, -0.367488
3790.5, -0.352234
3791, -0.349183
3791.5, -0.376641
3792, -0.355285
3792.5, -0.361386
3793, -0.364437
3793.5, -0.349183
3794, -0.355285
3794.5, -0.34003
3795, -0.355285
3795.5, -0.379692
3796, -0.346132
3796.5, -0.385794
3797, -0.358336
3797.5, -0.327826
3798, -0.364437
3798.5, -0.34003
3799, -0.358336
3799.5, -0.358336
3800, -0.364437
3800.5, -0.376641
3801, -0.361386
3801.5, -0.327826
3802, -0.364437
3802.5, -0.34003
3803, -0.379692
3803.5, -0.355285
3804, -0.361386
3804.5, -0.370539
3805, -0.355285
3805.5, -0.34003
3806, -0.361386
3806.5, -0.34003
3807, -0.358336
3807.5, -0.358336
3808, -0.364437
3808.5, -0.379692
3809, -0.361386
3809.5, -0.343081
3810, -0.349183
3810.5, -0.352234
3811, -0.361386
3811.5, -0.364437
3812, -0.361386
3812.5, -0.349183
3813, -0.364437
3813.5, -0.312571
3814, -0.358336
3814.5, -0.37359
3815, -0.364437
3815.5, -0.385794
3816, -0.355285
3816.5, -0.336979
3817, -0.358336
3817.5, -0.333928
3818, -0.364437
3818.5, -0.358336
3819, -0.358336
3819.5, -0.385794
3820, -0.343081
3820.5, -0.318673
3821, -0.336979
3821.5, -0.349183
3822, -0.370539
3822.5, -0.349183
3823, -0.358336
3823.5, -0.37359
3824, -0.346132
3824.5, -0.330877
3825, -0.361386
3825.5, -0.327826
3826, -0.358336
3826.5, -0.358336
3827, -0.376641
3827.5, -0.379692
3828, -0.361386
3828.5, -0.327826
3829, -0.346132
3829.5, -0.327826
3830, -0.370539
3830.5, -0.367488
3831, -0.364437
3831.5, -0.388845
3832, -0.355285
3832.5, -0.306469
3833, -0.346132
3833.5, -0.358336
3834, -0.349183
3834.5, -0.370539
3835, -0.358336
3835.5, -0.394947
3836, -0.367488
3836.5, -0.312571
3837, -0.355285
3837.5, -0.346132
3838, -0.358336
3838.5, -0.385794
3839, -0.370539
3839.5, -0.343081
3840, -0.346132
3840.5, -0.324775
3841, -0.370539
3841.5, -0.358336
3842, -0.370539
3842.5, -0.394947
3843, -0.358336
3843.5, -0.306469
3844, -0.346132
3844.5, -0.330877
3845, -0.355285
3845.5, -0.370539
3846, -0.361386
3846.5, -0.370539
3847, -0.358336
3847.5, -0.330877
3848, -0.346132
3848.5, -0.358336
3849, -0.367488
3849.5, -0.370539
3850, -0.370539
3850.5, -0.376641
3851, -0.367488
3851.5, -0.30952
3852, -0.352234
3852.5, -0.367488
3853, -0.358336
3853.5, -0.364437
3854, -0.361386
3854.5, -0.37359
3855, -0.370539
3855.5, -0.321724
3856, -0.349183
3856.5, -0.364437
3857, -0.364437
3857.5, -0.358336
3858, -0.355285
3858.5, -0.376641
3859, -0.355285
3859.5, -0.324775
3860, -0.355285
3860.5, -0.376641
3861, -0.361386
3861.5, -0.37359
3862, -0.361386
3862.5, -0.361386
3863, -0.346132
3863.5, -0.361386
3864, -0.355285
3864.5, -0.358336
3865, -0.379692
3865.5, -0.364437
3866, -0.376641
3866.5, -0.352234
3867, -0.343081
3867.5, -0.355285
3868, -0.349183
3868.5, -0.370539
3869, -0.370539
3869.5, -0.37359
3870, -0.370539
3870.5, -0.34003
3871, -0.324775
3871.5, -0.361386
3872, -0.352234
3872.5, -0.364437
3873, -0.361386
3873.5, -0.355285
3874, -0.370539
3874.5, -0.367488
3875, -0.358336
3875.5, -0.355285
3876, -0.355285
3876.5, -0.358336
3877, -0.349183
3877.5, -0.364437
3878, -0.330877
3878.5, -0.361386
3879, -0.349183
3879.5, -0.349183
3880, -0.361386
3880.5, -0.358336
3881, -0.367488
3881.5, -0.367488
3882, -0.349183
3882.5, -0.364437
3883, -0.349183
3883.5, -0.361386
3884, -0.361386
3884.5, -0.370539
3885, -0.364437
3885.5, -0.361386
3886, -0.34003
3886.5, -0.358336
3887, -0.324775
3887.5, -0.346132
3888, -0.367488
3888.5, -0.367488
3889, -0.376641
3889.5, -0.343081
3890, -0.336979
3890.5, -0.349183
3891, -0.361386
3891.5, -0.376641
3892, -0.367488
3892.5, -0.355285
3893, -0.37359
3893.5, -0.355285
3894, -0.361386
3894.5, -0.355285
3895, -0.358336
3895.5, -0.364437
3896, -0.355285
3896.5, -0.379692
3897, -0.358336
3897.5, -0.376641
3898, -0.364437
3898.5, -0.333928
3899, -0.355285
3899.5, -0.361386
3900, -0.358336
3900.5, -0.370539
3901, -0.367488
3901.5, -0.367488
3902, -0.355285
3902.5, -0.343081
3903, -0.364437
3903.5, -0.358336
3904, -0.376641
3904.5, -0.367488
3905, -0.370539
3905.5, -0.367488
3906, -0.361386
3906.5, -0.330877
3907, -0.361386
3907.5, -0.367488
3908, -0.376641
3908.5, -0.367488
3909, -0.361386
3909.5, -0.330877
3910, -0.358336
3910.5, -0.352234
3911, -0.364437
3911.5, -0.364437
3912, -0.352234
3912.5, -0.333928
3913, -0.37359
3913.5, -0.34003
3914, -0.355285
3914.5, -0.367488
3915, -0.352234
3915.5, -0.385794
3916, -0.349183
3916.5, -0.321724
3917, -0.361386
3917.5, -0.346132
3918, -0.358336
3918.5, -0.364437
3919, -0.361386
3919.5, -0.382743
3920, -0.355285
3920.5, -0.327826
3921, -0.364437
3921.5, -0.349183
3922, -0.370539
3922.5, -0.370539
3923, -0.37359
3923.5, -0.379692
3924, -0.361386
3924.5, -0.330877
3925, -0.364437
3925.5, -0.346132
3926, -0.367488
3926.5, -0.358336
3927, -0.364437
3927.5, -0.370539
3928, -0.352234
3928.5, -0.358336
3929, -0.361386
3929.5, -0.343081
3930, -0.352234
3930.5, -0.367488
3931, -0.355285
3931.5, -0.367488
3932, -0.355285
3932.5, -0.318673
3933, -0.361386
3933.5, -0.352234
3934, -0.364437
3934.5, -0.370539
3935, -0.358336
3935.5, -0.37359
3936, -0.358336
3936.5, -0.333928
3937, -0.358336
3937.5, -0.336979
3938, -0.364437
3938.5, -0.367488
3939, -0.361386
3939.5, -0.346132
3940, -0.364437
3940.5, -0.330877
3941, -0.361386
3941.5, -0.379692
3942, -0.367488
3942.5, -0.388845
3943, -0.352234
3943.5, -0.321724
3944, -0.336979
3944.5, -0.349183
3945, -0.358336
3945.5, -0.37359
3946, -0.370539
3946.5, -0.367488
3947, -0.37359
3947.5, -0.343081
3948, -0.346132
3948.5, -0.330877
3949, -0.361386
3949.5, -0.361386
3950, -0.358336
3950.5, -0.370539
3951, -0.382743
3951.5, -0.315622
3952, -0.352234
3952.5, -0.327826
3953, -0.352234
3953.5, -0.358336
3954, -0.352234
3954.5, -0.376641
3955, -0.358336
3955.5, -0.330877
3956, -0.355285
3956.5, -0.346132
3957, -0.361386
3957.5, -0.379692
3958, -0.358336
3958.5, -0.37359
3959, -0.358336
3959.5, -0.300367
3960, -0.364437
3960.5, -0.336979
3961, -0.367488
3961.5, -0.376641
3962, -0.37359
3962.5, -0.397998
3963, -0.343081
3963.5, -0.330877
3964, -0.355285
3964.5, -0.364437
3965, -0.352234
3965.5, -0.401049
3966, -0.361386
3966.5, -0.30952
3967, -0.352234
3967.5, -0.352234
3968, -0.355285
3968.5, -0.379692
3969, -0.361386
3969.5, -0.376641
3970, -0.364437
3970.5, -0.312571
3971, -0.349183
3971.5, -0.352234
3972, -0.355285
3972.5, -0.367488
3973, -0.355285
3973.5, -0.385794
3974, -0.361386
3974.5, -0.336979
3975, -0.358336
3975.5, -0.364437
3976, -0.352234
3976.5, -0.361386
3977, -0.358336
3977.5, -0.376641
3978, -0.364437
3978.5, -0.333928
3979, -0.358336
3979.5, -0.361386
3980, -0.367488
3980.5, -0.358336
3981, -0.355285
3981.5, -0.361386
3982, -0.352234
3982.5, -0.361386
3983, -0.349183
3983.5, -0.361386
3984, -0.358336
3984.5, -0.355285
3985, -0.361386
3985.5, -0.358336
3986, -0.349183
3986.5, -0.361386
3987, -0.349183
3987.5, -0.379692
3988, -0.361386
3988.5, -0.355285
3989, -0.385794
3989.5, -0.352234
3990, -0.352234
3990.5, -0.361386
3991, -0.349183
3991.5, -0.37359
3992, -0.367488
3992.5, -0.370539
3993, -0.379692
3993.5, -0.346132
3994, -0.349183
3994.5, -0.364437
3995, -0.343081
3995.5, -0.364437
3996, -0.376641
3996.5, -0.355285
3997, -0.376641
3997.5, -0.361386
3998, -0.355285
3998.5, -0.352234
3999, -0.355285
3999.5, -0.364437
4000, -0.367488
4000.5, -0.364437
4001, -0.367488
4001.5, -0.358336
4002, -0.34003
4002.5, -0.346132
4003, -0.358336
4003.5, -0.361386
4004, -0.367488
4004.5, -0.352234
4005, -0.336979
4005.5, -0.37359
4006, -0.346132
4006.5, -0.364437
4007, -0.367488
4007.5, -0.352234
4008, -0.388845
4008.5, -0.370539
4009, -0.34003
4009.5, -0.367488
4010, -0.34003
4010.5, -0.358336
4011, -0.361386
4011.5, -0.358336
4012, -0.364437
4012.5, -0.349183
4013, -0.364437
4013.5, -0.34003
4014, -0.343081
4014.5, -0.370539
4015, -0.352234
4015.5, -0.367488
4016, -0.364437
4016.5, -0.370539
4017, -0.349183
4017.5, -0.343081
4018, -0.361386
4018.5, -0.361386
4019, -0.370539
4019.5, -0.361386
4020, -0.361386
4020.5, -0.364437
4021, -0.333928
4021.5, -0.349183
4022, -0.364437
4022.5, -0.364437
4023, -0.37359
4023.5, -0.367488
4024, -0.370539
4024.5, -0.352234
4025, -0.349183
4025.5, -0.349183
4026, -0.355285
4026.5, -0.358336
4027, -0.358336
4027.5, -0.376641
4028, -0.358336
4028.5, -0.327826
4029, -0.361386
4029.5, -0.355285
4030, -0.352234
4030.5, -0.352234
4031, -0.361386
4031.5, -0.37359
4032, -0.352234
4032.5, -0.330877
4033, -0.352234
4033.5, -0.336979
4034, -0.355285
4034.5, -0.370539
4035, -0.364437
4035.5, -0.382743
4036, -0.361386
4036.5, -0.333928
4037, -0.358336
4037.5, -0.355285
4038, -0.37359
4038.5, -0.367488
4039, -0.349183
4039.5, -0.343081
4040, -0.358336
4040.5, -0.349183
4041, -0.361386
4041.5, -0.364437
4042, -0.358336
4042.5, -0.376641
4043, -0.364437
4043.5, -0.336979
4044, -0.361386
4044.5, -0.327826
4045, -0.355285
4045.5, -0.361386
4046, -0.37359
4046.5, -0.376641
4047, -0.352234
4047.5, -0.333928
4048, -0.358336
4048.5, -0.352234
4049, -0.352234
4049.5, -0.37359
4050, -0.367488
4050.5, -0.370539
4051, -0.361386
4051.5, -0.355285
4052, -0.343081
4052.5, -0.343081
4053, -0.349183
4053.5, -0.370539
4054, -0.361386
4054.5, -0.379692
4055, -0.370539
4055.5, -0.315622
4056, -0.355285
4056.5, -0.352234
4057, -0.358336
4057.5, -0.370539
4058, -0.346132
4058.5, -0.379692
4059, -0.358336
4059.5, -0.318673
4060, -0.364437
4060.5, -0.330877
4061, -0.367488
4061.5, -0.388845
4062, -0.352234
4062.5, -0.358336
4063, -0.352234
4063.5, -0.336979
4064, -0.361386
4064.5, -0.358336
4065, -0.367488
4065.5, -0.382743
4066, -0.367488
4066.5, -0.343081
4067, -0.343081
4067.5, -0.352234
4068, -0.361386
4068.5, -0.382743
4069, -0.361386
4069.5, -0.385794
4070, -0.376641
4070.5, -0.312571
4071, -0.349183
4071.5, -0.333928
4072, -0.358336
4072.5, -0.391896
4073, -0.346132
4073.5, -0.379692
4074, -0.379692
4074.5, -0.321724
4075, -0.364437
4075.5, -0.364437
4076, -0.349183
4076.5, -0.388845
4077, -0.352234
4077.5, -0.391896
4078, -0.349183
4078.5, -0.327826
4079, -0.358336
4079.5, -0.358336
4080, -0.358336
4080.5, -0.364437
4081, -0.370539
4081.5, -0.385794
4082, -0.330877
4082.5, -0.312571
4083, -0.355285
4083.5, -0.327826
4084, -0.376641
4084.5, -0.370539
4085, -0.361386
4085.5, -0.388845
4086, -0.346132
4086.5, -0.327826
4087, -0.343081
4087.5, -0.364437
4088, -0.361386
4088.5, -0.37359
4089, -0.364437
4089.5, -0.355285
4090, -0.358336
4090.5, -0.355285
4091, -0.349183
4091.5, -0.382743
4092, -0.364437
4092.5, -0.37359
4093, -0.364437
4093.5, -0.327826
4094, -0.355285
4094.5, -0.355285
4095, -0.355285
4095.5, -0.379692
4096, -0.361386
4096.5, -0.382743
4097, -0.361386
4097.5, -0.318673
4098, -0.355285
4098.5, -0.352234
4099, -0.364437
4099.5, -0.379692
4100, -0.358336
4100.5, -0.391896
4101, -0.364437
4101.5, -0.343081
4102, -0.346132
4102.5, -0.355285
4103, -0.358336
4103.5, -0.361386
4104, -0.358336
4104.5, -0.364437
4105, -0.343081
4105.5, -0.34003
4106, -0.343081
4106.5, -0.355285
4107, -0.364437
4107.5, -0.355285
4108, -0.370539
4108.5, -0.361386
4109, -0.361386
4109.5, -0.370539
4110, -0.349183
4110.5, -0.367488
4111, -0.367488
4111.5, -0.370539
4112, -0.370539
4112.5, -0.358336
4113, -0.361386
4113.5, -0.346132
4114, -0.346132
4114.5, -0.370539
4115, -0.37359
4115.5, -0.364437
4116, -0.37359
4116.5, -0.364437
4117, -0.346132
4117.5, -0.346132
4118, -0.361386
4118.5, -0.370539
4119, -0.361386
4119.5, -0.37359
4120, -0.37359
4120.5, -0.361386
4121, -0.355285
4121.5, -0.355285
4122, -0.355285
4122.5, -0.367488
4123, -0.376641
4123.5, -0.361386
4124, -0.364437
4124.5, -0.364437
4125, -0.333928
4125.5, -0.361386
4126, -0.343081
4126.5, -0.367488
4127, -0.376641
4127.5, -0.37359
4128, -0.346132
4128.5, -0.361386
4129, -0.346132
4129.5, -0.352234
4130, -0.367488
4130.5, -0.352234
4131, -0.370539
4131.5, -0.355285
4132, -0.343081
4132.5, -0.355285
4133, -0.346132
4133.5, -0.367488
4134, -0.364437
4134.5, -0.361386
4135, -0.37359
4135.5, -0.382743
4136, -0.352234
4136.5, -0.352234
4137, -0.355285
4137.5, -0.358336
4138, -0.364437
4138.5, -0.364437
4139, -0.352234
4139.5, -0.358336
4140, -0.358336
4140.5, -0.336979
4141, -0.370539
4141.5, -0.370539
4142, -0.370539
4142.5, -0.379692
4143, -0.370539
4143.5, -0.361386
4144, -0.343081
4144.5, -0.355285
4145, -0.376641
4145.5, -0.361386
4146, -0.37359
4146.5, -0.364437
4147, -0.364437
4147.5, -0.346132
4148, -0.358336
4148.5, -0.34003
4149, -0.364437
4149.5, -0.370539
4150, -0.355285
4150.5, -0.367488
4151, -0.361386
4151.5, -0.346132
4152, -0.364437
4152.5, -0.346132
4153, -0.364437
4153.5, -0.379692
4154, -0.361386
4154.5, -0.388845
4155, -0.358336
4155.5, -0.321724
4156, -0.364437
4156.5, -0.346132
4157, -0.355285
4157.5, -0.367488
4158, -0.352234
4158.5, -0.379692
4159, -0.367488
4159.5, -0.349183
4160, -0.367488
4160.5, -0.330877
4161, -0.364437
4161.5, -0.370539
4162, -0.361386
4162.5, -0.376641
4163, -0.352234
4163.5, -0.330877
4164, -0.37359
4164.5, -0.352234
4165, -0.349183
4165.5, -0.364437
4166, -0.349183
4166.5, -0.346132
4167, -0.358336
4167.5, -0.343081
4168, -0.364437
4168.5, -0.382743
4169, -0.37359
4169.5, -0.379692
4170, -0.361386
4170.5, -0.346132
4171, -0.358336
4171.5, -0.349183
4172, -0.355285
4172.5, -0.385794
4173, -0.355285
4173.5, -0.382743
4174, -0.358336
4174.5, -0.346132
4175, -0.352234
4175.5, -0.367488
4176, -0.358336
4176.5, -0.376641
4177, -0.352234
4177.5, -0.364437
4178, -0.367488
4178.5, -0.346132
4179, -0.361386
4179.5, -0.352234
4180, -0.361386
4180.5, -0.352234
4181, -0.349183
4181.5, -0.391896
4182, -0.355285
4182.5, -0.34003
4183, -0.355285
4183.5, -0.330877
4184, -0.364437
4184.5, -0.364437
4185, -0.352234
4185.5, -0.391896
4186, -0.349183
4186.5, -0.324775
4187, -0.355285
4187.5, -0.330877
4188, -0.358336
4188.5, -0.370539
4189, -0.364437
4189.5, -0.391896
4190, -0.352234
4190.5, -0.333928
4191, -0.349183
4191.5, -0.385794
4192, -0.364437
4192.5, -0.382743
4193, -0.382743
4193.5, -0.30952
4194, -0.355285
4194.5, -0.333928
4195, -0.355285
4195.5, -0.370539
4196, -0.364437
4196.5, -0.391896
4197, -0.361386
4197.5, -0.330877
4198, -0.352234
4198.5, -0.318673
4199, -0.358336
4199.5, -0.391896
4200, -0.364437
4200.5, -0.379692
4201, -0.358336
4201.5, -0.355285
4202, -0.355285
4202.5, -0.361386
4203, -0.358336
4203.5, -0.364437
4204, -0.361386
4204.5, -0.376641
4205, -0.355285
4205.5, -0.312571
4206, -0.343081
4206.5, -0.358336
4207, -0.37359
4207.5, -0.358336
4208, -0.379692
4208.5, -0.382743
4209, -0.333928
4209.5, -0.324775
4210, -0.352234
4210.5, -0.34003
4211, -0.361386
4211.5, -0.382743
4212, -0.376641
4212.5, -0.382743
4213, -0.361386
4213.5, -0.321724
4214, -0.34003
4214.5, -0.355285
4215, -0.352234
4215.5, -0.376641
4216, -0.358336
4216.5, -0.361386
4217, -0.352234
4217.5, -0.358336
4218, -0.34003
4218.5, -0.379692
4219, -0.370539
4219.5, -0.364437
4220, -0.361386
4220.5, -0.352234
4221, -0.34003
4221.5, -0.349183
4222, -0.361386
4222.5, -0.37359
4223, -0.370539
4223.5, -0.361386
4224, -0.370539
4224.5, -0.364437
4225, -0.343081
4225.5, -0.361386
4226, -0.361386
4226.5, -0.358336
4227, -0.37359
4227.5, -0.367488
4228, -0.358336
4228.5, -0.367488
4229, -0.346132
4229.5, -0.376641
4230, -0.364437
4230.5, -0.358336
4231, -0.370539
4231.5, -0.361386
4232, -0.355285
4232.5, -0.358336
4233, -0.346132
4233.5, -0.361386
4234, -0.370539
4234.5, -0.361386
4235, -0.370539
4235.5, -0.361386
4236, -0.352234
4236.5, -0.358336
4237, -0.367488
4237.5, -0.364437
4238, -0.361386
4238.5, -0.358336
4239, -0.367488
4239.5, -0.37359
4240, -0.34003
4240.5, -0.349183
4241, -0.355285
4241.5, -0.364437
4242, -0.367488
4242.5, -0.343081
4243, -0.364437
4243.5, -0.364437
4244, -0.349183
4244.5, -0.358336
4245, -0.364437
4245.5, -0.361386
4246, -0.379692
4246.5, -0.361386
4247, -0.367488
4247.5, -0.379692
4248, -0.343081
4248.5, -0.346132
4249, -0.355285
4249.5, -0.367488
4250, -0.376641
4250.5, -0.37359
4251, -0.385794
4251.5, -0.358336
4252, -0.367488
4252.5, -0.364437
4253, -0.349183
4253.5, -0.364437
4254, -0.367488
4254.5, -0.370539
4255, -0.364437
4255.5, -0.361386
4256, -0.343081
4256.5, -0.336979
4257, -0.364437
4257.5, -0.370539
4258, -0.370539
4258.5, -0.358336
4259, -0.349183
4259.5, -0.361386
4260, -0.358336
4260.5, -0.352234
4261, -0.376641
4261.5, -0.364437
4262, -0.370539
4262.5, -0.385794
4263, -0.349183
4263.5, -0.349183
4264, -0.349183
4264.5, -0.355285
4265, -0.361386
4265.5, -0.364437
4266, -0.355285
4266.5, -0.355285
4267, -0.355285
4267.5, -0.358336
4268, -0.358336
4268.5, -0.367488
4269, -0.358336
4269.5, -0.361386
4270, -0.376641
4270.5, -0.330877
4271, -0.361386
4271.5, -0.361386
4272, -0.349183
4272.5, -0.370539
4273, -0.367488
4273.5, -0.37359
4274, -0.376641
4274.5, -0.34003
4275, -0.37359
4275.5, -0.355285
4276, -0.358336
4276.5, -0.376641
4277, -0.355285
4277.5, -0.385794
4278, -0.370539
4278.5, -0.336979
4279, -0.358336
4279.5, -0.34003
4280, -0.358336
4280.5, -0.379692
4281, -0.355285
4281.5, -0.382743
4282, -0.349183
4282.5, -0.34003
4283, -0.355285
4283.5, -0.336979
4284, -0.358336
4284.5, -0.37359
4285, -0.355285
4285.5, -0.379692
4286, -0.376641
4286.5, -0.34003
4287, -0.355285
4287.5, -0.352234
4288, -0.352234
4288.5, -0.37359
4289, -0.361386
4289.5, -0.367488
4290, -0.364437
4290.5, -0.336979
4291, -0.358336
4291.5, -0.361386
4292, -0.364437
4292.5, -0.37359
4293, -0.370539
4293.5, -0.306469
4294, -0.364437
4294.5, -0.336979
4295, -0.358336
4295.5, -0.364437
4296, -0.355285
4296.5, -0.367488
4297, -0.352234
4297.5, -0.324775
4298, -0.364437
4298.5, -0.34003
4299, -0.370539
4299.5, -0.379692
4300, -0.355285
4300.5, -0.385794
4301, -0.364437
4301.5, -0.330877
4302, -0.367488
4302.5, -0.330877
4303, -0.367488
4303.5, -0.382743
4304, -0.355285
4304.5, -0.388845
4305, -0.352234
4305.5, -0.34003
4306, -0.355285
4306.5, -0.333928
4307, -0.364437
4307.5, -0.358336
4308, -0.367488
4308.5, -0.379692
4309, -0.352234
4309.5, -0.318673
4310, -0.355285
4310.5, -0.327826
4311, -0.358336
4311.5, -0.376641
4312, -0.349183
4312.5, -0.379692
4313, -0.358336
4313.5, -0.300367
4314, -0.355285
4314.5, -0.346132
4315, -0.364437
4315.5, -0.391896
4316, -0.364437
4316.5, -0.34003
4317, -0.361386
4317.5, -0.318673
4318, -0.343081
4318.5, -0.385794
4319, -0.367488
4319.5, -0.385794
4320, -0.364437
4320.5, -0.321724
4321, -0.349183
4321.5, -0.321724
4322, -0.361386
4322.5, -0.376641
4323, -0.364437
4323.5, -0.394947
4324, -0.358336
4324.5, -0.333928
4325, -0.333928
4325.5, -0.343081
4326, -0.355285
4326.5, -0.385794
4327, -0.355285
4327.5, -0.358336
4328, -0.343081
4328.5, -0.318673
4329, -0.343081
4329.5, -0.346132
4330, -0.364437
4330.5, -0.379692
4331, -0.364437
4331.5, -0.391896
4332, -0.358336
4332.5, -0.352234
4333, -0.355285
4333.5, -0.361386
4334, -0.352234
4334.5, -0.361386
4335, -0.370539
4335.5, -0.364437
4336, -0.349183
4336.5, -0.346132
4337, -0.355285
4337.5, -0.343081
4338, -0.361386
4338.5, -0.367488
4339, -0.361386
4339.5, -0.361386
4340, -0.361386
4340.5, -0.367488
4341, -0.367488
4341.5, -0.358336
4342, -0.367488
4342.5, -0.364437
4343, -0.367488
4343.5, -0.358336
4344, -0.343081
4344.5, -0.358336
4345, -0.352234
4345.5, -0.364437
4346, -0.37359
4346.5, -0.349183
4347, -0.367488
4347.5, -0.37359
4348, -0.327826
4348.5, -0.349183
4349, -0.343081
4349.5, -0.361386
4350, -0.37359
4350.5, -0.358336
4351, -0.379692
4351.5, -0.364437
4352, -0.34003
4352.5, -0.367488
4353, -0.346132
4353.5, -0.367488
4354, -0.355285
4354.5, -0.361386
4355, -0.355285
4355.5, -0.367488
4356, -0.364437
4356.5, -0.355285
4357, -0.364437
4357.5, -0.364437
4358, -0.361386
4358.5, -0.37359
4359, -0.330877
4359.5, -0.361386
4360, -0.352234
4360.5, -0.358336
4361, -0.367488
4361.5, -0.370539
4362, -0.361386
4362.5, -0.37359
4363, -0.343081
4363.5, -0.355285
4364, -0.349183
4364.5, -0.352234
4365, -0.37359
4365.5, -0.352234
4366, -0.37359
4366.5, -0.361386
4367, -0.361386
4367.5, -0.361386
4368, -0.34003
4368.5, -0.358336
4369, -0.376641
4369.5, -0.346132
4370, -0.364437
4370.5, -0.367488
4371, -0.361386
4371.5, -0.361386
4372, -0.34003
4372.5, -0.379692
4373, -0.355285
4373.5, -0.361386
4374, -0.367488
4374.5, -0.333928
4375, -0.34003
4375.5, -0.343081
4376, -0.355285
4376.5, -0.367488
4377, -0.364437
4377.5, -0.37359
4378, -0.367488
4378.5, -0.355285
4379, -0.367488
4379.5, -0.34003
4380, -0.355285
4380.5, -0.361386
4381, -0.358336
4381.5, -0.376641
4382, -0.336979
4382.5, -0.370539
4383, -0.355285
4383.5, -0.355285
4384, -0.379692
4384.5, -0.355285
4385, -0.367488
4385.5, -0.376641
4386, -0.367488
4386.5, -0.346132
4387, -0.361386
4387.5, -0.364437
4388, -0.355285
4388.5, -0.361386
4389, -0.370539
4389.5, -0.370539
4390, -0.349183
4390.5, -0.349183
4391, -0.346132
4391.5, -0.376641
4392, -0.364437
4392.5, -0.370539
4393, -0.358336
4393.5, -0.352234
4394, -0.358336
4394.5, -0.336979
4395, -0.355285
4395.5, -0.37359
4396, -0.355285
4396.5, -0.382743
4397, -0.370539
4397.5, -0.343081
4398, -0.37359
4398.5, -0.346132
4399, -0.355285
4399.5, -0.355285
4400, -0.346132
4400.5, -0.367488
4401, -0.361386
4401.5, -0.327826
4402, -0.355285
4402.5, -0.352234
4403, -0.367488
4403.5, -0.37359
4404, -0.364437
4404.5, -0.379692
4405, -0.364437
4405.5, -0.343081
4406, -0.361386
4406.5, -0.330877
4407, -0.358336
4407.5, -0.361386
4408, -0.364437
4408.5, -0.379692
4409, -0.367488
4409.5, -0.327826
4410, -0.343081
4410.5, -0.330877
4411, -0.349183
4411.5, -0.370539
4412, -0.370539
4412.5, -0.367488
4413, -0.355285
4413.5, -0.333928
4414, -0.346132
4414.5, -0.349183
4415, -0.364437
4415.5, -0.37359
4416, -0.364437
4416.5, -0.346132
4417, -0.361386
4417.5, -0.327826
4418, -0.355285
4418.5, -0.376641
4419, -0.355285
4419.5, -0.394947
4420, -0.355285
4420.5, -0.327826
4421, -0.361386
4421.5, -0.34003
4422, -0.37359
4422.5, -0.37359
4423, -0.370539
4423.5, -0.370539
4424, -0.361386
4424.5, -0.306469
4425, -0.355285
4425.5, -0.330877
4426, -0.352234
4426.5, -0.364437
4427, -0.376641
4427.5, -0.379692
4428, -0.355285
4428.5, -0.330877
4429, -0.349183
4429.5, -0.327826
4430, -0.367488
4430.5, -0.382743
4431, -0.358336
4431.5, -0.388845
4432, -0.367488
4432.5, -0.324775
4433, -0.358336
4433.5, -0.34003
4434, -0.367488
4434.5, -0.382743
4435, -0.367488
4435.5, -0.394947
4436, -0.343081
4436.5, -0.30952
4437, -0.355285
4437.5, -0.318673
4438, -0.37359
4438.5, -0.382743
4439, -0.355285
4439.5, -0.388845
4440, -0.361386
4440.5, -0.318673
4441, -0.358336
4441.5, -0.358336
4442, -0.361386
4442.5, -0.37359
4443, -0.367488
4443.5, -0.318673
4444, -0.330877
4444.5, -0.349183
4445, -0.355285
4445.5, -0.37359
4446, -0.352234
4446.5, -0.358336
4447, -0.367488
4447.5, -0.336979
4448, -0.346132
4448.5, -0.343081
4449, -0.355285
4449.5, -0.37359
4450, -0.37359
4450.5, -0.379692
4451, -0.367488
4451.5, -0.343081
4452, -0.361386
4452.5, -0.355285
4453, -0.364437
4453.5, -0.385794
4454, -0.361386
4454.5, -0.355285
4455, -0.358336
4455.5, -0.315622
4456, -0.364437
4456.5, -0.349183
4457, -0.352234
4457.5, -0.37359
4458, -0.361386
4458.5, -0.361386
4459, -0.361386
4459.5, -0.355285
4460, -0.352234
4460.5, -0.352234
4461, -0.358336
4461.5, -0.361386
4462, -0.364437
4462.5, -0.355285
4463, -0.343081
4463.5, -0.367488
4464, -0.355285
4464.5, -0.358336
4465, -0.361386
4465.5, -0.349183
4466, -0.367488
4466.5, -0.37359
4467, -0.349183
4467.5, -0.370539
4468, -0.352234
4468.5, -0.358336
4469, -0.358336
4469.5, -0.352234
4470, -0.376641
4470.5, -0.355285
4471, -0.343081
4471.5, -0.358336
4472, -0.336979
4472.5, -0.370539
4473, -0.364437
4473.5, -0.352234
4474, -0.37359
4474.5, -0.352234
4475, -0.361386
4475.5, -0.361386
4476, -0.355285
4476.5, -0.361386
4477, -0.352234
4477.5, -0.355285
4478, -0.37359
4478.5, -0.352234
4479, -0.343081
4479.5, -0.361386
4480, -0.364437
4480.5, -0.355285
4481, -0.367488
4481.5, -0.358336
4482, -0.330877
4482.5, -0.358336
4483, -0.361386
4483.5, -0.34003
4484, -0.379692
4484.5, -0.352234
4485, -0.37359
4485.5, -0.370539
4486, -0.34003
4486.5, -0.361386
4487, -0.358336
4487.5, -0.349183
4488, -0.376641
4488.5, -0.364437
4489, -0.37359
4489.5, -0.352234
4490, -0.333928
4490.5, -0.364437
4491, -0.358336
4491.5, -0.355285
4492, -0.367488
4492.5, -0.367488
4493, -0.358336
4493.5, -0.333928
4494, -0.355285
4494.5, -0.343081
4495, -0.352234
4495.5, -0.382743
4496, -0.370539
4496.5, -0.367488
4497, -0.370539
4497.5, -0.355285
4498, -0.370539
4498.5, -0.349183
4499, -0.361386
4499.5, -0.376641
4500, -0.37359
4500.5, -0.385794
4501, -0.370539
4501.5, -0.336979
4502, -0.358336
4502.5, -0.336979
4503, -0.349183
4503.5, -0.346132
4504, -0.370539
4504.5, -0.364437
4505, -0.358336
4505.5, -0.333928
4506, -0.352234
4506.5, -0.34003
4507, -0.361386
4507.5, -0.376641
4508, -0.364437
4508.5, -0.376641
4509, -0.358336
4509.5, -0.343081
4510, -0.352234
4510.5, -0.343081
4511, -0.355285
4511.5, -0.37359
4512, -0.370539
4512.5, -0.379692
4513, -0.352234
4513.5, -0.330877
4514, -0.355285
4514.5, -0.349183
4515, -0.349183
4515.5, -0.367488
4516, -0.364437
4516.5, -0.358336
4517, -0.361386
4517.5, -0.349183
4518, -0.358336
4518.5, -0.379692
4519, -0.358336
4519.5, -0.37359
4520, -0.352234
4520.5, -0.324775
4521, -0.37359
4521.5, -0.34003
4522, -0.367488
4522.5, -0.367488
4523, -0.352234
4523.5, -0.376641
4524, -0.349183
4524.5, -0.349183
4525, -0.343081
4525.5, -0.343081
4526, -0.361386
4526.5, -0.358336
4527, -0.37359
4527.5, -0.379692
4528, -0.367488
4528.5, -0.324775
4529, -0.349183
4529.5, -0.346132
4530, -0.352234
4530.5, -0.355285
4531, -0.367488
4531.5, -0.370539
4532, -0.367488
4532.5, -0.324775
4533, -0.358336
4533.5, -0.34003
4534, -0.367488
4534.5, -0.358336
4535, -0.367488
4535.5, -0.358336
4536, -0.367488
4536.5, -0.327826
4537, -0.364437
4537.5, -0.324775
4538, -0.355285
4538.5, -0.391896
4539, -0.352234
4539.5, -0.388845
4540, -0.352234
4540.5, -0.330877
4541, -0.358336
4541.5, -0.349183
4542, -0.358336
4542.5, -0.382743
4543, -0.358336
4543.5, -0.306469
4544, -0.370539
4544.5, -0.333928
4545, -0.361386
4545.5, -0.385794
4546, -0.358336
4546.5, -0.382743
4547, -0.346132
4547.5, -0.34003
4548, -0.352234
4548.5, -0.34003
4549, -0.349183
4549.5, -0.391896
4550, -0.361386
4550.5, -0.379692
4551, -0.37359
4551.5, -0.318673
4552, -0.352234
4552.5, -0.349183
4553, -0.346132
4553.5, -0.367488
4554, -0.376641
4554.5, -0.379692
4555, -0.355285
4555.5, -0.30952
4556, -0.349183
4556.5, -0.364437
4557, -0.355285
4557.5, -0.385794
4558, -0.358336
4558.5, -0.394947
4559, -0.364437
4559.5, -0.306469
4560, -0.352234
4560.5, -0.321724
4561, -0.358336
4561.5, -0.382743
4562, -0.355285
4562.5, -0.401049
4563, -0.349183
4563.5, -0.318673
4564, -0.358336
4564.5, -0.367488
4565, -0.358336
4565.5, -0.367488
4566, -0.364437
4566.5, -0.367488
4567, -0.349183
4567.5, -0.346132
4568, -0.361386
4568.5, -0.376641
4569, -0.370539
4569.5, -0.358336
4570, -0.364437
4570.5, -0.34003
4571, -0.34003
4571.5, -0.361386
4572, -0.349183
4572.5, -0.367488
4573, -0.358336
4573.5, -0.358336
4574, -0.364437
4574.5, -0.370539
4575, -0.336979
4575.5, -0.343081
4576, -0.349183
4576.5, -0.364437
4577, -0.352234
4577.5, -0.361386
4578, -0.37359
4578.5, -0.367488
4579, -0.349183
4579.5, -0.343081
4580, -0.336979
4580.5, -0.367488
4581, -0.361386
4581.5, -0.367488
4582, -0.333928
4582.5, -0.367488
4583, -0.358336
4583.5, -0.361386
4584, -0.367488
4584.5, -0.367488
4585, -0.358336
4585.5, -0.367488
4586, -0.34003
4586.5, -0.376641
4587, -0.330877
4587.5, -0.358336
4588, -0.346132
4588.5, -0.352234
4589, -0.364437
4589.5, -0.355285
4590, -0.352234
4590.5, -0.358336
4591, -0.352234
4591.5, -0.388845
4592, -0.364437
4592.5, -0.352234
4593, -0.367488
4593.5, -0.367488
4594, -0.336979
4594.5, -0.361386
4595, -0.349183
4595.5, -0.370539
4596, -0.364437
4596.5, -0.370539
4597, -0.370539
4597.5, -0.352234
4598, -0.346132
4598.5, -0.364437
4599, -0.349183
4599.5, -0.364437
4600, -0.364437
4600.5, -0.358336
4601, -0.364437
4601.5, -0.352234
4602, -0.364437
4602.5, -0.352234
4603, -0.364437
4603.5, -0.352234
4604, -0.376641
4604.5, -0.376641
4605, -0.352234
4605.5, -0.376641
4606, -0.346132
4606.5, -0.355285
4607, -0.370539
4607.5, -0.370539
4608, -0.370539
4608.5, -0.367488
4609, -0.336979
4609.5, -0.355285
4610, -0.358336
4610.5, -0.370539
4611, -0.37359
4611.5, -0.37359
4612, -0.379692
4612.5, -0.382743
4613, -0.327826
4613.5, -0.361386
4614, -0.327826
4614.5, -0.358336
4615, -0.370539
4615.5, -0.37359
4616, -0.361386
4616.5, -0.355285
4617, -0.349183
4617.5, -0.361386
4618, -0.355285
4618.5, -0.376641
4619, -0.355285
4619.5, -0.382743
4620, -0.355285
4620.5, -0.361386
4621, -0.376641
4621.5, -0.352234
4622, -0.367488
4622.5, -0.376641
4623, -0.364437
4623.5, -0.376641
4624, -0.358336
4624.5, -0.358336
4625, -0.361386
4625.5, -0.343081
4626, -0.370539
4626.5, -0.364437
4627, -0.370539
4627.5, -0.382743
4628, -0.355285
4628.5, -0.364437
4629, -0.352234
4629.5, -0.358336
4630, -0.358336
4630.5, -0.370539
4631, -0.355285
4631.5, -0.376641
4632, -0.367488
4632.5, -0.34003
4633, -0.358336
4633.5, -0.358336
4634, -0.361386
4634.5, -0.367488
4635, -0.355285
4635.5, -0.37359
4636, -0.364437
4636.5, -0.330877
4637, -0.343081
4637.5, -0.343081
4638, -0.358336
4638.5, -0.37359
4639, -0.355285
4639.5, -0.370539
4640, -0.358336
4640.5, -0.315622
4641, -0.367488
4641.5, -0.349183
4642, -0.355285
4642.5, -0.385794
4643, -0.349183
4643.5, -0.376641
4644, -0.358336
4644.5, -0.34003
4645, -0.37359
4645.5, -0.355285
4646, -0.367488
4646.5, -0.385794
4647, -0.352234
4647.5, -0.333928
4648, -0.346132
4648.5, -0.34003
4649, -0.361386
4649.5, -0.370539
4650, -0.379692
4650.5, -0.388845
4651, -0.355285
4651.5, -0.324775
4652, -0.349183
4652.5, -0.352234
4653, -0.343081
4653.5, -0.379692
4654, -0.367488
4654.5, -0.385794
4655, -0.370539
4655.5, -0.297316
4656, -0.358336
4656.5, -0.336979
4657, -0.355285
4657.5, -0.385794
4658, -0.355285
4658.5, -0.37359
4659, -0.352234
4659.5, -0.303418
4660, -0.358336
4660.5, -0.336979
4661, -0.370539
4661.5, -0.397998
4662, -0.364437
4662.5, -0.4041
4663, -0.367488
4663.5, -0.321724
4664, -0.361386
4664.5, -0.346132
4665, -0.382743
4665.5, -0.358336
4666, -0.355285
4666.5, -0.382743
4667, -0.370539
4667.5, -0.321724
4668, -0.352234
4668.5, -0.352234
4669, -0.370539
4669.5, -0.391896
4670, -0.367488
4670.5, -0.30952
4671, -0.367488
4671.5, -0.327826
4672, -0.355285
4672.5, -0.385794
4673, -0.37359
4673.5, -0.407151
4674, -0.370539
4674.5, -0.297316
4675, -0.355285
4675.5, -0.333928
4676, -0.367488
4676.5, -0.388845
4677, -0.346132
4677.5, -0.401049
4678, -0.37359
4678.5, -0.285112
4679, -0.367488
4679.5, -0.330877
4680, -0.361386
4680.5, -0.394947
4681, -0.352234
4681.5, -0.385794
4682, -0.336979
4682.5, -0.306469
4683, -0.355285
4683.5, -0.330877
4684, -0.361386
4684.5, -0.370539
4685, -0.370539
4685.5, -0.401049
4686, -0.358336
4686.5, -0.312571
4687, -0.346132
4687.5, -0.336979
4688, -0.352234
4688.5, -0.37359
4689, -0.364437
4689.5, -0.397998
4690, -0.34003
4690.5, -0.358336
4691, -0.37359
4691.5, -0.346132
4692, -0.367488
4692.5, -0.37359
4693, -0.367488
4693.5, -0.367488
4694, -0.343081
4694.5, -0.324775
4695, -0.358336
4695.5, -0.370539
4696, -0.343081
4696.5, -0.370539
4697, -0.367488
4697.5, -0.327826
4698, -0.358336
4698.5, -0.349183
4699, -0.364437
4699.5, -0.367488
4700, -0.343081
4700.5, -0.370539
4701, -0.367488
4701.5, -0.361386
4702, -0.346132
4702.5, -0.358336
4703, -0.358336
4703.5, -0.358336
4704, -0.364437
4704.5, -0.364437
4705, -0.361386
4705.5, -0.361386
4706, -0.352234
4706.5, -0.352234
4707, -0.349183
4707.5, -0.379692
4708, -0.370539
4708.5, -0.367488
4709, -0.333928
4709.5, -0.367488
4710, -0.324775
4710.5, -0.367488
4711, -0.367488
4711.5, -0.370539
4712, -0.37359
4712.5, -0.352234
4713, -0.349183
4713.5, -0.37359
4714, -0.346132
4714.5, -0.370539
4715, -0.37359
4715.5, -0.370539
4716, -0.364437
4716.5, -0.37359
4717, -0.358336
4717.5, -0.364437
4718, -0.361386
4718.5, -0.367488
4719, -0.364437
4719.5, -0.376641
4720, -0.376641
4720.5, -0.349183
4721, -0.355285
4721.5, -0.343081
4722, -0.367488
4722.5, -0.358336
4723, -0.367488
4723.5, -0.361386
4724, -0.385794
4724.5, -0.361386
4725, -0.333928
4725.5, -0.358336
4726, -0.358336
4726.5, -0.355285
4727, -0.37359
4727.5, -0.376641
4728, -0.379692
4728.5, -0.361386
4729, -0.333928
4729.5, -0.355285
4730, -0.364437
4730.5, -0.364437
4731, -0.370539
4731.5, -0.355285
4732, -0.343081
4732.5, -0.361386
4733, -0.349183
4733.5, -0.346132
4734, -0.352234
4734.5, -0.37359
4735, -0.376641
4735.5, -0.361386
4736, -0.355285
4736.5, -0.370539
4737, -0.364437
4737.5, -0.352234
4738, -0.367488
4738.5, -0.370539
4739, -0.346132
4739.5, -0.376641
4740, -0.361386
4740.5, -0.34003
4741, -0.355285
4741.5, -0.349183
4742, -0.367488
4742.5, -0.376641
4743, -0.352234
4743.5, -0.343081
4744, -0.34003
4744.5, -0.330877
4745, -0.367488
4745.5, -0.352234
4746, -0.364437
4746.5, -0.37359
4747, -0.355285
4747.5, -0.349183
4748, -0.349183
4748.5, -0.355285
4749, -0.361386
4749.5, -0.376641
4750, -0.361386
4750.5, -0.367488
4751, -0.370539
4751.5, -0.336979
4752, -0.358336
4752.5, -0.352234
4753, -0.364437
4753.5, -0.370539
4754, -0.358336
4754.5, -0.37359
4755, -0.37359
4755.5, -0.321724
4756, -0.364437
4756.5, -0.327826
4757, -0.349183
4757.5, -0.376641
4758, -0.358336
4758.5, -0.391896
4759, -0.361386
4759.5, -0.349183
4760, -0.364437
4760.5, -0.346132
4761, -0.349183
4761.5, -0.367488
4762, -0.358336
4762.5, -0.382743
4763, -0.349183
4763.5, -0.321724
4764, -0.361386
4764.5, -0.34003
4765, -0.361386
4765.5, -0.364437
4766, -0.355285
4766.5, -0.394947
4767, -0.352234
4767.5, -0.330877
4768, -0.364437
4768.5, -0.367488
4769, -0.361386
4769.5, -0.370539
4770, -0.361386
4770.5, -0.285112
4771, -0.349183
4771.5, -0.315622
4772, -0.346132
4772.5, -0.388845
4773, -0.358336
4773.5, -0.37359
4774, -0.364437
4774.5, -0.318673
4775, -0.367488
4775.5, -0.318673
4776, -0.361386
4776.5, -0.388845
4777, -0.364437
4777.5, -0.388845
4778, -0.37359
4778.5, -0.318673
4779, -0.361386
4779.5, -0.324775
4780, -0.358336
4780.5, -0.37359
4781, -0.361386
4781.5, -0.394947
4782, -0.355285
4782.5, -0.327826
4783, -0.358336
4783.5, -0.321724
4784, -0.379692
4784.5, -0.361386
4785, -0.361386
4785.5, -0.4041
4786, -0.34003
4786.5, -0.297316
4787, -0.358336
4787.5, -0.318673
4788, -0.358336
4788.5, -0.370539
4789, -0.37359
4789.5, -0.4041
4790, -0.346132
4790.5, -0.30952
4791, -0.346132
4791.5, -0.324775
4792, -0.364437
4792.5, -0.388845
4793, -0.37359
4793.5, -0.358336
4794, -0.361386
4794.5, -0.318673
4795, -0.355285
4795.5, -0.385794
4796, -0.349183
4796.5, -0.394947
4797, -0.370539
4797.5, -0.306469
4798, -0.34003
4798.5, -0.324775
4799, -0.349183
4799.5, -0.388845
4800, -0.358336
4800.5, -0.382743
4801, -0.370539
4801.5, -0.333928
4802, -0.346132
4802.5, -0.330877
4803, -0.349183
4803.5, -0.379692
4804, -0.361386
4804.5, -0.410202
4805, -0.364437
4805.5, -0.346132
4806, -0.352234
4806.5, -0.34003
4807, -0.361386
4807.5, -0.385794
4808, -0.367488
4808.5, -0.382743
4809, -0.349183
4809.5, -0.327826
4810, -0.358336
4810.5, -0.330877
4811, -0.355285
4811.5, -0.376641
4812, -0.370539
4812.5, -0.358336
4813, -0.352234
4813.5, -0.315622
4814, -0.343081
4814.5, -0.352234
4815, -0.358336
4815.5, -0.367488
4816, -0.361386
4816.5, -0.37359
4817, -0.355285
4817.5, -0.315622
4818, -0.364437
4818.5, -0.367488
4819, -0.352234
4819.5, -0.367488
4820, -0.370539
4820.5, -0.370539
4821, -0.364437
4821.5, -0.361386
4822, -0.343081
4822.5, -0.367488
4823, -0.361386
4823.5, -0.364437
4824, -0.37359
4824.5, -0.327826
4825, -0.358336
4825.5, -0.358336
4826, -0.355285
4826.5, -0.352234
4827, -0.361386
4827.5, -0.346132
4828, -0.361386
4828.5, -0.361386
4829, -0.336979
4829.5, -0.364437
4830, -0.349183
4830.5, -0.37359
4831, -0.376641
4831.5, -0.382743
4832, -0.346132
4832.5, -0.355285
4833, -0.346132
4833.5, -0.367488
4834, -0.358336
4834.5, -0.364437
4835, -0.367488
4835.5, -0.367488
4836, -0.343081
4836.5, -0.358336
4837, -0.355285
4837.5, -0.355285
4838, -0.367488
4838.5, -0.370539
4839, -0.358336
4839.5, -0.352234
4840, -0.358336
4840.5, -0.367488
4841, -0.349183
4841.5, -0.346132
4842, -0.37359
4842.5, -0.367488
4843, -0.367488
4843.5, -0.367488
4844, -0.34003
4844.5, -0.346132
4845, -0.355285
4845.5, -0.361386
4846, -0.370539
4846.5, -0.361386
4847, -0.37359
4847.5, -0.37359
4848, -0.343081
4848.5, -0.361386
4849, -0.349183
4849.5, -0.364437
4850, -0.364437
4850.5, -0.376641
4851, -0.37359
4851.5, -0.367488
4852, -0.346132
4852.5, -0.346132
4853, -0.349183
4853.5, -0.364437
4854, -0.355285
4854.5, -0.349183
4855, -0.364437
4855.5, -0.343081
4856, -0.364437
4856.5, -0.346132
4857, -0.355285
4857.5, -0.379692
4858, -0.361386
4858.5, -0.382743
4859, -0.361386
4859.5, -0.352234
4860, -0.37359
4860.5, -0.361386
4861, -0.367488
4861.5, -0.364437
4862, -0.355285
4862.5, -0.37359
4863, -0.352234
4863.5, -0.346132
4864, -0.358336
4864.5, -0.349183
4865, -0.358336
4865.5, -0.367488
4866, -0.364437
4866.5, -0.37359
4867, -0.349183
4867.5, -0.364437
4868, -0.364437
4868.5, -0.346132
4869, -0.37359
4869.5, -0.358336
4870, -0.361386
4870.5, -0.327826
4871, -0.358336
4871.5, -0.355285
4872, -0.349183
4872.5, -0.361386
4873, -0.367488
4873.5, -0.379692
4874, -0.37359
4874.5, -0.333928
4875, -0.352234
4875.5, -0.343081
4876, -0.364437
4876.5, -0.385794
4877, -0.352234
4877.5, -0.37359
4878, -0.367488
4878.5, -0.346132
4879, -0.37359
4879.5, -0.361386
4880, -0.361386
4880.5, -0.343081
4881, -0.364437
4881.5, -0.379692
4882, -0.358336
4882.5, -0.349183
4883, -0.355285
4883.5, -0.346132
4884, -0.370539
4884.5, -0.364437
4885, -0.358336
4885.5, -0.370539
4886, -0.352234
4886.5, -0.327826
4887, -0.349183
4887.5, -0.346132
4888, -0.37359
4888.5, -0.361386
4889, -0.355285
4889.5, -0.376641
4890, -0.370539
4890.5, -0.336979
4891, -0.352234
4891.5, -0.355285
4892, -0.364437
4892.5, -0.367488
4893, -0.364437
4893.5, -0.37359
4894, -0.361386
4894.5, -0.333928
4895, -0.355285
4895.5, -0.364437
4896, -0.367488
4896.5, -0.370539
4897, -0.370539
4897.5, -0.346132
4898, -0.361386
4898.5, -0.352234
4899, -0.349183
4899.5, -0.361386
4900, -0.379692
4900.5, -0.370539
4901, -0.358336
4901.5, -0.349183
4902, -0.367488
4902.5, -0.355285
4903, -0.367488
4903.5, -0.361386
4904, -0.361386
4904.5, -0.394947
4905, -0.361386
4905.5, -0.346132
4906, -0.361386
4906.5, -0.343081
4907, -0.346132
4907.5, -0.367488
4908, -0.361386
4908.5, -0.382743
4909, -0.361386
4909.5, -0.333928
4910, -0.349183
4910.5, -0.361386
4911, -0.379692
4911.5, -0.37359
4912, -0.367488
4912.5, -0.388845
4913, -0.358336
4913.5, -0.333928
4914, -0.355285
4914.5, -0.346132
4915, -0.364437
4915.5, -0.385794
4916, -0.367488
4916.5, -0.376641
4917, -0.346132
4917.5, -0.30952
4918, -0.352234
4918.5, -0.34003
4919, -0.370539
4919.5, -0.37359
4920, -0.37359
4920.5, -0.358336
4921, -0.34003
4921.5, -0.349183
4922, -0.352234
4922.5, -0.355285
4923, -0.376641
4923.5, -0.379692
4924, -0.361386
4924.5, -0.315622
4925, -0.358336
4925.5, -0.321724
4926, -0.349183
4926.5, -0.385794
4927, -0.355285
4927.5, -0.385794
4928, -0.376641
4928.5, -0.318673
4929, -0.333928
4929.5, -0.364437
4930, -0.349183
4930.5, -0.376641
4931, -0.376641
4931.5, -0.37359
4932, -0.376641
4932.5, -0.330877
4933, -0.355285
4933.5, -0.346132
4934, -0.370539
4934.5, -0.388845
4935, -0.364437
4935.5, -0.379692
4936, -0.349183
4936.5, -0.355285
4937, -0.349183
4937.5, -0.367488
4938, -0.37359
4938.5, -0.376641
4939, -0.376641
4939.5, -0.379692
4940, -0.367488
4940.5, -0.364437
4941, -0.349183
4941.5, -0.358336
4942, -0.370539
4942.5, -0.364437
4943, -0.370539
4943.5, -0.379692
4944, -0.333928
4944.5, -0.343081
4945, -0.343081
4945.5, -0.355285
4946, -0.355285
4946.5, -0.358336
4947, -0.382743
4947.5, -0.364437
4948, -0.358336
4948.5, -0.367488
4949, -0.34003
4949.5, -0.370539
4950, -0.385794
4950.5, -0.358336
4951, -0.379692
4951.5, -0.355285
4952, -0.327826
4952.5, -0.364437
4953, -0.333928
4953.5, -0.370539
4954, -0.379692
4954.5, -0.352234
4955, -0.391896
4955.5, -0.349183
4956, -0.330877
4956.5, -0.355285
4957, -0.34003
4957.5, -0.370539
4958, -0.376641
4958.5, -0.358336
4959, -0.343081
4959.5, -0.355285
4960, -0.367488
4960.5, -0.361386
4961, -0.361386
4961.5, -0.364437
4962, -0.370539
4962.5, -0.370539
4963, -0.34003
4963.5, -0.37359
4964, -0.324775
4964.5, -0.355285
4965, -0.385794
4965.5, -0.355285
4966, -0.364437
4966.5, -0.361386
4967, -0.321724
4967.5, -0.364437
4968, -0.355285
4968.5, -0.355285
4969, -0.379692
4969.5, -0.367488
4970, -0.382743
4970.5, -0.361386
4971, -0.330877
4971.5, -0.355285
4972, -0.343081
4972.5, -0.376641
4973, -0.361386
4973.5, -0.355285
4974, -0.382743
4974.5, -0.343081
4975, -0.352234
4975.5, -0.349183
4976, -0.367488
4976.5, -0.367488
4977, -0.367488
4977.5, -0.361386
4978, -0.388845
4978.5, -0.330877
4979, -0.346132
4979.5, -0.336979
4980, -0.358336
4980.5, -0.370539
4981, -0.352234
4981.5, -0.379692
4982, -0.352234
4982.5, -0.361386
4983, -0.364437
4983.5, -0.34003
4984, -0.385794
4984.5, -0.37359
4985, -0.361386
4985.5, -0.376641
4986, -0.355285
4986.5, -0.34003
4987, -0.358336
4987.5, -0.34003
4988, -0.379692
4988.5, -0.361386
4989, -0.358336
4989.5, -0.376641
4990, -0.361386
4990.5, -0.355285
4991, -0.364437
4991.5, -0.355285
4992, -0.358336
4992.5, -0.355285
4993, -0.370539
4993.5, -0.367488
4994, -0.358336
4994.5, -0.346132
4995, -0.358336
4995.5, -0.367488
4996, -0.352234
4996.5, -0.37359
4997, -0.352234
4997.5, -0.336979
4998, -0.355285
4998.5, -0.352234
4999, -0.352234
4999.5, -0.367488
5000, -0.355285
5000.5, -0.385794
5001, -0.349183
5001.5, -0.346132
5002, -0.364437
5002.5, -0.358336
5003, -0.361386
5003.5, -0.358336
5004, -0.364437
5004.5, -0.388845
5005, -0.367488
5005.5, -0.333928
5006, -0.370539
5006.5, -0.343081
5007, -0.355285
5007.5, -0.361386
5008, -0.361386
5008.5, -0.379692
5009, -0.358336
5009.5, -0.333928
5010, -0.364437
5010.5, -0.352234
5011, -0.361386
5011.5, -0.370539
5012, -0.367488
5012.5, -0.37359
5013, -0.37359
5013.5, -0.324775
5014, -0.346132
5014.5, -0.343081
5015, -0.358336
5015.5, -0.37359
5016, -0.367488
5016.5, -0.376641
5017, -0.355285
5017.5, -0.324775
5018, -0.346132
5018.5, -0.343081
5019, -0.364437
5019.5, -0.376641
5020, -0.358336
5020.5, -0.358336
5021, -0.364437
5021.5, -0.330877
5022, -0.361386
5022.5, -0.379692
5023, -0.364437
5023.5, -0.394947
5024, -0.361386
5024.5, -0.330877
5025, -0.355285
5025.5, -0.336979
5026, -0.343081
5026.5, -0.361386
5027, -0.37359
5027.5, -0.391896
5028, -0.361386
5028.5, -0.330877
5029, -0.327826
5029.5, -0.34003
5030, -0.358336
5030.5, -0.358336
5031, -0.37359
5031.5, -0.379692
5032, -0.367488
5032.5, -0.315622
5033, -0.346132
5033.5, -0.336979
5034, -0.364437
5034.5, -0.385794
5035, -0.37359
5035.5, -0.394947
5036, -0.361386
5036.5, -0.324775
5037, -0.349183
5037.5, -0.321724
5038, -0.370539
5038.5, -0.391896
5039, -0.364437
5039.5, -0.382743
5040, -0.336979
5040.5, -0.327826
5041, -0.349183
5041.5, -0.327826
5042, -0.385794
5042.5, -0.379692
5043, -0.352234
5043.5, -0.367488
5044, -0.352234
5044.5, -0.346132
5045, -0.361386
5045.5, -0.355285
5046, -0.361386
5046.5, -0.37359
5047, -0.364437
5047.5, -0.352234
5048, -0.352234
5048.5, -0.336979
5049, -0.364437
5049.5, -0.379692
5050, -0.364437
5050.5, -0.358336
5051, -0.367488
5051.5, -0.330877
5052, -0.336979
5052.5, -0.343081
5053, -0.330877
5053.5, -0.382743
5054, -0.361386
5054.5, -0.37359
5055, -0.370539
5055.5, -0.30952
5056, -0.336979
5056.5, -0.37359
5057, -0.355285
5057.5, -0.379692
5058, -0.376641
5058.5, -0.364437
5059, -0.388845
5059.5, -0.343081
5060, -0.333928
5060.5, -0.343081
5061, -0.358336
5061.5, -0.349183
5062, -0.379692
5062.5, -0.355285
5063, -0.330877
5063.5, -0.34003
5064, -0.343081
5064.5, -0.361386
5065, -0.367488
5065.5, -0.367488
5066, -0.370539
5066.5, -0.367488
5067, -0.327826
5067.5, -0.355285
5068, -0.346132
5068.5, -0.318673
5069, -0.370539
5069.5, -0.358336
5070, -0.370539
5070.5, -0.355285
5071, -0.327826
5071.5, -0.352234
5072, -0.343081
5072.5, -0.37359
5073, -0.379692
5073.5, -0.349183
5074, -0.379692
5074.5, -0.364437
5075, -0.336979
5075.5, -0.358336
5076, -0.333928
5076.5, -0.376641
5077, -0.367488
5077.5, -0.349183
5078, -0.379692
5078.5, -0.364437
5079, -0.336979
5079.5, -0.355285
5080, -0.349183
5080.5, -0.37359
5081, -0.361386
5081.5, -0.358336
5082, -0.382743
5082.5, -0.364437
5083, -0.330877
5083.5, -0.349183
5084, -0.346132
5084.5, -0.367488
5085, -0.379692
5085.5, -0.37359
5086, -0.346132
5086.5, -0.358336
5087, -0.34003
5087.5, -0.336979
5088, -0.385794
5088.5, -0.361386
5089, -0.388845
5089.5, -0.361386
5090, -0.330877
5090.5, -0.346132
5091, -0.333928
5091.5, -0.352234
5092, -0.37359
5092.5, -0.346132
5093, -0.37359
5093.5, -0.358336
5094, -0.352234
5094.5, -0.361386
5095, -0.364437
5095.5, -0.352234
5096, -0.37359
5096.5, -0.364437
5097, -0.37359
5097.5, -0.349183
5098, -0.333928
5098.5, -0.343081
5099, -0.370539
5099.5, -0.376641
5100, -0.361386
5100.5, -0.370539
5101, -0.349183
5101.5, -0.370539
5102, -0.355285
5102.5, -0.34003
5103, -0.364437
5103.5, -0.370539
5104, -0.382743
5104.5, -0.37359
5105, -0.349183
5105.5, -0.346132
5106, -0.361386
5106.5, -0.358336
5107, -0.376641
5107.5, -0.361386
5108, -0.37359
5108.5, -0.379692
5109, -0.358336
5109.5, -0.346132
5110, -0.364437
5110.5, -0.34003
5111, -0.361386
5111.5, -0.370539
5112, -0.361386
5112.5, -0.376641
5113, -0.361386
5113.5, -0.34003
5114, -0.364437
5114.5, -0.358336
5115, -0.361386
5115.5, -0.367488
5116, -0.352234
5116.5, -0.370539
5117, -0.37359
5117.5, -0.34003
5118, -0.358336
5118.5, -0.346132
5119, -0.361386
5119.5, -0.37359
5120, -0.364437
5120.5, -0.382743
5121, -0.370539
5121.5, -0.346132
5122, -0.361386
5122.5, -0.361386
5123, -0.361386
5123.5, -0.37359
5124, -0.367488
5124.5, -0.336979
5125, -0.364437
5125.5, -0.34003
5126, -0.358336
5126.5, -0.355285
5127, -0.349183
5127.5, -0.355285
5128, -0.358336
5128.5, -0.346132
5129, -0.364437
5129.5, -0.346132
5130, -0.358336
5130.5, -0.364437
5131, -0.379692
5131.5, -0.376641
5132, -0.367488
5132.5, -0.300367
5133, -0.346132
5133.5, -0.324775
5134, -0.349183
5134.5, -0.37359
5135, -0.358336
5135.5, -0.379692
5136, -0.358336
5136.5, -0.336979
5137, -0.358336
5137.5, -0.333928
5138, -0.358336
5138.5, -0.355285
5139, -0.370539
5139.5, -0.37359
5140, -0.364437
5140.5, -0.343081
5141, -0.367488
5141.5, -0.34003
5142, -0.358336
5142.5, -0.370539
5143, -0.370539
5143.5, -0.376641
5144, -0.358336
5144.5, -0.34003
5145, -0.361386
5145.5, -0.321724
5146, -0.361386
5146.5, -0.385794
5147, -0.358336
5147.5, -0.318673
5148, -0.336979
5148.5, -0.333928
5149, -0.346132
5149.5, -0.367488
5150, -0.367488
5150.5, -0.379692
5151, -0.358336
5151.5, -0.346132
5152, -0.349183
5152.5, -0.343081
5153, -0.355285
5153.5, -0.382743
5154, -0.358336
5154.5, -0.391896
5155, -0.385794
5155.5, -0.330877
5156, -0.330877
5156.5, -0.321724
5157, -0.34003
5157.5, -0.379692
5158, -0.361386
5158.5, -0.391896
5159, -0.367488
5159.5, -0.306469
5160, -0.34003
5160.5, -0.352234
5161, -0.361386
5161.5, -0.382743
5162, -0.370539
5162.5, -0.388845
5163, -0.336979
5163.5, -0.315622
5164, -0.358336
5164.5, -0.358336
5165, -0.37359
5165.5, -0.379692
5166, -0.367488
5166.5, -0.388845
5167, -0.34003
5167.5, -0.336979
5168, -0.333928
5168.5, -0.370539
5169, -0.367488
5169.5, -0.391896
5170, -0.367488
5170.5, -0.388845
5171, -0.333928
5171.5, -0.327826
5172, -0.349183
5172.5, -0.358336
5173, -0.364437
5173.5, -0.376641
5174, -0.370539
5174.5, -0.303418
5175, -0.355285
5175.5, -0.358336
5176, -0.336979
5176.5, -0.382743
5177, -0.361386
5177.5, -0.37359
5178, -0.370539
5178.5, -0.318673
5179, -0.355285
5179.5, -0.361386
5180, -0.336979
5180.5, -0.382743
5181, -0.349183
5181.5, -0.370539
5182, -0.355285
5182.5, -0.358336
5183, -0.330877
5183.5, -0.34003
5184, -0.349183
5184.5, -0.355285
5185, -0.37359
5185.5, -0.367488
5186, -0.349183
5186.5, -0.349183
5187, -0.333928
5187.5, -0.376641
5188, -0.379692
5188.5, -0.355285
5189, -0.4041
5189.5, -0.361386
5190, -0.333928
5190.5, -0.352234
5191, -0.333928
5191.5, -0.364437
5192, -0.358336
5192.5, -0.367488
5193, -0.376641
5193.5, -0.361386
5194, -0.352234
5194.5, -0.349183
5195, -0.330877
5195.5, -0.358336
5196, -0.364437
5196.5, -0.361386
5197, -0.361386
5197.5, -0.37359
5198, -0.34003
5198.5, -0.333928
5199, -0.352234
5199.5, -0.367488
5200, -0.376641
5200.5, -0.361386
5201, -0.391896
5201.5, -0.367488
5202, -0.333928
5202.5, -0.346132
5203, -0.336979
5203.5, -0.355285
5204, -0.370539
5204.5, -0.358336
5205, -0.370539
5205.5, -0.361386
5206, -0.324775
5206.5, -0.367488
5207, -0.343081
5207.5, -0.358336
5208, -0.382743
5208.5, -0.370539
5209, -0.370539
5209.5, -0.364437
5210, -0.333928
5210.5, -0.349183
5211, -0.355285
5211.5, -0.349183
5212, -0.376641
5212.5, -0.364437
5213, -0.330877
5213.5, -0.367488
5214, -0.343081
5214.5, -0.352234
5215, -0.385794
5215.5, -0.361386
5216, -0.364437
5216.5, -0.355285
5217, -0.343081
5217.5, -0.349183
5218, -0.37359
5218.5, -0.349183
5219, -0.364437
5219.5, -0.376641
5220, -0.370539
5220.5, -0.358336
5221, -0.352234
5221.5, -0.34003
5222, -0.376641
5222.5, -0.358336
5223, -0.379692
5223.5, -0.370539
5224, -0.361386
5224.5, -0.34003
5225, -0.349183
5225.5, -0.333928
5226, -0.367488
5226.5, -0.361386
5227, -0.358336
5227.5, -0.37359
5228, -0.361386
5228.5, -0.330877
5229, -0.370539
5229.5, -0.358336
5230, -0.364437
5230.5, -0.370539
5231, -0.364437
5231.5, -0.367488
5232, -0.364437
5232.5, -0.346132
5233, -0.361386
5233.5, -0.343081
5234, -0.358336
5234.5, -0.379692
5235, -0.37359
5235.5, -0.379692
5236, -0.358336
5236.5, -0.324775
5237, -0.361386
5237.5, -0.355285
5238, -0.361386
5238.5, -0.367488
5239, -0.364437
5239.5, -0.388845
5240, -0.358336
5240.5, -0.330877
5241, -0.370539
5241.5, -0.346132
5242, -0.358336
5242.5, -0.361386
5243, -0.358336
5243.5, -0.37359
5244, -0.367488
5244.5, -0.333928
5245, -0.343081
5245.5, -0.343081
5246, -0.361386
5246.5, -0.379692
5247, -0.358336
5247.5, -0.361386
5248, -0.364437
5248.5, -0.349183
5249, -0.361386
5249.5, -0.343081
5250, -0.370539
5250.5, -0.370539
5251, -0.367488
5251.5, -0.333928
5252, -0.355285
5252.5, -0.336979
5253, -0.349183
5253.5, -0.37359
5254, -0.352234
5254.5, -0.376641
5255, -0.352234
5255.5, -0.346132
5256, -0.358336
5256.5, -0.352234
5257, -0.346132
5257.5, -0.370539
5258, -0.361386
5258.5, -0.385794
5259, -0.379692
5259.5, -0.324775
5260, -0.367488
5260.5, -0.324775
5261, -0.343081
5261.5, -0.376641
5262, -0.358336
5262.5, -0.382743
5263, -0.343081
5263.5, -0.330877
5264, -0.361386
5264.5, -0.346132
5265, -0.358336
5265.5, -0.361386
5266, -0.361386
5266.5, -0.388845
5267, -0.355285
5267.5, -0.315622
5268, -0.34003
5268.5, -0.349183
5269, -0.37359
5269.5, -0.376641
5270, -0.364437
5270.5, -0.385794
5271, -0.352234
5271.5, -0.306469
5272, -0.352234
5272.5, -0.346132
5273, -0.364437
5273.5, -0.379692
5274, -0.376641
5274.5, -0.315622
5275, -0.349183
5275.5, -0.355285
5276, -0.355285
5276.5, -0.388845
5277, -0.37359
5277.5, -0.382743
5278, -0.382743
5278.5, -0.303418
5279, -0.333928
5279.5, -0.333928
5280, -0.349183
5280.5, -0.379692
5281, -0.355285
5281.5, -0.397998
5282, -0.370539
5282.5, -0.30952
5283, -0.327826
5283.5, -0.34003
5284, -0.364437
5284.5, -0.382743
5285, -0.367488
5285.5, -0.394947
5286, -0.367488
5286.5, -0.330877
5287, -0.352234
5287.5, -0.321724
5288, -0.382743
5288.5, -0.388845
5289, -0.370539
5289.5, -0.388845
5290, -0.346132
5290.5, -0.352234
5291, -0.355285
5291.5, -0.352234
5292, -0.361386
5292.5, -0.364437
5293, -0.370539
5293.5, -0.367488
5294, -0.330877
5294.5, -0.352234
5295, -0.333928
5295.5, -0.364437
5296, -0.355285
5296.5, -0.367488
5297, -0.385794
5297.5, -0.370539
5298, -0.330877
5298.5, -0.349183
5299, -0.336979
5299.5, -0.385794
5300, -0.364437
5300.5, -0.370539
5301, -0.37359
5301.5, -0.343081
5302, -0.343081
5302.5, -0.358336
5303, -0.361386
5303.5, -0.37359
5304, -0.37359
5304.5, -0.367488
5305, -0.370539
5305.5, -0.355285
5306, -0.327826
5306.5, -0.364437
5307, -0.352234
5307.5, -0.358336
5308, -0.379692
5308.5, -0.364437
5309, -0.367488
5309.5, -0.367488
5310, -0.324775
5310.5, -0.361386
5311, -0.346132
5311.5, -0.355285
5312, -0.382743
5312.5, -0.352234
5313, -0.321724
5313.5, -0.37359
5314, -0.34003
5314.5, -0.358336
5315, -0.382743
5315.5, -0.358336
5316, -0.385794
5316.5, -0.367488
5317, -0.336979
5317.5, -0.361386
5318, -0.327826
5318.5, -0.349183
5319, -0.370539
5319.5, -0.37359
5320, -0.379692
5320.5, -0.355285
5321, -0.333928
5321.5, -0.367488
5322, -0.361386
5322.5, -0.355285
5323, -0.37359
5323.5, -0.37359
5324, -0.370539
5324.5, -0.34003
5325, -0.361386
5325.5, -0.367488
5326, -0.34003
5326.5, -0.376641
5327, -0.388845
5327.5, -0.355285
5328, -0.382743
5328.5, -0.367488
5329, -0.34003
5329.5, -0.370539
5330, -0.37359
5330.5, -0.358336
5331, -0.382743
5331.5, -0.358336
5332, -0.388845
5332.5, -0.367488
5333, -0.358336
5333.5, -0.352234
5334, -0.352234
5334.5, -0.367488
5335, -0.370539
5335.5, -0.355285
5336, -0.382743
5336.5, -0.343081
5337, -0.352234
5337.5, -0.355285
5338, -0.376641
5338.5, -0.367488
5339, -0.352234
5339.5, -0.367488
5340, -0.361386
5340.5, -0.352234
5341, -0.37359
5341.5, -0.352234
5342, -0.370539
5342.5, -0.364437
5343, -0.358336
5343.5, -0.388845
5344, -0.355285
5344.5, -0.349183
5345, -0.361386
5345.5, -0.343081
5346, -0.367488
5346.5, -0.37359
5347, -0.367488
5347.5, -0.388845
5348, -0.352234
5348.5, -0.352234
5349, -0.367488
5349.5, -0.355285
5350, -0.358336
5350.5, -0.367488
5351, -0.364437
5351.5, -0.355285
5352, -0.364437
5352.5, -0.336979
5353, -0.361386
5353.5, -0.367488
5354, -0.37359
5354.5, -0.379692
5355, -0.37359
5355.5, -0.330877
5356, -0.364437
5356.5, -0.349183
5357, -0.364437
5357.5, -0.388845
5358, -0.355285
5358.5, -0.379692
5359, -0.370539
5359.5, -0.346132
5360, -0.358336
5360.5, -0.352234
5361, -0.352234
5361.5, -0.376641
5362, -0.358336
5362.5, -0.370539
5363, -0.367488
5363.5, -0.333928
5364, -0.364437
5364.5, -0.352234
5365, -0.364437
5365.5, -0.361386
5366, -0.349183
5366.5, -0.367488
5367, -0.355285
5367.5, -0.318673
5368, -0.349183
5368.5, -0.355285
5369, -0.367488
5369.5, -0.361386
5370, -0.355285
5370.5, -0.376641
5371, -0.355285
5371.5, -0.352234
5372, -0.352234
5372.5, -0.336979
5373, -0.367488
5373.5, -0.364437
5374, -0.379692
5374.5, -0.330877
5375, -0.349183
5375.5, -0.343081
5376, -0.349183
5376.5, -0.364437
5377, -0.355285
5377.5, -0.376641
5378, -0.364437
5378.5, -0.336979
5379, -0.364437
5379.5, -0.327826
5380, -0.358336
5380.5, -0.367488
5381, -0.361386
5381.5, -0.394947
5382, -0.358336
5382.5, -0.318673
5383, -0.361386
5383.5, -0.330877
5384, -0.358336
5384.5, -0.376641
5385, -0.361386
5385.5, -0.370539
5386, -0.367488
5386.5, -0.352234
5387, -0.349183
5387.5, -0.330877
5388, -0.370539
5388.5, -0.364437
5389, -0.370539
5389.5, -0.376641
5390, -0.34003
5390.5, -0.358336
5391, -0.352234
5391.5, -0.34003
5392, -0.379692
5392.5, -0.385794
5393, -0.361386
5393.5, -0.370539
5394, -0.355285
5394.5, -0.303418
5395, -0.34003
5395.5, -0.358336
5396, -0.367488
5396.5, -0.385794
5397, -0.37359
5397.5, -0.385794
5398, -0.330877
5398.5, -0.327826
5399, -0.361386
5399.5, -0.391896
5400, -0.364437
5400.5, -0.397998
5401, -0.352234
5401.5, -0.315622
5402, -0.364437
5402.5, -0.34003
5403, -0.355285
5403.5, -0.376641
5404, -0.376641
5404.5, -0.394947
5405, -0.379692
5405.5, -0.349183
5406, -0.321724
5406.5, -0.333928
5407, -0.352234
5407.5, -0.385794
5408, -0.352234
5408.5, -0.355285
5409, -0.370539
5409.5, -0.358336
5410, -0.336979
5410.5, -0.358336
5411, -0.364437
5411.5, -0.37359
5412, -0.367488
5412.5, -0.376641
5413, -0.355285
5413.5, -0.343081
5414, -0.355285
5414.5, -0.364437
5415, -0.361386
5415.5, -0.382743
5416, -0.361386
5416.5, -0.352234
5417, -0.321724
5417.5, -0.327826
5418, -0.346132
5418.5, -0.370539
5419, -0.367488
5419.5, -0.382743
5420, -0.367488
5420.5, -0.364437
5421, -0.333928
5421.5, -0.34003
5422, -0.336979
5422.5, -0.358336
5423, -0.358336
5423.5, -0.370539
5424, -0.355285
5424.5, -0.361386
5425, -0.333928
5425.5, -0.361386
5426, -0.343081
5426.5, -0.367488
5427, -0.355285
5427.5, -0.349183
5428, -0.370539
5428.5, -0.355285
5429, -0.355285
5429.5, -0.364437
5430, -0.336979
5430.5, -0.367488
5431, -0.370539
5431.5, -0.358336
5432, -0.37359
5432.5, -0.37359
5433, -0.330877
5433.5, -0.370539
5434, -0.330877
5434.5, -0.364437
5435, -0.385794
5435.5, -0.355285
5436, -0.391896
5436.5, -0.358336
5437, -0.343081
5437.5, -0.355285
5438, -0.343081
5438.5, -0.352234
5439, -0.37359
5439.5, -0.37359
5440, -0.333928
5440.5, -0.367488
5441, -0.358336
5441.5, -0.358336
5442, -0.376641
5442.5, -0.364437
5443, -0.358336
5443.5, -0.358336
5444, -0.321724
5444.5, -0.361386
5445, -0.364437
5445.5, -0.346132
5446, -0.37359
5446.5, -0.358336
5447, -0.376641
5447.5, -0.37359
5448, -0.327826
5448.5, -0.361386
5449, -0.343081
5449.5, -0.346132
5450, -0.385794
5450.5, -0.358336
5451, -0.376641
5451.5, -0.37359
5452, -0.343081
5452.5, -0.355285
5453, -0.361386
5453.5, -0.352234
5454, -0.397998
5454.5, -0.364437
5455, -0.379692
5455.5, -0.343081
5456, -0.343081
5456.5, -0.349183
5457, -0.364437
5457.5, -0.37359
5458, -0.361386
5458.5, -0.385794
5459, -0.37359
5459.5, -0.333928
5460, -0.324775
5460.5, -0.352234
5461, -0.361386
5461.5, -0.37359
5462, -0.358336
5462.5, -0.385794
5463, -0.355285
5463.5, -0.333928
5464, -0.367488
5464.5, -0.336979
5465, -0.364437
5465.5, -0.376641
5466, -0.364437
5466.5, -0.367488
5467, -0.352234
5467.5, -0.352234
5468, -0.37359
5468.5, -0.346132
5469, -0.364437
5469.5, -0.364437
5470, -0.349183
5470.5, -0.376641
5471, -0.352234
5471.5, -0.343081
5472, -0.349183
5472.5, -0.352234
5473, -0.364437
5473.5, -0.385794
5474, -0.358336
5474.5, -0.376641
5475, -0.361386
5475.5, -0.358336
5476, -0.358336
5476.5, -0.376641
5477, -0.352234
5477.5, -0.379692
5478, -0.361386
5478.5, -0.352234
5479, -0.364437
5479.5, -0.349183
5480, -0.355285
5480.5, -0.37359
5481, -0.367488
5481.5, -0.391896
5482, -0.355285
5482.5, -0.333928
5483, -0.352234
5483.5, -0.34003
5484, -0.367488
5484.5, -0.349183
5485, -0.361386
5485.5, -0.376641
5486, -0.355285
5486.5, -0.343081
5487, -0.367488
5487.5, -0.352234
5488, -0.364437
5488.5, -0.376641
5489, -0.358336
5489.5, -0.382743
5490, -0.358336
5490.5, -0.343081
5491, -0.361386
5491.5, -0.343081
5492, -0.346132
5492.5, -0.361386
5493, -0.379692
5493.5, -0.385794
5494, -0.336979
5494.5, -0.30952
5495, -0.355285
5495.5, -0.355285
5496, -0.361386
5496.5, -0.37359
5497, -0.367488
5497.5, -0.367488
5498, -0.355285
5498.5, -0.30952
5499, -0.343081
5499.5, -0.346132
5500, -0.358336
5500.5, -0.397998
5501, -0.361386
5501.5, -0.343081
5502, -0.367488
5502.5, -0.352234
5503, -0.358336
5503.5, -0.37359
5504, -0.361386
5504.5, -0.382743
5505, -0.370539
5505.5, -0.321724
5506, -0.355285
5506.5, -0.34003
5507, -0.352234
5507.5, -0.382743
5508, -0.370539
5508.5, -0.382743
5509, -0.376641
5509.5, -0.336979
5510, -0.336979
5510.5, -0.336979
5511, -0.355285
5511.5, -0.388845
5512, -0.37359
5512.5, -0.391896
5513, -0.382743
5513.5, -0.324775
5514, -0.343081
5514.5, -0.321724
5515, -0.364437
5515.5, -0.388845
5516, -0.367488
5516.5, -0.364437
5517, -0.346132
5517.5, -0.343081
5518, -0.352234
5518.5, -0.343081
5519, -0.364437
5519.5, -0.394947
5520, -0.367488
5520.5, -0.397998
5521, -0.34003
5521.5, -0.312571
5522, -0.349183
5522.5, -0.336979
5523, -0.367488
5523.5, -0.379692
5524, -0.370539
5524.5, -0.388845
5525, -0.333928
5525.5, -0.318673
5526, -0.355285
5526.5, -0.358336
5527, -0.361386
5527.5, -0.379692
5528, -0.358336
5528.5, -0.318673
5529, -0.343081
5529.5, -0.336979
5530, -0.352234
5530.5, -0.376641
5531, -0.376641
5531.5, -0.376641
5532, -0.376641
5532.5, -0.324775
5533, -0.349183
5533.5, -0.352234
5534, -0.349183
5534.5, -0.376641
5535, -0.37359
5535.5, -0.388845
5536, -0.367488
5536.5, -0.361386
5537, -0.34003
5537.5, -0.364437
5538, -0.358336
5538.5, -0.361386
5539, -0.367488
5539.5, -0.382743
5540, -0.358336
5540.5, -0.333928
5541, -0.349183
5541.5, -0.358336
5542, -0.376641
5542.5, -0.379692
5543, -0.364437
5543.5, -0.364437
5544, -0.352234
5544.5, -0.358336
5545, -0.346132
5545.5, -0.361386
5546, -0.367488
5546.5, -0.364437
5547, -0.382743
5547.5, -0.370539
5548, -0.324775
5548.5, -0.358336
5549, -0.358336
5549.5, -0.367488
5550, -0.379692
5550.5, -0.370539
5551, -0.379692
5551.5, -0.367488
5552, -0.333928
5552.5, -0.358336
5553, -0.333928
5553.5, -0.364437
5554, -0.376641
5554.5, -0.349183
5555, -0.385794
5555.5, -0.361386
5556, -0.321724
5556.5, -0.367488
5557, -0.34003
5557.5, -0.364437
5558, -0.370539
5558.5, -0.355285
5559, -0.37359
5559.5, -0.355285
5560, -0.333928
5560.5, -0.361386
5561, -0.34003
5561.5, -0.361386
5562, -0.367488
5562.5, -0.355285
5563, -0.385794
5563.5, -0.352234
5564, -0.321724
5564.5, -0.367488
5565, -0.370539
5565.5, -0.376641
5566, -0.370539
5566.5, -0.364437
5567, -0.321724
5567.5, -0.358336
5568, -0.355285
5568.5, -0.349183
5569, -0.370539
5569.5, -0.370539
5570, -0.379692
5570.5, -0.364437
5571, -0.361386
5571.5, -0.367488
5572, -0.355285
5572.5, -0.352234
5573, -0.367488
5573.5, -0.361386
5574, -0.367488
5574.5, -0.358336
5575, -0.349183
5575.5, -0.336979
5576, -0.336979
5576.5, -0.361386
5577, -0.355285
5577.5, -0.361386
5578, -0.37359
5578.5, -0.355285
5579, -0.349183
5579.5, -0.352234
5580, -0.358336
5580.5, -0.361386
5581, -0.367488
5581.5, -0.376641
5582, -0.367488
5582.5, -0.346132
5583, -0.34003
5583.5, -0.343081
5584, -0.367488
5584.5, -0.391896
5585, -0.358336
5585.5, -0.376641
5586, -0.343081
5586.5, -0.361386
5587, -0.358336
5587.5, -0.34003
5588, -0.370539
5588.5, -0.355285
5589, -0.361386
5589.5, -0.370539
5590, -0.358336
5590.5, -0.336979
5591, -0.355285
5591.5, -0.346132
5592, -0.358336
5592.5, -0.364437
5593, -0.367488
5593.5, -0.376641
5594, -0.358336
5594.5, -0.34003
5595, -0.358336
5595.5, -0.364437
5596, -0.361386
5596.5, -0.379692
5597, -0.358336
5597.5, -0.379692
5598, -0.367488
5598.5, -0.346132
5599, -0.361386
5599.5, -0.355285
5600, -0.349183
5600.5, -0.361386
5601, -0.364437
5601.5, -0.364437
5602, -0.361386
5602.5, -0.349183
5603, -0.358336
5603.5, -0.364437
5604, -0.367488
5604.5, -0.376641
5605, -0.352234
5605.5, -0.34003
5606, -0.364437
5606.5, -0.361386
5607, -0.37359
5607.5, -0.367488
5608, -0.370539
5608.5, -0.379692
5609, -0.367488
5609.5, -0.34003
5610, -0.361386
5610.5, -0.352234
5611, -0.358336
5611.5, -0.361386
5612, -0.361386
5612.5, -0.364437
5613, -0.379692
5613.5, -0.336979
5614, -0.355285
5614.5, -0.349183
5615, -0.352234
5615.5, -0.385794
5616, -0.376641
5616.5, -0.370539
5617, -0.364437
5617.5, -0.34003
5618, -0.349183
5618.5, -0.336979
5619, -0.346132
5619.5, -0.367488
5620, -0.367488
5620.5, -0.37359
5621, -0.343081
5621.5, -0.34003
5622, -0.349183
5622.5, -0.346132
5623, -0.355285
5623.5, -0.382743
5624, -0.367488
5624.5, -0.394947
5625, -0.352234
5625.5, -0.303418
5626, -0.364437
5626.5, -0.355285
5627, -0.361386
5627.5, -0.361386
5628, -0.370539
5628.5, -0.30952
5629, -0.333928
5629.5, -0.346132
5630, -0.358336
5630.5, -0.382743
5631, -0.358336
5631.5, -0.382743
5632, -0.370539
5632.5, -0.318673
5633, -0.352234
5633.5, -0.343081
5634, -0.34003
5634.5, -0.37359
5635, -0.364437
5635.5, -0.379692
5636, -0.391896
5636.5, -0.303418
5637, -0.336979
5637.5, -0.330877
5638, -0.361386
5638.5, -0.388845
5639, -0.355285
5639.5, -0.385794
5640, -0.364437
5640.5, -0.336979
5641, -0.355285
5641.5, -0.349183
5642, -0.367488
5642.5, -0.376641
5643, -0.364437
5643.5, -0.397998
5644, -0.330877
5644.5, -0.330877
5645, -0.352234
5645.5, -0.330877
5646, -0.364437
5646.5, -0.376641
5647, -0.364437
5647.5, -0.388845
5648, -0.324775
5648.5, -0.318673
5649, -0.352234
5649.5, -0.327826
5650, -0.391896
5650.5, -0.376641
5651, -0.355285
5651.5, -0.379692
5652, -0.349183
5652.5, -0.336979
5653, -0.343081
5653.5, -0.367488
5654, -0.370539
5654.5, -0.379692
5655, -0.382743
5655.5, -0.352234
5656, -0.346132
5656.5, -0.367488
5657, -0.352234
5657.5, -0.37359
5658, -0.361386
5658.5, -0.361386
5659, -0.382743
5659.5, -0.355285
5660, -0.349183
5660.5, -0.349183
5661, -0.330877
5661.5, -0.367488
5662, -0.361386
5662.5, -0.355285
5663, -0.376641
5663.5, -0.364437
5664, -0.355285
5664.5, -0.364437
5665, -0.352234
5665.5, -0.361386
5666, -0.37359
5666.5, -0.358336
5667, -0.358336
5667.5, -0.361386
5668, -0.355285
5668.5, -0.358336
5669, -0.370539
5669.5, -0.355285
5670, -0.388845
5670.5, -0.361386
5671, -0.343081
5671.5, -0.37359
5672, -0.333928
5672.5, -0.367488
5673, -0.370539
5673.5, -0.364437
5674, -0.382743
5674.5, -0.364437
5675, -0.327826
5675.5, -0.358336
5676, -0.330877
5676.5, -0.346132
5677, -0.37359
5677.5, -0.355285
5678, -0.376641
5678.5, -0.349183
5679, -0.330877
5679.5, -0.358336
5680, -0.327826
5680.5, -0.364437
5681, -0.37359
5681.5, -0.379692
5682, -0.388845
5682.5, -0.370539
5683, -0.324775
5683.5, -0.358336
5684, -0.358336
5684.5, -0.367488
5685, -0.367488
5685.5, -0.37359
5686, -0.358336
5686.5, -0.355285
5687, -0.330877
5687.5, -0.346132
5688, -0.343081
5688.5, -0.37359
5689, -0.376641
5689.5, -0.367488
5690, -0.364437
5690.5, -0.358336
5691, -0.349183
5691.5, -0.361386
5692, -0.370539
5692.5, -0.364437
5693, -0.376641
5693.5, -0.355285
5694, -0.321724
5694.5, -0.343081
5695, -0.349183
5695.5, -0.364437
5696, -0.379692
5696.5, -0.370539
5697, -0.382743
5697.5, -0.364437
5698, -0.361386
5698.5, -0.352234
5699, -0.346132
5699.5, -0.364437
5700, -0.361386
5700.5, -0.364437
5701, -0.385794
5701.5, -0.370539
5702, -0.364437
5702.5, -0.352234
5703, -0.364437
5703.5, -0.367488
5704, -0.37359
5704.5, -0.379692
5705, -0.358336
5705.5, -0.324775
5706, -0.367488
5706.5, -0.346132
5707, -0.379692
5707.5, -0.364437
5708, -0.364437
5708.5, -0.367488
5709, -0.364437
5709.5, -0.367488
5710, -0.352234
5710.5, -0.343081
5711, -0.358336
5711.5, -0.367488
5712, -0.364437
5712.5, -0.382743
5713, -0.358336
5713.5, -0.346132
5714, -0.358336
5714.5, -0.343081
5715, -0.370539
5715.5, -0.364437
5716, -0.358336
5716.5, -0.376641
5717, -0.367488
5717.5, -0.321724
5718, -0.358336
5718.5, -0.355285
5719, -0.367488
5719.5, -0.367488
5720, -0.346132
5720.5, -0.367488
5721, -0.376641
5721.5, -0.327826
5722, -0.352234
5722.5, -0.336979
5723, -0.358336
5723.5, -0.367488
5724, -0.358336
5724.5, -0.382743
5725, -0.370539
5725.5, -0.336979
5726, -0.364437
5726.5, -0.346132
5727, -0.352234
5727.5, -0.364437
5728, -0.355285
5728.5, -0.355285
5729, -0.358336
5729.5, -0.349183
5730, -0.361386
5730.5, -0.364437
5731, -0.355285
5731.5, -0.370539
5732, -0.364437
5732.5, -0.333928
5733, -0.364437
5733.5, -0.321724
5734, -0.358336
5734.5, -0.388845
5735, -0.355285
5735.5, -0.37359
5736, -0.355285
5736.5, -0.343081
5737, -0.349183
5737.5, -0.343081
5738, -0.34003
5738.5, -0.379692
5739, -0.364437
5739.5, -0.385794
5740, -0.379692
5740.5, -0.324775
5741, -0.352234
5741.5, -0.336979
5742, -0.358336
5742.5, -0.367488
5743, -0.355285
5743.5, -0.376641
5744, -0.349183
5744.5, -0.294265
5745, -0.355285
5745.5, -0.327826
5746, -0.376641
5746.5, -0.382743
5747, -0.361386
5747.5, -0.370539
5748, -0.349183
5748.5, -0.324775
5749, -0.346132
5749.5, -0.34003
5750, -0.358336
5750.5, -0.364437
5751, -0.364437
5751.5, -0.394947
5752, -0.333928
5752.5, -0.330877
5753, -0.346132
5753.5, -0.352234
5754, -0.379692
5754.5, -0.385794
5755, -0.388845
5755.5, -0.312571
5756, -0.34003
5756.5, -0.330877
5757, -0.352234
5757.5, -0.397998
5758, -0.358336
5758.5, -0.397998
5759, -0.376641
5759.5, -0.300367
5760, -0.355285
5760.5, -0.34003
5761, -0.34003
5761.5, -0.376641
5762, -0.367488
5762.5, -0.407151
5763, -0.364437
5763.5, -0.312571
5764, -0.352234
5764.5, -0.343081
5765, -0.349183
5765.5, -0.391896
5766, -0.37359
5766.5, -0.367488
5767, -0.346132
5767.5, -0.315622
5768, -0.352234
5768.5, -0.349183
5769, -0.379692
5769.5, -0.370539
5770, -0.364437
5770.5, -0.379692
5771, -0.355285
5771.5, -0.336979
5772, -0.330877
5772.5, -0.361386
5773, -0.379692
5773.5, -0.355285
5774, -0.370539
5774.5, -0.379692
5775, -0.361386
5775.5, -0.364437
5776, -0.346132
5776.5, -0.364437
5777, -0.355285
5777.5, -0.361386
5778, -0.376641
5778.5, -0.367488
5779, -0.349183
5779.5, -0.364437
5780, -0.343081
5780.5, -0.367488
5781, -0.361386
5781.5, -0.367488
5782, -0.382743
5782.5, -0.364437
5783, -0.333928
5783.5, -0.352234
5784, -0.346132
5784.5, -0.361386
5785, -0.37359
5785.5, -0.370539
5786, -0.370539
5786.5, -0.37359
5787, -0.34003
5787.5, -0.364437
5788, -0.343081
5788.5, -0.37359
5789, -0.370539
5789.5, -0.367488
5790, -0.385794
5790.5, -0.367488
5791, -0.330877
5791.5, -0.361386
5792, -0.361386
5792.5, -0.358336
5793, -0.388845
5793.5, -0.364437
5794, -0.330877
5794.5, -0.37359
5795, -0.346132
5795.5, -0.364437
5796, -0.367488
5796.5, -0.346132
5797, -0.37359
5797.5, -0.361386
5798, -0.324775
5798.5, -0.367488
5799, -0.343081
5799.5, -0.370539
5800, -0.37359
5800.5, -0.364437
5801, -0.367488
5801.5, -0.355285
5802, -0.349183
5802.5, -0.355285
5803, -0.336979
5803.5, -0.364437
5804, -0.367488
5804.5, -0.37359
5805, -0.361386
5805.5, -0.367488
5806, -0.333928
5806.5, -0.364437
5807, -0.346132
5807.5, -0.370539
5808, -0.367488
5808.5, -0.355285
5809, -0.364437
5809.5, -0.367488
5810, -0.333928
5810.5, -0.364437
5811, -0.349183
5811.5, -0.37359
5812, -0.355285
5812.5, -0.370539
5813, -0.355285
5813.5, -0.364437
5814, -0.321724
5814.5, -0.367488
5815, -0.364437
5815.5, -0.37359
5816, -0.361386
5816.5, -0.370539
5817, -0.370539
5817.5, -0.364437
5818, -0.361386
5818.5, -0.34003
5819, -0.361386
5819.5, -0.370539
5820, -0.361386
5820.5, -0.336979
5821, -0.355285
5821.5, -0.346132
5822, -0.358336
5822.5, -0.355285
5823, -0.352234
5823.5, -0.358336
5824, -0.358336
5824.5, -0.379692
5825, -0.34003
5825.5, -0.34003
5826, -0.367488
5826.5, -0.352234
5827, -0.364437
5827.5, -0.379692
5828, -0.361386
5828.5, -0.376641
5829, -0.355285
5829.5, -0.346132
5830, -0.358336
5830.5, -0.367488
5831, -0.367488
5831.5, -0.358336
5832, -0.364437
5832.5, -0.349183
5833, -0.349183
5833.5, -0.349183
5834, -0.358336
5834.5, -0.379692
5835, -0.349183
5835.5, -0.376641
5836, -0.37359
5836.5, -0.30952
5837, -0.352234
5837.5, -0.34003
5838, -0.364437
5838.5, -0.355285
5839, -0.361386
5839.5, -0.367488
5840, -0.361386
5840.5, -0.343081
5841, -0.355285
5841.5, -0.361386
5842, -0.355285
5842.5, -0.370539
5843, -0.358336
5843.5, -0.385794
5844, -0.349183
5844.5, -0.321724
5845, -0.349183
5845.5, -0.355285
5846, -0.370539
5846.5, -0.37359
5847, -0.352234
5847.5, -0.37359
5848, -0.361386
5848.5, -0.349183
5849, -0.358336
5849.5, -0.346132
5850, -0.361386
5850.5, -0.370539
5851, -0.370539
5851.5, -0.37359
5852, -0.358336
5852.5, -0.30952
5853, -0.343081
5853.5, -0.370539
5854, -0.364437
5854.5, -0.37359
5855, -0.376641
5855.5, -0.333928
5856, -0.346132
5856.5, -0.330877
5857, -0.352234
5857.5, -0.358336
5858, -0.358336
5858.5, -0.385794
5859, -0.367488
5859.5, -0.303418
5860, -0.379692
5860.5, -0.333928
5861, -0.34003
5861.5, -0.385794
5862, -0.376641
5862.5, -0.385794
5863, -0.370539
5863.5, -0.30952
5864, -0.358336
5864.5, -0.349183
5865, -0.358336
5865.5, -0.370539
5866, -0.367488
5866.5, -0.4041
5867, -0.349183
5867.5, -0.306469
5868, -0.349183
5868.5, -0.336979
5869, -0.37359
5869.5, -0.370539
5870, -0.379692
5870.5, -0.382743
5871, -0.358336
5871.5, -0.312571
5872, -0.346132
5872.5, -0.330877
5873, -0.37359
5873.5, -0.382743
5874, -0.382743
5874.5, -0.388845
5875, -0.336979
5875.5, -0.336979
5876, -0.358336
5876.5, -0.349183
5877, -0.364437
5877.5, -0.385794
5878, -0.370539
5878.5, -0.352234
5879, -0.336979
5879.5, -0.321724
5880, -0.343081
5880.5, -0.361386
5881, -0.358336
5881.5, -0.391896
5882, -0.367488
5882.5, -0.324775
5883, -0.336979
5883.5, -0.346132
5884, -0.364437
5884.5, -0.370539
5885, -0.358336
5885.5, -0.394947
5886, -0.364437
5886.5, -0.333928
5887, -0.352234
5887.5, -0.352234
5888, -0.352234
5888.5, -0.37359
5889, -0.379692
5889.5, -0.367488
5890, -0.361386
5890.5, -0.346132
5891, -0.318673
5891.5, -0.379692
5892, -0.34003
5892.5, -0.382743
5893, -0.37359
5893.5, -0.358336
5894, -0.336979
5894.5, -0.34003
5895, -0.343081
5895.5, -0.367488
5896, -0.364437
5896.5, -0.379692
5897, -0.364437
5897.5, -0.346132
5898, -0.327826
5898.5, -0.327826
5899, -0.355285
5899.5, -0.388845
5900, -0.352234
5900.5, -0.349183
5901, -0.379692
5901.5, -0.364437
5902, -0.349183
5902.5, -0.349183
5903, -0.330877
5903.5, -0.370539
5904, -0.379692
5904.5, -0.367488
5905, -0.367488
5905.5, -0.361386
5906, -0.333928
5906.5, -0.352234
5907, -0.364437
5907.5, -0.379692
5908, -0.352234
5908.5, -0.355285
5909, -0.376641
5909.5, -0.330877
5910, -0.324775
5910.5, -0.364437
5911, -0.336979
5911.5, -0.364437
5912, -0.382743
5912.5, -0.358336
5913, -0.364437
5913.5, -0.37359
5914, -0.318673
5914.5, -0.367488
5915, -0.34003
5915.5, -0.349183
5916, -0.367488
5916.5, -0.343081
5917, -0.382743
5917.5, -0.367488
5918, -0.333928
5918.5, -0.37359
5919, -0.361386
5919.5, -0.370539
5920, -0.382743
5920.5, -0.367488
5921, -0.321724
5921.5, -0.361386
5922, -0.343081
5922.5, -0.355285
5923, -0.361386
5923.5, -0.370539
5924, -0.382743
5924.5, -0.370539
5925, -0.343081
5925.5, -0.37359
5926, -0.358336
5926.5, -0.355285
5927, -0.37359
5927.5, -0.355285
5928, -0.361386
5928.5, -0.37359
5929, -0.330877
5929.5, -0.367488
5930, -0.367488
5930.5, -0.358336
5931, -0.352234
5931.5, -0.349183
5932, -0.355285
5932.5, -0.336979
5933, -0.355285
5933.5, -0.358336
5934, -0.367488
5934.5, -0.370539
5935, -0.385794
5935.5, -0.376641
5936, -0.370539
5936.5, -0.321724
5937, -0.333928
5937.5, -0.355285
5938, -0.343081
5938.5, -0.37359
5939, -0.352234
5939.5, -0.391896
5940, -0.376641
5940.5, -0.34003
5941, -0.352234
5941.5, -0.349183
5942, -0.358336
5942.5, -0.37359
5943, -0.358336
5943.5, -0.364437
5944, -0.361386
5944.5, -0.352234
5945, -0.358336
5945.5, -0.355285
5946, -0.361386
5946.5, -0.367488
5947, -0.361386
5947.5, -0.370539
5948, -0.361386
5948.5, -0.330877
5949, -0.37359
5949.5, -0.333928
5950, -0.355285
5950.5, -0.367488
5951, -0.355285
5951.5, -0.382743
5952, -0.358336
5952.5, -0.349183
5953, -0.352234
5953.5, -0.343081
5954, -0.364437
5954.5, -0.364437
5955, -0.358336
5955.5, -0.346132
5956, -0.370539
5956.5, -0.343081
5957, -0.346132
5957.5, -0.379692
5958, -0.364437
5958.5, -0.37359
5959, -0.355285
5959.5, -0.321724
5960, -0.367488
5960.5, -0.34003
5961, -0.361386
5961.5, -0.379692
5962, -0.361386
5962.5, -0.37359
5963, -0.367488
5963.5, -0.346132
5964, -0.370539
5964.5, -0.324775
5965, -0.367488
5965.5, -0.388845
5966, -0.364437
5966.5, -0.37359
5967, -0.330877
5967.5, -0.34003
5968, -0.364437
5968.5, -0.34003
5969, -0.364437
5969.5, -0.379692
5970, -0.376641
5970.5, -0.379692
5971, -0.364437
5971.5, -0.333928
5972, -0.349183
5972.5, -0.364437
5973, -0.358336
5973.5, -0.364437
5974, -0.352234
5974.5, -0.355285
5975, -0.370539
5975.5, -0.330877
5976, -0.349183
5976.5, -0.34003
5977, -0.364437
5977.5, -0.364437
5978, -0.352234
5978.5, -0.388845
5979, -0.361386
5979.5, -0.30952
5980, -0.352234
5980.5, -0.336979
5981, -0.367488
5981.5, -0.388845
5982, -0.382743
5982.5, -0.312571
5983, -0.349183
5983.5, -0.312571
5984, -0.333928
5984.5, -0.379692
5985, -0.355285
5985.5, -0.394947
5986, -0.361386
5986.5, -0.330877
5987, -0.333928
5987.5, -0.330877
5988, -0.361386
5988.5, -0.379692
5989, -0.364437
5989.5, -0.361386
5990, -0.376641
5990.5, -0.306469
5991, -0.327826
5991.5, -0.330877
5992, -0.352234
5992.5, -0.385794
5993, -0.367488
5993.5, -0.358336
5994, -0.367488
5994.5, -0.321724
5995, -0.352234
5995.5, -0.34003
5996, -0.370539
5996.5, -0.352234
5997, -0.376641
5997.5, -0.370539
5998, -0.361386
5998.5, -0.291214
5999, -0.343081
5999.5, -0.352234
6000, -0.364437
6000.5, -0.391896
6001, -0.376641
6001.5, -0.376641
6002, -0.364437
6002.5, -0.297316
6003, -0.346132
6003.5, -0.349183
6004, -0.361386
6004.5, -0.397998
6005, -0.355285
6005.5, -0.379692
6006, -0.346132
6006.5, -0.34003
6007, -0.34003
6007.5, -0.358336
6008, -0.370539
6008.5, -0.394947
6009, -0.364437
6009.5, -0.321724
6010, -0.358336
6010.5, -0.343081
6011, -0.352234
6011.5, -0.361386
6012, -0.376641
6012.5, -0.367488
6013, -0.376641
6013.5, -0.336979
6014, -0.327826
6014.5, -0.367488
6015, -0.327826
6015.5, -0.379692
6016, -0.376641
6016.5, -0.352234
6017, -0.367488
6017.5, -0.346132
6018, -0.327826
6018.5, -0.379692
6019, -0.355285
6019.5, -0.385794
6020, -0.367488
6020.5, -0.34003
6021, -0.327826
6021.5, -0.349183
6022, -0.333928
6022.5, -0.367488
6023, -0.370539
6023.5, -0.388845
6024, -0.370539
6024.5, -0.352234
6025, -0.343081
6025.5, -0.367488
6026, -0.336979
6026.5, -0.355285
6027, -0.37359
6027.5, -0.37359
6028, -0.37359
6028.5, -0.376641
6029, -0.358336
6029.5, -0.352234
6030, -0.349183
6030.5, -0.367488
6031, -0.37359
6031.5, -0.364437
6032, -0.376641
6032.5, -0.358336
6033, -0.343081
6033.5, -0.346132
6034, -0.324775
6034.5, -0.367488
6035, -0.382743
6035.5, -0.346132
6036, -0.379692
6036.5, -0.352234
6037, -0.315622
6037.5, -0.370539
6038, -0.34003
6038.5, -0.370539
6039, -0.379692
6039.5, -0.370539
6040, -0.391896
6040.5, -0.379692
6041, -0.330877
6041.5, -0.364437
6042, -0.34003
6042.5, -0.358336
6043, -0.361386
6043.5, -0.355285
6044, -0.343081
6044.5, -0.346132
6045, -0.327826
6045.5, -0.349183
6046, -0.382743
6046.5, -0.364437
6047, -0.352234
6047.5, -0.361386
6048, -0.34003
6048.5, -0.361386
6049, -0.355285
6049.5, -0.355285
6050, -0.37359
6050.5, -0.361386
6051, -0.358336
6051.5, -0.358336
6052, -0.346132
6052.5, -0.37359
6053, -0.349183
6053.5, -0.361386
6054, -0.370539
6054.5, -0.361386
6055, -0.355285
6055.5, -0.355285
6056, -0.355285
6056.5, -0.37359
6057, -0.346132
6057.5, -0.364437
6058, -0.367488
6058.5, -0.379692
6059, -0.370539
6059.5, -0.343081
6060, -0.355285
6060.5, -0.358336
6061, -0.361386
6061.5, -0.376641
6062, -0.358336
6062.5, -0.355285
6063, -0.376641
6063.5, -0.364437
6064, -0.367488
6064.5, -0.346132
6065, -0.382743
6065.5, -0.367488
6066, -0.364437
6066.5, -0.364437
6067, -0.364437
6067.5, -0.355285
6068, -0.361386
6068.5, -0.343081
6069, -0.361386
6069.5, -0.352234
6070, -0.367488
6070.5, -0.361386
6071, -0.358336
6071.5, -0.349183
6072, -0.364437
6072.5, -0.361386
6073, -0.361386
6073.5, -0.367488
6074, -0.355285
6074.5, -0.376641
6075, -0.355285
6075.5, -0.336979
6076, -0.349183
6076.5, -0.34003
6077, -0.370539
6077.5, -0.364437
6078, -0.364437
6078.5, -0.37359
6079, -0.370539
6079.5, -0.355285
6080, -0.34003
6080.5, -0.367488
6081, -0.346132
6081.5, -0.370539
6082, -0.361386
6082.5, -0.361386
6083, -0.367488
6083.5, -0.34003
6084, -0.346132
6084.5, -0.382743
6085, -0.358336
6085.5, -0.382743
6086, -0.361386
6086.5, -0.330877
6087, -0.358336
6087.5, -0.333928
6088, -0.367488
6088.5, -0.367488
6089, -0.367488
6089.5, -0.370539
6090, -0.352234
6090.5, -0.34003
6091, -0.376641
6091.5, -0.361386
6092, -0.361386
6092.5, -0.376641
6093, -0.37359
6093.5, -0.361386
6094, -0.370539
6094.5, -0.330877
6095, -0.355285
6095.5, -0.343081
6096, -0.34003
6096.5, -0.37359
6097, -0.379692
6097.5, -0.349183
6098, -0.336979
6098.5, -0.327826
6099, -0.349183
6099.5, -0.37359
6100, -0.358336
6100.5, -0.379692
6101, -0.367488
6101.5, -0.352234
6102, -0.367488
6102.5, -0.318673
6103, -0.352234
6103.5, -0.327826
6104, -0.367488
6104.5, -0.358336
6105, -0.361386
6105.5, -0.379692
6106, -0.352234
6106.5, -0.336979
6107, -0.352234
6107.5, -0.34003
6108, -0.370539
6108.5, -0.367488
6109, -0.376641
6109.5, -0.324775
6110, -0.333928
6110.5, -0.333928
6111, -0.352234
6111.5, -0.364437
6112, -0.379692
6112.5, -0.37359
6113, -0.370539
6113.5, -0.312571
6114, -0.34003
6114.5, -0.327826
6115, -0.352234
6115.5, -0.379692
6116, -0.379692
6116.5, -0.355285
6117, -0.388845
6117.5, -0.315622
6118, -0.336979
6118.5, -0.349183
6119, -0.343081
6119.5, -0.382743
6120, -0.358336
6120.5, -0.370539
6121, -0.352234
6121.5, -0.330877
6122, -0.321724
6122.5, -0.355285
6123, -0.355285
6123.5, -0.37359
6124, -0.364437
6124.5, -0.370539
6125, -0.324775
6125.5, -0.312571
6126, -0.352234
6126.5, -0.382743
6127, -0.370539
6127.5, -0.379692
6128, -0.367488
6128.5, -0.382743
6129, -0.346132
6129.5, -0.327826
6130, -0.349183
6130.5, -0.37359
6131, -0.37359
6131.5, -0.385794
6132, -0.37359
6132.5, -0.352234
6133, -0.34003
6133.5, -0.34003
6134, -0.34003
6134.5, -0.385794
6135, -0.367488
6135.5, -0.391896
6136, -0.367488
6136.5, -0.336979
6137, -0.34003
6137.5, -0.343081
6138, -0.336979
6138.5, -0.376641
6139, -0.361386
6139.5, -0.370539
6140, -0.376641
6140.5, -0.327826
6141, -0.330877
6141.5, -0.364437
6142, -0.346132
6142.5, -0.385794
6143, -0.358336
6143.5, -0.355285
6144, -0.37359
6144.5, -0.352234
6145, -0.34003
6145.5, -0.367488
6146, -0.333928
6146.5, -0.364437
6147, -0.37359
6147.5, -0.349183
6148, -0.315622
6148.5, -0.367488
6149, -0.343081
6149.5, -0.379692
6150, -0.391896
6150.5, -0.361386
6151, -0.391896
6151.5, -0.343081
6152, -0.315622
6152.5, -0.376641
6153, -0.333928
6153.5, -0.352234
6154, -0.385794
6154.5, -0.352234
6155, -0.394947
6155.5, -0.367488
6156, -0.30952
6156.5, -0.361386
6157, -0.355285
6157.5, -0.370539
6158, -0.358336
6158.5, -0.364437
6159, -0.379692
6159.5, -0.367488
6160, -0.315622
6160.5, -0.367488
6161, -0.327826
6161.5, -0.352234
6162, -0.370539
6162.5, -0.361386
6163, -0.379692
6163.5, -0.355285
6164, -0.315622
6164.5, -0.364437
6165, -0.34003
6165.5, -0.370539
6166, -0.367488
6166.5, -0.367488
6167, -0.385794
6167.5, -0.358336
6168, -0.318673
6168.5, -0.361386
6169, -0.333928
6169.5, -0.367488
6170, -0.376641
6170.5, -0.361386
6171, -0.385794
6171.5, -0.370539
6172, -0.318673
6172.5, -0.346132
6173, -0.349183
6173.5, -0.352234
6174, -0.376641
6174.5, -0.361386
6175, -0.346132
6175.5, -0.364437
6176, -0.364437
6176.5, -0.349183
6177, -0.364437
6177.5, -0.358336
6178, -0.361386
6178.5, -0.37359
6179, -0.330877
6179.5, -0.370539
6180, -0.361386
6180.5, -0.358336
6181, -0.361386
6181.5, -0.37359
6182, -0.382743
6182.5, -0.367488
6183, -0.379692
6183.5, -0.327826
6184, -0.367488
6184.5, -0.346132
6185, -0.364437
6185.5, -0.379692
6186, -0.352234
6186.5, -0.34003
6187, -0.358336
6187.5, -0.355285
6188, -0.358336
6188.5, -0.370539
6189, -0.364437
6189.5, -0.370539
6190, -0.355285
6190.5, -0.343081
6191, -0.352234
6191.5, -0.361386
6192, -0.364437
6192.5, -0.355285
6193, -0.370539
6193.5, -0.352234
6194, -0.358336
6194.5, -0.352234
6195, -0.34003
6195.5, -0.346132
6196, -0.370539
6196.5, -0.376641
6197, -0.367488
6197.5, -0.37359
6198, -0.379692
6198.5, -0.358336
6199, -0.352234
6199.5, -0.370539
6200, -0.346132
6200.5, -0.364437
6201, -0.358336
6201.5, -0.355285
6202, -0.376641
6202.5, -0.315622
6203, -0.352234
6203.5, -0.367488
6204, -0.367488
6204.5, -0.382743
6205, -0.355285
6205.5, -0.370539
6206, -0.361386
6206.5, -0.330877
6207, -0.364437
6207.5, -0.352234
6208, -0.37359
6208.5, -0.382743
6209, -0.367488
6209.5, -0.343081
6210, -0.352234
6210.5, -0.336979
6211, -0.355285
6211.5, -0.367488
6212, -0.367488
6212.5, -0.385794
6213, -0.376641
6213.5, -0.336979
6214, -0.361386
6214.5, -0.358336
6215, -0.355285
6215.5, -0.367488
6216, -0.376641
6216.5, -0.379692
6217, -0.364437
6217.5, -0.343081
6218, -0.349183
6218.5, -0.346132
6219, -0.355285
6219.5, -0.385794
6220, -0.37359
6220.5, -0.379692
6221, -0.370539
6221.5, -0.336979
6222, -0.315622
6222.5, -0.355285
6223, -0.343081
6223.5, -0.370539
6224, -0.367488
6224.5, -0.355285
6225, -0.352234
6225.5, -0.333928
6226, -0.346132
6226.5, -0.333928
6227, -0.370539
6227.5, -0.376641
6228, -0.352234
6228.5, -0.394947
6229, -0.352234
6229.5, -0.312571
6230, -0.358336
6230.5, -0.349183
6231, -0.370539
6231.5, -0.376641
6232, -0.361386
6232.5, -0.382743
6233, -0.318673
6233.5, -0.355285
6234, -0.346132
6234.5, -0.336979
6235, -0.364437
6235.5, -0.379692
6236, -0.385794
6236.5, -0.34003
6237, -0.312571
6237.5, -0.330877
6238, -0.349183
6238.5, -0.376641
6239, -0.361386
6239.5, -0.385794
6240, -0.388845
6240.5, -0.333928
6241, -0.346132
6241.5, -0.352234
6242, -0.343081
6242.5, -0.382743
6243, -0.370539
6243.5, -0.385794
6244, -0.37359
6244.5, -0.330877
6245, -0.346132
6245.5, -0.349183
6246, -0.349183
6246.5, -0.388845
6247, -0.370539
6247.5, -0.358336
6248, -0.349183
6248.5, -0.324775
6249, -0.321724
6249.5, -0.370539
6250, -0.358336
6250.5, -0.361386
6251, -0.379692
6251.5, -0.367488
6252, -0.330877
6252.5, -0.370539
6253, -0.330877
6253.5, -0.364437
6254, -0.382743
6254.5, -0.385794
6255, -0.382743
6255.5, -0.333928
6256, -0.333928
6256.5, -0.364437
6257, -0.330877
6257.5, -0.370539
6258, -0.352234
6258.5, -0.361386
6259, -0.382743
6259.5, -0.343081
6260, -0.318673
6260.5, -0.330877
6261, -0.346132
6261.5, -0.382743
6262, -0.37359
6262.5, -0.370539
6263, -0.370539
6263.5, -0.333928
6264, -0.346132
6264.5, -0.352234
6265, -0.333928
6265.5, -0.37359
6266, -0.382743
6266.5, -0.364437
6267, -0.391896
6267.5, -0.361386
6268, -0.318673
6268.5, -0.379692
6269, -0.346132
6269.5, -0.370539
6270, -0.37359
6270.5, -0.355285
6271, -0.388845
6271.5, -0.385794
6272, -0.312571
6272.5, -0.355285
6273, -0.349183
6273.5, -0.358336
6274, -0.364437
6274.5, -0.358336
6275, -0.336979
6275.5, -0.364437
6276, -0.336979
6276.5, -0.364437
6277, -0.352234
6277.5, -0.346132
6278, -0.391896
6278.5, -0.349183
6279, -0.297316
6279.5, -0.364437
6280, -0.349183
6280.5, -0.352234
6281, -0.37359
6281.5, -0.367488
6282, -0.391896
6282.5, -0.358336
6283, -0.355285
6283.5, -0.361386
6284, -0.358336
6284.5, -0.355285
6285, -0.349183
6285.5, -0.370539
6286, -0.37359
6286.5, -0.361386
6287, -0.315622
6287.5, -0.358336
6288, -0.34003
6288.5, -0.358336
6289, -0.382743
6289.5, -0.367488
6290, -0.361386
6290.5, -0.370539
6291, -0.361386
6291.5, -0.355285
6292, -0.349183
6292.5, -0.370539
6293, -0.367488
6293.5, -0.364437
6294, -0.364437
6294.5, -0.358336
6295, -0.330877
6295.5, -0.346132
6296, -0.333928
6296.5, -0.355285
6297, -0.388845
6297.5, -0.352234
6298, -0.379692
6298.5, -0.37359
6299, -0.358336
6299.5, -0.364437
6300, -0.358336
6300.5, -0.355285
6301, -0.364437
6301.5, -0.367488
6302, -0.367488
6302.5, -0.364437
6303, -0.367488
6303.5, -0.361386
6304, -0.361386
6304.5, -0.355285
6305, -0.349183
6305.5, -0.382743
6306, -0.367488
6306.5, -0.330877
6307, -0.364437
6307.5, -0.346132
6308, -0.370539
6308.5, -0.376641
6309, -0.355285
6309.5, -0.382743
6310, -0.361386
6310.5, -0.330877
6311, -0.364437
6311.5, -0.361386
6312, -0.364437
6312.5, -0.370539
6313, -0.364437
6313.5, -0.34003
6314, -0.352234
6314.5, -0.364437
6315, -0.358336
6315.5, -0.379692
6316, -0.364437
6316.5, -0.382743
6317, -0.358336
6317.5, -0.330877
6318, -0.358336
6318.5, -0.352234
6319, -0.349183
6319.5, -0.361386
6320, -0.364437
6320.5, -0.37359
6321, -0.376641
6321.5, -0.349183
6322, -0.361386
6322.5, -0.367488
6323, -0.343081
6323.5, -0.358336
6324, -0.370539
6324.5, -0.37359
6325, -0.355285
6325.5, -0.327826
6326, -0.361386
6326.5, -0.346132
6327, -0.364437
6327.5, -0.382743
6328, -0.34003
6328.5, -0.367488
6329, -0.364437
6329.5, -0.346132
6330, -0.352234
6330.5, -0.352234
6331, -0.361386
6331.5, -0.376641
6332, -0.358336
6332.5, -0.376641
6333, -0.376641
6333.5, -0.346132
6334, -0.358336
6334.5, -0.349183
6335, -0.370539
6335.5, -0.382743
6336, -0.358336
6336.5, -0.349183
6337, -0.349183
6337.5, -0.34003
6338, -0.352234
6338.5, -0.37359
6339, -0.367488
6339.5, -0.388845
6340, -0.364437
6340.5, -0.330877
6341, -0.34003
6341.5, -0.352234
6342, -0.355285
6342.5, -0.379692
6343, -0.361386
6343.5, -0.367488
6344, -0.367488
6344.5, -0.352234
6345, -0.352234
6345.5, -0.370539
6346, -0.336979
6346.5, -0.367488
6347, -0.364437
6347.5, -0.376641
6348, -0.382743
6348.5, -0.312571
6349, -0.349183
6349.5, -0.343081
6350, -0.361386
6350.5, -0.391896
6351, -0.367488
6351.5, -0.376641
6352, -0.352234
6352.5, -0.315622
6353, -0.346132
6353.5, -0.333928
6354, -0.370539
6354.5, -0.376641
6355, -0.379692
6355.5, -0.37359
6356, -0.349183
6356.5, -0.336979
6357, -0.349183
6357.5, -0.34003
6358, -0.355285
6358.5, -0.376641
6359, -0.37359
6359.5, -0.361386
6360, -0.321724
6360.5, -0.312571
6361, -0.355285
6361.5, -0.346132
6362, -0.358336
6362.5, -0.385794
6363, -0.364437
6363.5, -0.321724
6364, -0.327826
6364.5, -0.34003
6365, -0.330877
6365.5, -0.382743
6366, -0.370539
6366.5, -0.385794
6367, -0.367488
6367.5, -0.30952
6368, -0.34003
6368.5, -0.34003
6369, -0.352234
6369.5, -0.376641
6370, -0.370539
6370.5, -0.358336
6371, -0.376641
6371.5, -0.346132
6372, -0.327826
6372.5, -0.355285
6373, -0.361386
6373.5, -0.376641
6374, -0.379692
6374.5, -0.34003
6375, -0.349183
6375.5, -0.355285
6376, -0.355285
6376.5, -0.346132
6377, -0.379692
6377.5, -0.364437
6378, -0.391896
6378.5, -0.349183
6379, -0.30952
6379.5, -0.358336
6380, -0.330877
6380.5, -0.364437
6381, -0.370539
6381.5, -0.364437
6382, -0.37359
6382.5, -0.346132
6383, -0.318673
6383.5, -0.336979
6384, -0.355285
6384.5, -0.358336
6385, -0.355285
6385.5, -0.364437
6386, -0.379692
6386.5, -0.370539
6387, -0.312571
6387.5, -0.361386
6388, -0.34003
6388.5, -0.349183
6389, -0.376641
6389.5, -0.367488
6390, -0.367488
6390.5, -0.358336
6391, -0.315622
6391.5, -0.352234
6392, -0.333928
6392.5, -0.370539
6393, -0.37359
6393.5, -0.34003
6394, -0.379692
6394.5, -0.361386
6395, -0.306469
6395.5, -0.358336
6396, -0.336979
6396.5, -0.364437
6397, -0.379692
6397.5, -0.34003
6398, -0.391896
6398.5, -0.355285
6399, -0.321724
6399.5, -0.358336
6400, -0.330877
6400.5, -0.364437
6401, -0.379692
6401.5, -0.355285
6402, -0.303418
6402.5, -0.355285
6403, -0.333928
6403.5, -0.364437
6404, -0.388845
6404.5, -0.364437
6405, -0.394947
6405.5, -0.370539
6406, -0.336979
6406.5, -0.361386
6407, -0.349183
6407.5, -0.343081
6408, -0.391896
6408.5, -0.358336
6409, -0.37359
6409.5, -0.364437
6410, -0.336979
6410.5, -0.358336
6411, -0.376641
6411.5, -0.34003
6412, -0.385794
6412.5, -0.376641
6413, -0.361386
6413.5, -0.346132
6414, -0.367488
6414.5, -0.346132
6415, -0.349183
6415.5, -0.367488
6416, -0.355285
6416.5, -0.361386
6417, -0.379692
6417.5, -0.358336
6418, -0.336979
6418.5, -0.358336
6419, -0.349183
6419.5, -0.376641
6420, -0.37359
6420.5, -0.370539
6421, -0.361386
6421.5, -0.336979
6422, -0.346132
6422.5, -0.361386
6423, -0.367488
6423.5, -0.382743
6424, -0.352234
6424.5, -0.364437
6425, -0.364437
6425.5, -0.34003
6426, -0.376641
6426.5, -0.346132
6427, -0.367488
6427.5, -0.361386
6428, -0.370539
6428.5, -0.370539
6429, -0.355285
6429.5, -0.349183
6430, -0.367488
6430.5, -0.355285
6431, -0.37359
6431.5, -0.349183
6432, -0.355285
6432.5, -0.382743
6433, -0.349183
6433.5, -0.327826
6434, -0.364437
6434.5, -0.355285
6435, -0.364437
6435.5, -0.346132
6436, -0.349183
6436.5, -0.361386
6437, -0.355285
6437.5, -0.327826
6438, -0.355285
6438.5, -0.346132
6439, -0.358336
6439.5, -0.367488
6440, -0.358336
6440.5, -0.333928
6441, -0.361386
6441.5, -0.355285
6442, -0.352234
6442.5, -0.364437
6443, -0.355285
6443.5, -0.385794
6444, -0.352234
6444.5, -0.294265
6445, -0.333928
6445.5, -0.321724
6446, -0.361386
6446.5, -0.379692
6447, -0.361386
6447.5, -0.352234
6448, -0.382743
6448.5, -0.349183
6449, -0.367488
6449.5, -0.346132
6450, -0.355285
6450.5, -0.376641
6451, -0.364437
6451.5, -0.367488
6452, -0.370539
6452.5, -0.358336
6453, -0.355285
6453.5, -0.330877
6454, -0.367488
6454.5, -0.370539
6455, -0.376641
6455.5, -0.376641
6456, -0.376641
6456.5, -0.367488
6457, -0.364437
6457.5, -0.376641
6458, -0.370539
6458.5, -0.355285
6459, -0.367488
6459.5, -0.352234
6460, -0.358336
6460.5, -0.315622
6461, -0.349183
6461.5, -0.333928
6462, -0.367488
6462.5, -0.370539
6463, -0.367488
6463.5, -0.379692
6464, -0.352234
6464.5, -0.336979
6465, -0.355285
6465.5, -0.379692
6466, -0.376641
6466.5, -0.385794
6467, -0.355285
6467.5, -0.330877
6468, -0.330877
6468.5, -0.330877
6469, -0.370539
6469.5, -0.370539
6470, -0.376641
6470.5, -0.388845
6471, -0.388845
6471.5, -0.324775
6472, -0.346132
6472.5, -0.330877
6473, -0.352234
6473.5, -0.385794
6474, -0.382743
6474.5, -0.370539
6475, -0.376641
6475.5, -0.321724
6476, -0.327826
6476.5, -0.370539
6477, -0.370539
6477.5, -0.382743
6478, -0.379692
6478.5, -0.355285
6479, -0.327826
6479.5, -0.312571
6480, -0.355285
6480.5, -0.361386
6481, -0.37359
6481.5, -0.385794
6482, -0.37359
6482.5, -0.370539
6483, -0.327826
6483.5, -0.324775
6484, -0.34003
6484.5, -0.358336
6485, -0.370539
6485.5, -0.37359
6486, -0.370539
6486.5, -0.346132
6487, -0.349183
6487.5, -0.34003
6488, -0.352234
6488.5, -0.385794
6489, -0.388845
6489.5, -0.388845
6490, -0.361386
6490.5, -0.352234
6491, -0.330877
6491.5, -0.34003
6492, -0.34003
6492.5, -0.370539
6493, -0.379692
6493.5, -0.364437
6494, -0.364437
6494.5, -0.346132
6495, -0.330877
6495.5, -0.343081
6496, -0.355285
6496.5, -0.370539
6497, -0.361386
6497.5, -0.34003
6498, -0.370539
6498.5, -0.346132
6499, -0.349183
6499.5, -0.382743
6500, -0.343081
6500.5, -0.361386
6501, -0.385794
6501.5, -0.364437
6502, -0.37359
6502.5, -0.346132
6503, -0.336979
6503.5, -0.385794
6504, -0.355285
6504.5, -0.388845
6505, -0.379692
6505.5, -0.364437
6506, -0.349183
6506.5, -0.346132
6507, -0.324775
6507.5, -0.367488
6508, -0.379692
6508.5, -0.367488
6509, -0.37359
6509.5, -0.37359
6510, -0.318673
6510.5, -0.367488
6511, -0.327826
6511.5, -0.361386
6512, -0.379692
6512.5, -0.349183
6513, -0.397998
6513.5, -0.358336
6514, -0.312571
6514.5, -0.367488
6515, -0.324775
6515.5, -0.37359
6516, -0.370539
6516.5, -0.352234
6517, -0.394947
6517.5, -0.34003
6518, -0.303418
6518.5, -0.367488
6519, -0.336979
6519.5, -0.364437
6520, -0.391896
6520.5, -0.349183
6521, -0.385794
6521.5, -0.367488
6522, -0.343081
6522.5, -0.355285
6523, -0.327826
6523.5, -0.370539
6524, -0.385794
6524.5, -0.355285
6525, -0.37359
6525.5, -0.361386
6526, -0.30952
6526.5, -0.361386
6527, -0.34003
6527.5, -0.367488
6528, -0.37359
6528.5, -0.367488
6529, -0.355285
6529.5, -0.370539
6530, -0.355285
6530.5, -0.352234
6531, -0.388845
6531.5, -0.367488
6532, -0.364437
6532.5, -0.367488
6533, -0.306469
6533.5, -0.361386
6534, -0.361386
6534.5, -0.352234
6535, -0.376641
6535.5, -0.370539
6536, -0.370539
6536.5, -0.364437
6537, -0.343081
6537.5, -0.330877
6538, -0.367488
6538.5, -0.361386
6539, -0.370539
6539.5, -0.364437
6540, -0.364437
6540.5, -0.355285
6541, -0.370539
6541.5, -0.361386
6542, -0.352234
6542.5, -0.367488
6543, -0.367488
6543.5, -0.358336
6544, -0.370539
6544.5, -0.349183
6545, -0.358336
6545.5, -0.346132
6546, -0.367488
6546.5, -0.361386
6547, -0.367488
6547.5, -0.385794
6548, -0.367488
6548.5, -0.343081
6549, -0.364437
6549.5, -0.358336
6550, -0.367488
6550.5, -0.349183
6551, -0.358336
6551.5, -0.370539
6552, -0.349183
6552.5, -0.343081
6553, -0.355285
6553.5, -0.358336
6554, -0.367488
6554.5, -0.361386
6555, -0.364437
6555.5, -0.364437
6556, -0.361386
6556.5, -0.352234
6557, -0.361386
6557.5, -0.37359
6558, -0.361386
6558.5, -0.364437
6559, -0.346132
6559.5, -0.379692
6560, -0.367488
6560.5, -0.324775
6561, -0.358336
6561.5, -0.370539
6562, -0.358336
6562.5, -0.37359
6563, -0.358336
6563.5, -0.367488
6564, -0.358336
6564.5, -0.336979
6565, -0.361386
6565.5, -0.346132
6566, -0.364437
6566.5, -0.385794
6567, -0.349183
6567.5, -0.346132
6568, -0.352234
6568.5, -0.336979
6569, -0.37359
6569.5, -0.379692
6570, -0.37359
6570.5, -0.376641
6571, -0.355285
6571.5, -0.34003
6572, -0.355285
6572.5, -0.333928
6573, -0.358336
6573.5, -0.367488
6574, -0.358336
6574.5, -0.364437
6575, -0.364437
6575.5, -0.330877
6576, -0.34003
6576.5, -0.37359
6577, -0.34003
6577.5, -0.367488
6578, -0.355285
6578.5, -0.34003
6579, -0.370539
6579.5, -0.352234
6580, -0.343081
6580.5, -0.358336
6581, -0.376641
6581.5, -0.370539
6582, -0.37359
6582.5, -0.355285
6583, -0.346132
6583.5, -0.352234
6584, -0.361386
6584.5, -0.346132
6585, -0.367488
6585.5, -0.370539
6586, -0.376641
6586.5, -0.364437
6587, -0.349183
6587.5, -0.321724
6588, -0.361386
6588.5, -0.343081
6589, -0.361386
6589.5, -0.364437
6590, -0.364437
6590.5, -0.367488
6591, -0.327826
6591.5, -0.330877
6592, -0.355285
6592.5, -0.367488
6593, -0.367488
6593.5, -0.388845
6594, -0.379692
6594.5, -0.324775
6595, -0.346132
6595.5, -0.333928
6596, -0.346132
6596.5, -0.37359
6597, -0.364437
6597.5, -0.361386
6598, -0.382743
6598.5, -0.333928
6599, -0.330877
6599.5, -0.324775
6600, -0.352234
6600.5, -0.379692
6601, -0.379692
6601.5, -0.361386
6602, -0.376641
6602.5, -0.306469
6603, -0.333928
6603.5, -0.364437
6604, -0.346132
6604.5, -0.382743
6605, -0.364437
6605.5, -0.358336
6606, -0.349183
6606.5, -0.321724
6607, -0.333928
6607.5, -0.364437
6608, -0.364437
6608.5, -0.376641
6609, -0.370539
6609.5, -0.355285
6610, -0.327826
6610.5, -0.312571
6611, -0.346132
6611.5, -0.346132
6612, -0.376641
6612.5, -0.358336
6613, -0.37359
6613.5, -0.343081
6614, -0.336979
6614.5, -0.355285
6615, -0.343081
6615.5, -0.37359
6616, -0.388845
6616.5, -0.376641
6617, -0.388845
6617.5, -0.343081
6618, -0.333928
6618.5, -0.346132
6619, -0.346132
6619.5, -0.376641
6620, -0.379692
6620.5, -0.364437
6621, -0.4041
6621.5, -0.327826
6622, -0.315622
6622.5, -0.370539
6623, -0.346132
6623.5, -0.364437
6624, -0.352234
6624.5, -0.34003
6625, -0.379692
6625.5, -0.352234
6626, -0.330877
6626.5, -0.382743
6627, -0.333928
6627.5, -0.379692
6628, -0.358336
6628.5, -0.346132
6629, -0.376641
6629.5, -0.367488
6630, -0.336979
6630.5, -0.355285
6631, -0.379692
6631.5, -0.361386
6632, -0.401049
6632.5, -0.364437
6633, -0.315622
6633.5, -0.336979
6634, -0.330877
6634.5, -0.349183
6635, -0.37359
6635.5, -0.358336
6636, -0.379692
6636.5, -0.364437
6637, -0.330877
6637.5, -0.358336
6638, -0.324775
6638.5, -0.367488
6639, -0.385794
6639.5, -0.361386
6640, -0.394947
6640.5, -0.358336
6641, -0.30952
6641.5, -0.367488
6642, -0.330877
6642.5, -0.361386
6643, -0.376641
6643.5, -0.361386
6644, -0.388845
6644.5, -0.379692
6645, -0.343081
6645.5, -0.343081
6646, -0.346132
6646.5, -0.37359
6647, -0.361386
6647.5, -0.358336
6648, -0.37359
6648.5, -0.355285
6649, -0.355285
6649.5, -0.355285
6650, -0.352234
6650.5, -0.358336
6651, -0.382743
6651.5, -0.361386
6652, -0.388845
6652.5, -0.336979
6653, -0.321724
6653.5, -0.364437
6654, -0.346132
6654.5, -0.358336
6655, -0.385794
6655.5, -0.379692
6656, -0.367488
6656.5, -0.352234
6657, -0.355285
6657.5, -0.352234
6658, -0.364437
6658.5, -0.358336
6659, -0.37359
6659.5, -0.355285
6660, -0.358336
6660.5, -0.355285
6661, -0.349183
6661.5, -0.355285
6662, -0.358336
6662.5, -0.364437
6663, -0.355285
6663.5, -0.37359
6664, -0.355285
6664.5, -0.355285
6665, -0.358336
6665.5, -0.352234
6666, -0.361386
6666.5, -0.364437
6667, -0.352234
6667.5, -0.358336
6668, -0.379692
6668.5, -0.324775
6669, -0.367488
6669.5, -0.361386
6670, -0.355285
6670.5, -0.367488
6671, -0.364437
6671.5, -0.346132
6672, -0.355285
6672.5, -0.352234
6673, -0.382743
6673.5, -0.358336
6674, -0.361386
6674.5, -0.370539
6675, -0.364437
6675.5, -0.349183
6676, -0.37359
6676.5, -0.358336
6677, -0.355285
6677.5, -0.370539
6678, -0.37359
6678.5, -0.370539
6679, -0.361386
6679.5, -0.333928
6680, -0.361386
6680.5, -0.361386
6681, -0.349183
6681.5, -0.379692
6682, -0.352234
6682.5, -0.355285
6683, -0.37359
6683.5, -0.34003
6684, -0.352234
6684.5, -0.361386
6685, -0.352234
6685.5, -0.37359
6686, -0.358336
6686.5, -0.379692
6687, -0.367488
6687.5, -0.352234
6688, -0.355285
6688.5, -0.361386
6689, -0.367488
6689.5, -0.370539
6690, -0.361386
6690.5, -0.37359
6691, -0.358336
6691.5, -0.349183
6692, -0.346132
6692.5, -0.352234
6693, -0.367488
6693.5, -0.382743
6694, -0.355285
6694.5, -0.333928
6695, -0.364437
6695.5, -0.349183
6696, -0.330877
6696.5, -0.367488
6697, -0.361386
6697.5, -0.37359
6698, -0.37359
6698.5, -0.321724
6699, -0.346132
6699.5, -0.367488
6700, -0.346132
6700.5, -0.367488
6701, -0.37359
6701.5, -0.382743
6702, -0.379692
6702.5, -0.327826
6703, -0.346132
6703.5, -0.355285
6704, -0.343081
6704.5, -0.391896
6705, -0.367488
6705.5, -0.382743
6706, -0.355285
6706.5, -0.297316
6707, -0.349183
6707.5, -0.343081
6708, -0.358336
6708.5, -0.37359
6709, -0.376641
6709.5, -0.367488
6710, -0.318673
6710.5, -0.324775
6711, -0.352234
6711.5, -0.358336
6712, -0.376641
6712.5, -0.37359
6713, -0.382743
6713.5, -0.385794
6714, -0.321724
6714.5, -0.315622
6715, -0.349183
6715.5, -0.333928
6716, -0.376641
6716.5, -0.385794
6717, -0.382743
6717.5, -0.370539
6718, -0.327826
6718.5, -0.364437
6719, -0.333928
6719.5, -0.358336
6720, -0.355285
6720.5, -0.388845
6721, -0.385794
6721.5, -0.312571
6722, -0.34003
6722.5, -0.346132
6723, -0.370539
6723.5, -0.358336
6724, -0.367488
6724.5, -0.379692
6725, -0.376641
6725.5, -0.30952
6726, -0.343081
6726.5, -0.358336
6727, -0.343081
6727.5, -0.379692
6728, -0.349183
6728.5, -0.370539
6729, -0.382743
6729.5, -0.336979
6730, -0.336979
6730.5, -0.355285
6731, -0.361386
6731.5, -0.37359
6732, -0.382743
6732.5, -0.37359
6733, -0.312571
6733.5, -0.321724
6734, -0.346132
6734.5, -0.355285
6735, -0.367488
6735.5, -0.382743
6736, -0.370539
6736.5, -0.343081
6737, -0.306469
6737.5, -0.349183
6738, -0.330877
6738.5, -0.370539
6739, -0.382743
6739.5, -0.367488
6740, -0.394947
6740.5, -0.333928
6741, -0.321724
6741.5, -0.364437
6742, -0.330877
6742.5, -0.382743
6743, -0.37359
6743.5, -0.367488
6744, -0.394947
6744.5, -0.333928
6745, -0.330877
6745.5, -0.343081
6746, -0.312571
6746.5, -0.379692
6747, -0.358336
6747.5, -0.361386
6748, -0.388845
6748.5, -0.343081
6749, -0.321724
6749.5, -0.346132
6750, -0.327826
6750.5, -0.361386
6751, -0.370539
6751.5, -0.352234
6752, -0.391896
6752.5, -0.358336
6753, -0.303418
6753.5, -0.370539
6754, -0.358336
6754.5, -0.358336
6755, -0.388845
6755.5, -0.364437
6756, -0.397998
6756.5, -0.364437
6757, -0.336979
6757.5, -0.358336
6758, -0.382743
6758.5, -0.358336
6759, -0.4041
6759.5, -0.355285
6760, -0.343081
6760.5, -0.364437
6761, -0.333928
6761.5, -0.37359
6762, -0.370539
6762.5, -0.355285
6763, -0.382743
6763.5, -0.355285
6764, -0.315622
6764.5, -0.355285
6765, -0.367488
6765.5, -0.358336
6766, -0.376641
6766.5, -0.367488
6767, -0.367488
6767.5, -0.367488
6768, -0.333928
6768.5, -0.361386
6769, -0.358336
6769.5, -0.355285
6770, -0.379692
6770.5, -0.367488
6771, -0.379692
6771.5, -0.370539
6772, -0.358336
6772.5, -0.355285
6773, -0.355285
6773.5, -0.358336
6774, -0.358336
6774.5, -0.361386
6775, -0.367488
6775.5, -0.346132
6776, -0.361386
6776.5, -0.367488
6777, -0.376641
6777.5, -0.358336
6778, -0.37359
6778.5, -0.367488
6779, -0.370539
6779.5, -0.336979
6780, -0.343081
6780.5, -0.349183
6781, -0.370539
6781.5, -0.358336
6782, -0.37359
6782.5, -0.361386
6783, -0.361386
6783.5, -0.34003
6784, -0.352234
6784.5, -0.358336
6785, -0.367488
6785.5, -0.370539
6786, -0.358336
6786.5, -0.379692
6787, -0.358336
6787.5, -0.336979
6788, -0.361386
6788.5, -0.355285
6789, -0.370539
6789.5, -0.385794
6790, -0.358336
6790.5, -0.385794
6791, -0.370539
6791.5, -0.330877
6792, -0.364437
6792.5, -0.352234
6793, -0.355285
6793.5, -0.352234
6794, -0.364437
6794.5, -0.367488
6795, -0.352234
6795.5, -0.346132
6796, -0.364437
6796.5, -0.364437
6797, -0.379692
6797.5, -0.352234
6798, -0.364437
6798.5, -0.352234
6799, -0.361386
6799.5, -0.352234
6800, -0.358336
6800.5, -0.37359
6801, -0.364437
6801.5, -0.352234
6802, -0.37359
6802.5, -0.321724
6803, -0.361386
6803.5, -0.346132
6804, -0.349183
6804.5, -0.382743
6805, -0.361386
6805.5, -0.346132
6806, -0.370539
6806.5, -0.318673
6807, -0.355285
6807.5, -0.361386
6808, -0.364437
6808.5, -0.364437
6809, -0.352234
6809.5, -0.355285
6810, -0.379692
6810.5, -0.34003
6811, -0.346132
6811.5, -0.343081
6812, -0.376641
6812.5, -0.361386
6813, -0.361386
6813.5, -0.364437
6814, -0.358336
6814.5, -0.349183
6815, -0.352234
6815.5, -0.346132
6816, -0.37359
6816.5, -0.361386
6817, -0.376641
6817.5, -0.361386
6818, -0.364437
6818.5, -0.321724
6819, -0.336979
6819.5, -0.352234
6820, -0.370539
6820.5, -0.388845
6821, -0.37359
6821.5, -0.324775
6822, -0.361386
6822.5, -0.349183
6823, -0.349183
6823.5, -0.37359
6824, -0.367488
6824.5, -0.4041
6825, -0.379692
6825.5, -0.318673
6826, -0.346132
6826.5, -0.352234
6827, -0.355285
6827.5, -0.358336
6828, -0.370539
6828.5, -0.382743
6829, -0.382743
6829.5, -0.327826
6830, -0.343081
6830.5, -0.327826
6831, -0.349183
6831.5, -0.364437
6832, -0.367488
6832.5, -0.385794
6833, -0.37359
6833.5, -0.315622
6834, -0.336979
6834.5, -0.361386
6835, -0.37359
6835.5, -0.382743
6836, -0.370539
6836.5, -0.355285
6837, -0.318673
6837.5, -0.327826
6838, -0.352234
6838.5, -0.37359
6839, -0.370539
6839.5, -0.379692
6840, -0.382743
6840.5, -0.382743
6841, -0.330877
6841.5, -0.352234
6842, -0.333928
6842.5, -0.370539
6843, -0.370539
6843.5, -0.37359
6844, -0.376641
6844.5, -0.343081
6845, -0.333928
6845.5, -0.327826
6846, -0.352234
6846.5, -0.385794
6847, -0.364437
6847.5, -0.391896
6848, -0.370539
6848.5, -0.34003
6849, -0.336979
6849.5, -0.343081
6850, -0.349183
6850.5, -0.388845
6851, -0.370539
6851.5, -0.34003
6852, -0.376641
6852.5, -0.336979
6853, -0.318673
6853.5, -0.370539
6854, -0.355285
6854.5, -0.379692
6855, -0.364437
6855.5, -0.355285
6856, -0.379692
6856.5, -0.346132
6857, -0.330877
6857.5, -0.37359
6858, -0.370539
6858.5, -0.367488
6859, -0.370539
6859.5, -0.352234
6860, -0.318673
6860.5, -0.367488
6861, -0.355285
6861.5, -0.364437
6862, -0.358336
6862.5, -0.367488
6863, -0.376641
6863.5, -0.336979
6864, -0.346132
6864.5, -0.346132
6865, -0.321724
6865.5, -0.379692
6866, -0.382743
6866.5, -0.364437
6867, -0.385794
6867.5, -0.349183
6868, -0.306469
6868.5, -0.352234
6869, -0.330877
6869.5, -0.358336
6870, -0.37359
6870.5, -0.358336
6871, -0.379692
6871.5, -0.376641
6872, -0.315622
6872.5, -0.367488
6873, -0.349183
6873.5, -0.355285
6874, -0.382743
6874.5, -0.367488
6875, -0.391896
6875.5, -0.37359
6876, -0.30952
6876.5, -0.364437
6877, -0.364437
6877.5, -0.349183
6878, -0.382743
6878.5, -0.355285
6879, -0.388845
6879.5, -0.367488
6880, -0.327826
6880.5, -0.364437
6881, -0.336979
6881.5, -0.355285
6882, -0.394947
6882.5, -0.364437
6883, -0.361386
6883.5, -0.352234
6884, -0.327826
6884.5, -0.352234
6885, -0.370539
6885.5, -0.367488
6886, -0.376641
6886.5, -0.352234
6887, -0.343081
6887.5, -0.34003
6888, -0.352234
6888.5, -0.367488
6889, -0.37359
6889.5, -0.355285
6890, -0.364437
6890.5, -0.349183
6891, -0.355285
6891.5, -0.358336
6892, -0.364437
6892.5, -0.352234
6893, -0.358336
6893.5, -0.37359
6894, -0.364437
6894.5, -0.361386
6895, -0.34003
6895.5, -0.355285
6896, -0.358336
6896.5, -0.364437
6897, -0.379692
6897.5, -0.343081
6898, -0.370539
6898.5, -0.364437
6899, -0.336979
6899.5, -0.355285
6900, -0.367488
6900.5, -0.370539
6901, -0.352234
6901.5, -0.37359
6902, -0.370539
6902.5, -0.34003
6903, -0.358336
6903.5, -0.361386
6904, -0.370539
6904.5, -0.385794
6905, -0.370539
6905.5, -0.385794
6906, -0.370539
6906.5, -0.355285
6907, -0.355285
6907.5, -0.364437
6908, -0.358336
6908.5, -0.379692
6909, -0.355285
6909.5, -0.379692
6910, -0.367488
6910.5, -0.336979
6911, -0.361386
6911.5, -0.346132
6912, -0.364437
6912.5, -0.364437
6913, -0.358336
6913.5, -0.391896
6914, -0.370539
6914.5, -0.333928
6915, -0.355285
6915.5, -0.349183
6916, -0.379692
6916.5, -0.370539
6917, -0.37359
6917.5, -0.382743
6918, -0.370539
6918.5, -0.34003
6919, -0.349183
6919.5, -0.376641
6920, -0.37359
6920.5, -0.361386
6921, -0.358336
6921.5, -0.343081
6922, -0.370539
6922.5, -0.336979
6923, -0.352234
6923.5, -0.364437
6924, -0.358336
6924.5, -0.376641
6925, -0.37359
6925.5, -0.333928
6926, -0.370539
6926.5, -0.343081
6927, -0.355285
6927.5, -0.367488
6928, -0.364437
6928.5, -0.385794
6929, -0.364437
6929.5, -0.355285
6930, -0.361386
6930.5, -0.364437
6931, -0.349183
6931.5, -0.37359
6932, -0.367488
6932.5, -0.352234
6933, -0.364437
6933.5, -0.327826
6934, -0.352234
6934.5, -0.34003
6935, -0.352234
6935.5, -0.367488
6936, -0.370539
6936.5, -0.355285
6937, -0.367488
6937.5, -0.343081
6938, -0.349183
6938.5, -0.34003
6939, -0.376641
6939.5, -0.385794
6940, -0.382743
6940.5, -0.358336
6941, -0.364437
6941.5, -0.321724
6942, -0.352234
6942.5, -0.343081
6943, -0.376641
6943.5, -0.376641
6944, -0.382743
6944.5, -0.355285
6945, -0.355285
6945.5, -0.327826
6946, -0.343081
6946.5, -0.355285
6947, -0.37359
6947.5, -0.388845
6948, -0.361386
6948.5, -0.336979
6949, -0.324775
6949.5, -0.34003
6950, -0.355285
6950.5, -0.367488
6951, -0.355285
6951.5, -0.379692
6952, -0.376641
6952.5, -0.327826
6953, -0.355285
6953.5, -0.333928
6954, -0.349183
6954.5, -0.379692
6955, -0.379692
6955.5, -0.358336
6956, -0.370539
6956.5, -0.336979
6957, -0.343081
6957.5, -0.349183
6958, -0.34003
6958.5, -0.376641
6959, -0.379692
6959.5, -0.364437
6960, -0.37359
6960.5, -0.336979
6961, -0.327826
6961.5, -0.376641
6962, -0.370539
6962.5, -0.388845
6963, -0.370539
6963.5, -0.34003
6964, -0.333928
6964.5, -0.318673
6965, -0.346132
6965.5, -0.379692
6966, -0.376641
6966.5, -0.388845
6967, -0.370539
6967.5, -0.333928
6968, -0.336979
6968.5, -0.352234
6969, -0.336979
6969.5, -0.370539
6970, -0.364437
6970.5, -0.382743
6971, -0.364437
6971.5, -0.336979
6972, -0.30952
6972.5, -0.349183
6973, -0.343081
6973.5, -0.364437
6974, -0.355285
6974.5, -0.37359
6975, -0.382743
6975.5, -0.352234
6976, -0.321724
6976.5, -0.367488
6977, -0.336979
6977.5, -0.364437
6978, -0.37359
6978.5, -0.358336
6979, -0.394947
6979.5, -0.364437
6980, -0.336979
6980.5, -0.355285
6981, -0.330877
6981.5, -0.370539
6982, -0.355285
6982.5, -0.364437
6983, -0.367488
6983.5, -0.370539
6984, -0.30952
6984.5, -0.376641
6985, -0.355285
6985.5, -0.361386
6986, -0.385794
6986.5, -0.364437
6987, -0.321724
6987.5, -0.358336
6988, -0.355285
6988.5, -0.349183
6989, -0.382743
6989.5, -0.364437
6990, -0.385794
6990.5, -0.355285
6991, -0.30952
6991.5, -0.37359
6992, -0.352234
6992.5, -0.352234
6993, -0.388845
6993.5, -0.364437
6994, -0.376641
6994.5, -0.364437
6995, -0.30952
6995.5, -0.361386
6996, -0.346132
6996.5, -0.349183
6997, -0.379692
6997.5, -0.355285
6998, -0.391896
6998.5, -0.370539
6999, -0.306469
6999.5, -0.37359
7000, -0.330877
7000.5, -0.361386
7001, -0.379692
7001.5, -0.364437
7002, -0.382743
7002.5, -0.361386
7003, -0.324775
7003.5, -0.361386
7004, -0.370539
7004.5, -0.358336
7005, -0.391896
7005.5, -0.355285
7006, -0.379692
7006.5, -0.364437
7007, -0.321724
7007.5, -0.349183
7008, -0.361386
7008.5, -0.367488
7009, -0.367488
7009.5, -0.367488
7010, -0.364437
7010.5, -0.367488
7011, -0.336979
7011.5, -0.355285
7012, -0.385794
7012.5, -0.364437
7013, -0.367488
7013.5, -0.361386
7014, -0.330877
7014.5, -0.367488
7015, -0.358336
7015.5, -0.355285
7016, -0.370539
7016.5, -0.349183
7017, -0.370539
7017.5, -0.361386
7018, -0.343081
7018.5, -0.358336
7019, -0.364437
7019.5, -0.343081
7020, -0.367488
7020.5, -0.358336
7021, -0.361386
7021.5, -0.355285
7022, -0.343081
7022.5, -0.358336
7023, -0.346132
7023.5, -0.367488
7024, -0.370539
7024.5, -0.379692
7025, -0.361386
7025.5, -0.34003
7026, -0.370539
7026.5, -0.361386
7027, -0.376641
7027.5, -0.352234
7028, -0.361386
7028.5, -0.37359
7029, -0.364437
7029.5, -0.330877
7030, -0.370539
7030.5, -0.346132
7031, -0.376641
7031.5, -0.388845
7032, -0.352234
7032.5, -0.37359
7033, -0.358336
7033.5, -0.346132
7034, -0.355285
7034.5, -0.346132
7035, -0.367488
7035.5, -0.37359
7036, -0.358336
7036.5, -0.361386
7037, -0.361386
7037.5, -0.349183
7038, -0.355285
7038.5, -0.358336
7039, -0.361386
7039.5, -0.37359
7040, -0.37359
7040.5, -0.346132
7041, -0.364437
7041.5, -0.346132
7042, -0.34003
7042.5, -0.370539
7043, -0.355285
7043.5, -0.385794
7044, -0.358336
7044.5, -0.367488
7045, -0.37359
7045.5, -0.349183
7046, -0.361386
7046.5, -0.355285
7047, -0.349183
7047.5, -0.367488
7048, -0.352234
7048.5, -0.349183
7049, -0.355285
7049.5, -0.336979
7050, -0.349183
7050.5, -0.370539
7051, -0.376641
7051.5, -0.379692
7052, -0.367488
7052.5, -0.34003
7053, -0.336979
7053.5, -0.343081
7054, -0.343081
7054.5, -0.361386
7055, -0.376641
7055.5, -0.349183
7056, -0.379692
7056.5, -0.333928
7057, -0.358336
7057.5, -0.343081
7058, -0.358336
7058.5, -0.376641
7059, -0.367488
7059.5, -0.370539
7060, -0.385794
7060.5, -0.327826
7061, -0.367488
7061.5, -0.349183
7062, -0.367488
7062.5, -0.382743
7063, -0.367488
7063.5, -0.370539
7064, -0.355285
7064.5, -0.330877
7065, -0.352234
7065.5, -0.352234
7066, -0.379692
7066.5, -0.367488
7067, -0.37359
7067.5, -0.379692
7068, -0.349183
7068.5, -0.34003
7069, -0.364437
7069.5, -0.346132
7070, -0.370539
7070.5, -0.376641
7071, -0.376641
7071.5, -0.388845
7072, -0.343081
7072.5, -0.318673
7073, -0.361386
7073.5, -0.336979
7074, -0.355285
7074.5, -0.385794
7075, -0.370539
7075.5, -0.364437
7076, -0.336979
7076.5, -0.333928
7077, -0.346132
7077.5, -0.391896
7078, -0.385794
7078.5, -0.376641
7079, -0.367488
7079.5, -0.30952
7080, -0.346132
7080.5, -0.343081
7081, -0.352234
7081.5, -0.385794
7082, -0.376641
7082.5, -0.370539
7083, -0.379692
7083.5, -0.34003
7084, -0.343081
7084.5, -0.358336
7085, -0.333928
7085.5, -0.391896
7086, -0.358336
7086.5, -0.361386
7087, -0.364437
7087.5, -0.312571
7088, -0.349183
7088.5, -0.370539
7089, -0.364437
7089.5, -0.376641
7090, -0.367488
7090.5, -0.352234
7091, -0.327826
7091.5, -0.346132
7092, -0.343081
7092.5, -0.364437
7093, -0.379692
7093.5, -0.361386
7094, -0.364437
7094.5, -0.355285
7095, -0.343081
7095.5, -0.358336
7096, -0.324775
7096.5, -0.379692
7097, -0.379692
7097.5, -0.37359
7098, -0.388845
7098.5, -0.343081
7099, -0.315622
7099.5, -0.364437
7100, -0.343081
7100.5, -0.379692
7101, -0.37359
7101.5, -0.370539
7102, -0.394947
7102.5, -0.367488
7103, -0.306469
7103.5, -0.361386
7104, -0.318673
7104.5, -0.37359
7105, -0.376641
7105.5, -0.37359
7106, -0.397998
7106.5, -0.346132
7107, -0.321724
7107.5, -0.355285
7108, -0.346132
7108.5, -0.370539
7109, -0.379692
7109.5, -0.352234
7110, -0.379692
7110.5, -0.361386
7111, -0.321724
7111.5, -0.352234
7112, -0.355285
7112.5, -0.364437
7113, -0.382743
7113.5, -0.367488
7114, -0.297316
7114.5, -0.346132
7115, -0.327826
7115.5, -0.349183
7116, -0.391896
7116.5, -0.376641
7117, -0.379692
7117.5, -0.361386
7118, -0.312571
7118.5, -0.367488
7119, -0.324775
7119.5, -0.376641
7120, -0.385794
7120.5, -0.361386
7121, -0.376641
7121.5, -0.364437
7122, -0.303418
7122.5, -0.361386
7123, -0.336979
7123.5, -0.364437
7124, -0.394947
7124.5, -0.358336
7125, -0.391896
7125.5, -0.352234
7126, -0.352234
7126.5, -0.367488
7127, -0.37359
7127.5, -0.37359
7128, -0.355285
7128.5, -0.349183
7129, -0.364437
7129.5, -0.346132
7130, -0.358336
7130.5, -0.355285
7131, -0.364437
7131.5, -0.37359
7132, -0.355285
7132.5, -0.355285
7133, -0.367488
7133.5, -0.349183
7134, -0.367488
7134.5, -0.352234
7135, -0.364437
7135.5, -0.367488
7136, -0.361386
7136.5, -0.37359
7137, -0.37359
7137.5, -0.327826
7138, -0.34003
7138.5, -0.361386
7139, -0.379692
7139.5, -0.358336
7140, -0.367488
7140.5, -0.376641
7141, -0.346132
7141.5, -0.346132
7142, -0.367488
7142.5, -0.358336
7143, -0.364437
7143.5, -0.382743
7144, -0.37359
7144.5, -0.364437
7145, -0.370539
7145.5, -0.330877
7146, -0.358336
7146.5, -0.358336
7147, -0.346132
7147.5, -0.352234
7148, -0.364437
7148.5, -0.336979
7149, -0.361386
7149.5, -0.346132
7150, -0.361386
7150.5, -0.379692
7151, -0.37359
7151.5, -0.367488
7152, -0.370539
7152.5, -0.352234
7153, -0.355285
7153.5, -0.352234
7154, -0.355285
7154.5, -0.382743
7155, -0.370539
7155.5, -0.376641
7156, -0.364437
7156.5, -0.358336
7157, -0.361386
7157.5, -0.367488
7158, -0.361386
7158.5, -0.379692
7159, -0.361386
7159.5, -0.367488
7160, -0.358336
7160.5, -0.355285
7161, -0.370539
7161.5, -0.361386
7162, -0.352234
7162.5, -0.379692
7163, -0.367488
7163.5, -0.376641
7164, -0.361386
7164.5, -0.321724
7165, -0.355285
7165.5, -0.385794
7166, -0.379692
7166.5, -0.37359
7167, -0.361386
7167.5, -0.376641
7168, -0.382743
7168.5, -0.352234
7169, -0.361386
7169.5, -0.336979
7170, -0.376641
7170.5, -0.385794
7171, -0.355285
7171.5, -0.364437
7172, -0.367488
7172.5, -0.327826
7173, -0.349183
7173.5, -0.333928
7174, -0.364437
7174.5, -0.367488
7175, -0.358336
7175.5, -0.358336
7176, -0.343081
7176.5, -0.352234
7177, -0.355285
7177.5, -0.361386
7178, -0.355285
7178.5, -0.382743
7179, -0.388845
7179.5, -0.312571
7180, -0.352234
7180.5, -0.346132
7181, -0.355285
7181.5, -0.376641
7182, -0.382743
7182.5, -0.376641
7183, -0.37359
7183.5, -0.327826
7184, -0.34003
7184.5, -0.358336
7185, -0.336979
7185.5, -0.401049
7186, -0.385794
7186.5, -0.358336
7187, -0.37359
7187.5, -0.327826
7188, -0.336979
7188.5, -0.343081
7189, -0.361386
7189.5, -0.397998
7190, -0.376641
7190.5, -0.391896
7191, -0.333928
7191.5, -0.318673
7192, -0.352234
7192.5, -0.34003
7193, -0.364437
7193.5, -0.379692
7194, -0.376641
7194.5, -0.385794
7195, -0.355285
7195.5, -0.315622
7196, -0.343081
7196.5, -0.367488
7197, -0.361386
7197.5, -0.376641
7198, -0.376641
7198.5, -0.376641
7199, -0.343081
7199.5, -0.330877
7200, -0.34003
7200.5, -0.367488
7201, -0.370539
7201.5, -0.391896
7202, -0.370539
7202.5, -0.318673
7203, -0.34003
7203.5, -0.358336
7204, -0.34003
7204.5, -0.385794
7205, -0.355285
7205.5, -0.370539
7206, -0.388845
7206.5, -0.330877
7207, -0.324775
7207.5, -0.361386
7208, -0.336979
7208.5, -0.382743
7209, -0.349183
7209.5, -0.349183
7210, -0.370539
7210.5, -0.330877
7211, -0.34003
7211.5, -0.358336
7212, -0.34003
7212.5, -0.352234
7213, -0.376641
7213.5, -0.346132
7214, -0.352234
7214.5, -0.321724
7215, -0.349183
7215.5, -0.349183
7216, -0.382743
7216.5, -0.37359
7217, -0.379692
7217.5, -0.364437
7218, -0.321724
7218.5, -0.355285
7219, -0.333928
7219.5, -0.361386
7220, -0.37359
7220.5, -0.37359
7221, -0.391896
7221.5, -0.355285
7222, -0.318673
7222.5, -0.346132
7223, -0.324775
7223.5, -0.370539
7224, -0.385794
7224.5, -0.37359
7225, -0.394947
7225.5, -0.355285
7226, -0.327826
7226.5, -0.364437
7227, -0.34003
7227.5, -0.367488
7228, -0.379692
7228.5, -0.370539
7229, -0.382743
7229.5, -0.358336
7230, -0.321724
7230.5, -0.349183
7231, -0.34003
7231.5, -0.370539
7232, -0.376641
7232.5, -0.367488
7233, -0.376641
7233.5, -0.355285
7234, -0.327826
7234.5, -0.358336
7235, -0.333928
7235.5, -0.349183
7236, -0.397998
7236.5, -0.367488
7237, -0.385794
7237.5, -0.361386
7238, -0.315622
7238.5, -0.361386
7239, -0.349183
7239.5, -0.37359
7240, -0.397998
7240.5, -0.355285
7241, -0.343081
7241.5, -0.352234
7242, -0.336979
7242.5, -0.364437
7243, -0.391896
7243.5, -0.376641
7244, -0.391896
7244.5, -0.370539
7245, -0.367488
7245.5, -0.358336
7246, -0.358336
7246.5, -0.343081
7247, -0.37359
7247.5, -0.361386
7248, -0.382743
7248.5, -0.370539
7249, -0.343081
7249.5, -0.358336
7250, -0.358336
7250.5, -0.358336
7251, -0.370539
7251.5, -0.361386
7252, -0.37359
7252.5, -0.358336
7253, -0.367488
7253.5, -0.349183
7254, -0.37359
7254.5, -0.364437
7255, -0.379692
7255.5, -0.370539
7256, -0.352234
7256.5, -0.358336
7257, -0.364437
7257.5, -0.349183
7258, -0.382743
7258.5, -0.37359
7259, -0.355285
7259.5, -0.358336
7260, -0.358336
7260.5, -0.346132
7261, -0.343081
7261.5, -0.349183
7262, -0.355285
7262.5, -0.370539
7263, -0.367488
7263.5, -0.376641
7264, -0.355285
7264.5, -0.343081
7265, -0.361386
7265.5, -0.352234
7266, -0.361386
7266.5, -0.376641
7267, -0.355285
7267.5, -0.355285
7268, -0.367488
7268.5, -0.34003
7269, -0.361386
7269.5, -0.336979
7270, -0.364437
7270.5, -0.37359
7271, -0.361386
7271.5, -0.37359
7272, -0.37359
7272.5, -0.327826
7273, -0.364437
7273.5, -0.327826
7274, -0.367488
7274.5, -0.376641
7275, -0.370539
7275.5, -0.379692
7276, -0.364437
7276.5, -0.361386
7277, -0.367488
7277.5, -0.349183
7278, -0.379692
7278.5, -0.364437
7279, -0.358336
7279.5, -0.333928
7280, -0.358336
7280.5, -0.336979
7281, -0.352234
7281.5, -0.382743
7282, -0.355285
7282.5, -0.394947
7283, -0.367488
7283.5, -0.336979
7284, -0.361386
7284.5, -0.346132
7285, -0.355285
7285.5, -0.376641
7286, -0.364437
7286.5, -0.361386
7287, -0.37359
7287.5, -0.336979
7288, -0.376641
7288.5, -0.361386
7289, -0.367488
7289.5, -0.370539
7290, -0.358336
7290.5, -0.370539
7291, -0.361386
7291.5, -0.34003
7292, -0.364437
7292.5, -0.355285
7293, -0.355285
7293.5, -0.382743
7294, -0.358336
7294.5, -0.355285
7295, -0.355285
7295.5, -0.34003
7296, -0.349183
7296.5, -0.358336
7297, -0.379692
7297.5, -0.352234
7298, -0.361386
7298.5, -0.364437
7299, -0.349183
7299.5, -0.349183
7300, -0.336979
7300.5, -0.355285
7301, -0.37359
7301.5, -0.364437
7302, -0.370539
7302.5, -0.37359
7303, -0.330877
7303.5, -0.352234
7304, -0.346132
7304.5, -0.376641
7305, -0.37359
7305.5, -0.388845
7306, -0.370539
7306.5, -0.330877
7307, -0.343081
7307.5, -0.336979
7308, -0.336979
7308.5, -0.358336
7309, -0.379692
7309.5, -0.376641
7310, -0.382743
7310.5, -0.343081
7311, -0.330877
7311.5, -0.352234
7312, -0.346132
7312.5, -0.382743
7313, -0.379692
7313.5, -0.358336
7314, -0.367488
7314.5, -0.34003
7315, -0.336979
7315.5, -0.349183
7316, -0.349183
7316.5, -0.367488
7317, -0.379692
7317.5, -0.349183
7318, -0.336979
7318.5, -0.34003
7319, -0.343081
7319.5, -0.358336
7320, -0.382743
7320.5, -0.367488
7321, -0.388845
7321.5, -0.355285
7322, -0.333928
7322.5, -0.361386
7323, -0.343081
7323.5, -0.37359
7324, -0.382743
7324.5, -0.382743
7325, -0.391896
7325.5, -0.349183
7326, -0.336979
7326.5, -0.333928
7327, -0.343081
7327.5, -0.361386
7328, -0.382743
7328.5, -0.382743
7329, -0.394947
7329.5, -0.343081
7330, -0.330877
7330.5, -0.336979
7331, -0.349183
7331.5, -0.355285
7332, -0.376641
7332.5, -0.376641
7333, -0.376641
7333.5, -0.336979
7334, -0.330877
7334.5, -0.333928
7335, -0.355285
7335.5, -0.379692
7336, -0.397998
7336.5, -0.349183
7337, -0.37359
7337.5, -0.361386
7338, -0.312571
7338.5, -0.376641
7339, -0.318673
7339.5, -0.364437
7340, -0.382743
7340.5, -0.364437
7341, -0.349183
7341.5, -0.370539
7342, -0.318673
7342.5, -0.370539
7343, -0.385794
7343.5, -0.376641
7344, -0.4041
7344.5, -0.358336
7345, -0.30952
7345.5, -0.358336
7346, -0.333928
7346.5, -0.361386
7347, -0.388845
7347.5, -0.37359
7348, -0.4041
7348.5, -0.367488
7349, -0.318673
7349.5, -0.349183
7350, -0.34003
7350.5, -0.352234
7351, -0.382743
7351.5, -0.370539
7352, -0.391896
7352.5, -0.364437
7353, -0.324775
7353.5, -0.346132
7354, -0.343081
7354.5, -0.358336
7355, -0.37359
7355.5, -0.370539
7356, -0.394947
7356.5, -0.346132
7357, -0.306469
7357.5, -0.358336
7358, -0.346132
7358.5, -0.355285
7359, -0.376641
7359.5, -0.361386
7360, -0.397998
7360.5, -0.370539
7361, -0.303418
7361.5, -0.346132
7362, -0.327826
7362.5, -0.346132
7363, -0.379692
7363.5, -0.358336
7364, -0.379692
7364.5, -0.37359
7365, -0.300367
7365.5, -0.352234
7366, -0.333928
7366.5, -0.364437
7367, -0.388845
7367.5, -0.355285
7368, -0.358336
7368.5, -0.346132
7369, -0.358336
7369.5, -0.346132
7370, -0.385794
7370.5, -0.358336
7371, -0.367488
7371.5, -0.364437
7372, -0.318673
7372.5, -0.349183
7373, -0.355285
7373.5, -0.364437
7374, -0.376641
7374.5, -0.367488
7375, -0.361386
7375.5, -0.367488
7376, -0.30952
7376.5, -0.34003
7377, -0.349183
7377.5, -0.349183
7378, -0.376641
7378.5, -0.364437
7379, -0.376641
7379.5, -0.370539
7380, -0.364437
7380.5, -0.352234
7381, -0.343081
7381.5, -0.346132
7382, -0.37359
7382.5, -0.379692
7383, -0.370539
7383.5, -0.349183
7384, -0.352234
7384.5, -0.34003
7385, -0.367488
7385.5, -0.37359
7386, -0.358336
7386.5, -0.391896
7387, -0.37359
7387.5, -0.343081
7388, -0.364437
7388.5, -0.358336
7389, -0.358336
7389.5, -0.349183
7390, -0.355285
7390.5, -0.355285
7391, -0.361386
7391.5, -0.315622
7392, -0.355285
7392.5, -0.349183
7393, -0.361386
7393.5, -0.376641
7394, -0.361386
7394.5, -0.385794
7395, -0.352234
7395.5, -0.34003
7396, -0.352234
7396.5, -0.358336
7397, -0.370539
7397.5, -0.379692
7398, -0.370539
7398.5, -0.361386
7399, -0.379692
7399.5, -0.333928
7400, -0.355285
7400.5, -0.346132
7401, -0.367488
7401.5, -0.37359
7402, -0.370539
7402.5, -0.388845
7403, -0.367488
7403.5, -0.364437
7404, -0.343081
7404.5, -0.336979
7405, -0.37359
7405.5, -0.379692
7406, -0.37359
7406.5, -0.306469
7407, -0.370539
7407.5, -0.343081
7408, -0.355285
7408.5, -0.385794
7409, -0.364437
7409.5, -0.379692
7410, -0.364437
7410.5, -0.324775
7411, -0.361386
7411.5, -0.346132
7412, -0.361386
7412.5, -0.361386
7413, -0.37359
7413.5, -0.355285
7414, -0.355285
7414.5, -0.370539
7415, -0.343081
7415.5, -0.355285
7416, -0.34003
7416.5, -0.370539
7417, -0.370539
7417.5, -0.358336
7418, -0.355285
7418.5, -0.349183
7419, -0.358336
7419.5, -0.34003
7420, -0.376641
7420.5, -0.37359
7421, -0.379692
7421.5, -0.364437
7422, -0.349183
7422.5, -0.364437
7423, -0.352234
7423.5, -0.364437
7424, -0.370539
7424.5, -0.37359
7425, -0.391896
7425.5, -0.358336
7426, -0.330877
7426.5, -0.34003
7427, -0.336979
7427.5, -0.370539
7428, -0.370539
7428.5, -0.376641
7429, -0.376641
7429.5, -0.358336
7430, -0.327826
7430.5, -0.352234
7431, -0.352234
7431.5, -0.367488
7432, -0.367488
7432.5, -0.376641
7433, -0.379692
7433.5, -0.364437
7434, -0.349183
7434.5, -0.327826
7435, -0.349183
7435.5, -0.37359
7436, -0.385794
7436.5, -0.376641
7437, -0.364437
7437.5, -0.352234
7438, -0.327826
7438.5, -0.364437
7439, -0.346132
7439.5, -0.361386
7440, -0.379692
7440.5, -0.367488
7441, -0.382743
7441.5, -0.336979
7442, -0.318673
7442.5, -0.349183
7443, -0.333928
7443.5, -0.379692
7444, -0.382743
7444.5, -0.346132
7445, -0.318673
7445.5, -0.336979
7446, -0.324775
7446.5, -0.346132
7447, -0.361386
7447.5, -0.37359
7448, -0.382743
7448.5, -0.336979
7449, -0.336979
7449.5, -0.327826
7450, -0.333928
7450.5, -0.361386
7451, -0.364437
7451.5, -0.382743
7452, -0.388845
7452.5, -0.358336
7453, -0.336979
7453.5, -0.355285
7454, -0.321724
7454.5, -0.361386
7455, -0.385794
7455.5, -0.376641
7456, -0.376641
7456.5, -0.343081
7457, -0.294265
7457.5, -0.364437
7458, -0.321724
7458.5, -0.367488
7459, -0.364437
7459.5, -0.364437
7460, -0.407151
7460.5, -0.346132
7461, -0.324775
7461.5, -0.361386
7462, -0.330877
7462.5, -0.367488
7463, -0.367488
7463.5, -0.34003
7464, -0.401049
7464.5, -0.352234
7465, -0.30952
7465.5, -0.367488
7466, -0.34003
7466.5, -0.364437
7467, -0.379692
7467.5, -0.358336
7468, -0.376641
7468.5, -0.376641
7469, -0.333928
7469.5, -0.352234
7470, -0.397998
7470.5, -0.361386
7471, -0.379692
7471.5, -0.361386
7472, -0.294265
7472.5, -0.349183
7473, -0.318673
7473.5, -0.343081
7474, -0.388845
7474.5, -0.37359
7475, -0.388845
7475.5, -0.376641
7476, -0.300367
7476.5, -0.364437
7477, -0.330877
7477.5, -0.349183
7478, -0.391896
7478.5, -0.355285
7479, -0.391896
7479.5, -0.376641
7480, -0.30952
7480.5, -0.355285
7481, -0.312571
7481.5, -0.367488
7482, -0.370539
7482.5, -0.370539
7483, -0.401049
7483.5, -0.358336
7484, -0.306469
7484.5, -0.34003
7485, -0.336979
7485.5, -0.361386
7486, -0.370539
7486.5, -0.379692
7487, -0.382743
7487.5, -0.336979
7488, -0.321724
7488.5, -0.34003
7489, -0.352234
7489.5, -0.37359
7490, -0.367488
7490.5, -0.352234
7491, -0.376641
7491.5, -0.330877
7492, -0.327826
7492.5, -0.333928
7493, -0.346132
7493.5, -0.364437
7494, -0.355285
7494.5, -0.370539
7495, -0.333928
7495.5, -0.318673
7496, -0.364437
7496.5, -0.361386
7497, -0.382743
7497.5, -0.37359
7498, -0.361386
7498.5, -0.367488
7499, -0.352234
7499.5, -0.343081
7500, -0.361386
7500.5, -0.349183
7501, -0.361386
7501.5, -0.355285
7502, -0.361386
7502.5, -0.364437
7503, -0.336979
7503.5, -0.327826
7504, -0.346132
7504.5, -0.349183
7505, -0.355285
7505.5, -0.364437
7506, -0.364437
7506.5, -0.376641
7507, -0.346132
7507.5, -0.346132
7508, -0.367488
7508.5, -0.37359
7509, -0.355285
7509.5, -0.376641
7510, -0.361386
7510.5, -0.346132
7511, -0.364437
7511.5, -0.355285
7512, -0.361386
7512.5, -0.370539
7513, -0.361386
7513.5, -0.361386
7514, -0.361386
7514.5, -0.312571
7515, -0.361386
7515.5, -0.361386
7516, -0.370539
7516.5, -0.370539
7517, -0.364437
7517.5, -0.37359
7518, -0.361386
7518.5, -0.367488
7519, -0.346132
7519.5, -0.355285
7520, -0.367488
7520.5, -0.364437
7521, -0.370539
7521.5, -0.367488
7522, -0.355285
7522.5, -0.336979
7523, -0.355285
7523.5, -0.352234
7524, -0.364437
7524.5, -0.37359
7525, -0.367488
7525.5, -0.346132
7526, -0.37359
7526.5, -0.333928
7527, -0.346132
7527.5, -0.367488
7528, -0.349183
7528.5, -0.37359
7529, -0.370539
7529.5, -0.364437
7530, -0.37359
7530.5, -0.333928
7531, -0.352234
7531.5, -0.370539
7532, -0.358336
7532.5, -0.391896
7533, -0.37359
7533.5, -0.361386
7534, -0.364437
7534.5, -0.355285
7535, -0.355285
7535.5, -0.355285
7536, -0.367488
7536.5, -0.37359
7537, -0.361386
7537.5, -0.370539
7538, -0.336979
7538.5, -0.346132
7539, -0.352234
7539.5, -0.37359
7540, -0.358336
7540.5, -0.352234
7541, -0.358336
7541.5, -0.333928
7542, -0.34003
7542.5, -0.367488
7543, -0.349183
7543.5, -0.37359
7544, -0.37359
7544.5, -0.364437
7545, -0.361386
7545.5, -0.34003
7546, -0.361386
7546.5, -0.352234
7547, -0.37359
7547.5, -0.370539
7548, -0.376641
7548.5, -0.352234
7549, -0.352234
7549.5, -0.330877
7550, -0.355285
7550.5, -0.364437
7551, -0.364437
7551.5, -0.382743
7552, -0.37359
7552.5, -0.376641
7553, -0.349183
7553.5, -0.336979
7554, -0.349183
7554.5, -0.336979
7555, -0.364437
7555.5, -0.364437
7556, -0.385794
7556.5, -0.327826
7557, -0.34003
7557.5, -0.34003
7558, -0.349183
7558.5, -0.361386
7559, -0.376641
7559.5, -0.37359
7560, -0.37359
7560.5, -0.346132
7561, -0.34003
7561.5, -0.364437
7562, -0.355285
7562.5, -0.382743
7563, -0.370539
7563.5, -0.333928
7564, -0.37359
7564.5, -0.343081
7565, -0.327826
7565.5, -0.343081
7566, -0.358336
7566.5, -0.37359
7567, -0.361386
7567.5, -0.358336
7568, -0.388845
7568.5, -0.34003
7569, -0.318673
7569.5, -0.364437
7570, -0.349183
7570.5, -0.388845
7571, -0.370539
7571.5, -0.358336
7572, -0.336979
7572.5, -0.34003
7573, -0.343081
7573.5, -0.364437
7574, -0.358336
7574.5, -0.379692
7575, -0.370539
7575.5, -0.358336
7576, -0.324775
7576.5, -0.361386
7577, -0.355285
7577.5, -0.349183
7578, -0.370539
7578.5, -0.367488
7579, -0.37359
7579.5, -0.358336
7580, -0.303418
7580.5, -0.358336
7581, -0.330877
7581.5, -0.370539
7582, -0.376641
7582.5, -0.355285
7583, -0.388845
7583.5, -0.343081
7584, -0.321724
7584.5, -0.370539
7585, -0.346132
7585.5, -0.370539
7586, -0.355285
7586.5, -0.361386
7587, -0.394947
7587.5, -0.355285
7588, -0.346132
7588.5, -0.355285
7589, -0.330877
7589.5, -0.37359
7590, -0.379692
7590.5, -0.370539
7591, -0.394947
7591.5, -0.333928
7592, -0.315622
7592.5, -0.355285
7593, -0.324775
7593.5, -0.358336
7594, -0.370539
7594.5, -0.370539
7595, -0.394947
7595.5, -0.346132
7596, -0.330877
7596.5, -0.352234
7597, -0.388845
7597.5, -0.358336
7598, -0.394947
7598.5, -0.358336
7599, -0.312571
7599.5, -0.352234
7600, -0.330877
7600.5, -0.355285
7601, -0.391896
7601.5, -0.364437
7602, -0.391896
7602.5, -0.370539
7603, -0.318673
7603.5, -0.355285
7604, -0.333928
7604.5, -0.361386
7605, -0.367488
7605.5, -0.361386
7606, -0.394947
7606.5, -0.355285
7607, -0.321724
7607.5, -0.349183
7608, -0.355285
7608.5, -0.343081
7609, -0.37359
7609.5, -0.358336
7610, -0.367488
7610.5, -0.358336
7611, -0.333928
7611.5, -0.349183
7612, -0.367488
7612.5, -0.370539
7613, -0.361386
7613.5, -0.370539
7614, -0.382743
7614.5, -0.333928
7615, -0.361386
7615.5, -0.333928
7616, -0.37359
7616.5, -0.346132
7617, -0.379692
7617.5, -0.385794
7618, -0.358336
7618.5, -0.352234
7619, -0.343081
7619.5, -0.336979
7620, -0.358336
7620.5, -0.370539
7621, -0.364437
7621.5, -0.370539
7622, -0.361386
7622.5, -0.330877
7623, -0.361386
7623.5, -0.358336
7624, -0.37359
7624.5, -0.358336
7625, -0.370539
7625.5, -0.352234
7626, -0.343081
7626.5, -0.346132
7627, -0.358336
7627.5, -0.346132
7628, -0.355285
7628.5, -0.370539
7629, -0.370539
7629.5, -0.37359
7630, -0.352234
7630.5, -0.312571
7631, -0.355285
7631.5, -0.349183
7632, -0.358336
7632.5, -0.355285
7633, -0.364437
7633.5, -0.364437
7634, -0.370539
7634.5, -0.333928
7635, -0.355285
7635.5, -0.376641
7636, -0.361386
7636.5, -0.385794
7637, -0.352234
7637.5, -0.343081
7638, -0.367488
7638.5, -0.34003
7639, -0.364437
7639.5, -0.367488
7640, -0.367488
7640.5, -0.361386
7641, -0.361386
7641.5, -0.346132
7642, -0.355285
7642.5, -0.349183
7643, -0.355285
7643.5, -0.364437
7644, -0.361386
7644.5, -0.361386
7645, -0.370539
7645.5, -0.349183
7646, -0.358336
7646.5, -0.352234
7647, -0.367488
7647.5, -0.388845
7648, -0.367488
7648.5, -0.355285
7649, -0.370539
7649.5, -0.333928
7650, -0.346132
7650.5, -0.367488
7651, -0.352234
7651.5, -0.37359
7652, -0.370539
7652.5, -0.364437
7653, -0.349183
7653.5, -0.358336
7654, -0.358336
7654.5, -0.355285
7655, -0.379692
7655.5, -0.367488
7656, -0.349183
7656.5, -0.352234
7657, -0.364437
7657.5, -0.343081
7658, -0.364437
7658.5, -0.370539
7659, -0.37359
7659.5, -0.367488
7660, -0.37359
7660.5, -0.300367
7661, -0.327826
7661.5, -0.349183
7662, -0.352234
7662.5, -0.361386
7663, -0.37359
7663.5, -0.37359
7664, -0.379692
7664.5, -0.346132
7665, -0.349183
7665.5, -0.358336
7666, -0.352234
7666.5, -0.391896
7667, -0.37359
7667.5, -0.358336
7668, -0.370539
7668.5, -0.34003
7669, -0.336979
7669.5, -0.355285
7670, -0.333928
7670.5, -0.358336
7671, -0.379692
7671.5, -0.361386
7672, -0.361386
7672.5, -0.34003
7673, -0.343081
7673.5, -0.358336
7674, -0.364437
7674.5, -0.370539
7675, -0.37359
7675.5, -0.379692
7676, -0.330877
7676.5, -0.343081
7677, -0.343081
7677.5, -0.367488
7678, -0.376641
7678.5, -0.385794
7679, -0.367488
7679.5, -0.358336
7680, -0.327826
7680.5, -0.34003
7681, -0.349183
7681.5, -0.352234
7682, -0.379692
7682.5, -0.376641
7683, -0.391896
7683.5, -0.346132
7684, -0.327826
7684.5, -0.376641
7685, -0.336979
7685.5, -0.382743
7686, -0.361386
7686.5, -0.361386
7687, -0.385794
7687.5, -0.336979
7688, -0.324775
7688.5, -0.343081
7689, -0.333928
7689.5, -0.379692
7690, -0.358336
7690.5, -0.367488
7691, -0.367488
7691.5, -0.346132
7692, -0.321724
7692.5, -0.361386
7693, -0.346132
7693.5, -0.370539
7694, -0.355285
7694.5, -0.343081
7695, -0.379692
7695.5, -0.361386
7696, -0.330877
7696.5, -0.37359
7697, -0.370539
7697.5, -0.352234
7698, -0.382743
7698.5, -0.352234
7699, -0.321724
7699.5, -0.355285
7700, -0.346132
7700.5, -0.346132
7701, -0.379692
7701.5, -0.355285
7702, -0.370539
7702.5, -0.370539
7703, -0.343081
7703.5, -0.358336
7704, -0.358336
7704.5, -0.355285
7705, -0.382743
7705.5, -0.358336
7706, -0.391896
7706.5, -0.349183
7707, -0.318673
7707.5, -0.358336
7708, -0.330877
7708.5, -0.361386
7709, -0.376641
7709.5, -0.367488
7710, -0.379692
7710.5, -0.358336
7711, -0.333928
7711.5, -0.346132
7712, -0.336979
7712.5, -0.361386
7713, -0.379692
7713.5, -0.358336
7714, -0.376641
7714.5, -0.370539
7715, -0.315622
7715.5, -0.355285
7716, -0.346132
7716.5, -0.352234
7717, -0.37359
7717.5, -0.361386
7718, -0.397998
7718.5, -0.352234
7719, -0.315622
7719.5, -0.358336
7720, -0.312571
7720.5, -0.346132
7721, -0.4041
7721.5, -0.364437
7722, -0.361386
7722.5, -0.370539
7723, -0.336979
7723.5, -0.355285
7724, -0.364437
7724.5, -0.358336
7725, -0.358336
7725.5, -0.358336
7726, -0.312571
7726.5, -0.34003
7727, -0.330877
7727.5, -0.361386
7728, -0.379692
7728.5, -0.364437
7729, -0.397998
7729.5, -0.358336
7730, -0.333928
7730.5, -0.324775
7731, -0.333928
7731.5, -0.343081
7732, -0.376641
7732.5, -0.358336
7733, -0.361386
7733.5, -0.385794
7734, -0.370539
7734.5, -0.355285
7735, -0.352234
7735.5, -0.358336
7736, -0.379692
7736.5, -0.388845
7737, -0.361386
7737.5, -0.37359
7738, -0.367488
7738.5, -0.349183
7739, -0.361386
7739.5, -0.358336
7740, -0.37359
7740.5, -0.37359
7741, -0.352234
7741.5, -0.355285
7742, -0.330877
7742.5, -0.358336
7743, -0.364437
7743.5, -0.358336
7744, -0.358336
7744.5, -0.376641
7745, -0.358336
7745.5, -0.361386
7746, -0.355285
7746.5, -0.349183
7747, -0.355285
7747.5, -0.37359
7748, -0.37359
7748.5, -0.367488
7749, -0.379692
7749.5, -0.312571
7750, -0.361386
7750.5, -0.352234
7751, -0.370539
7751.5, -0.394947
7752, -0.352234
7752.5, -0.364437
7753, -0.370539
7753.5, -0.336979
7754, -0.352234
7754.5, -0.352234
7755, -0.361386
7755.5, -0.370539
7756, -0.361386
7756.5, -0.379692
7757, -0.37359
7757.5, -0.346132
7758, -0.367488
7758.5, -0.346132
7759, -0.376641
7759.5, -0.376641
7760, -0.352234
7760.5, -0.370539
7761, -0.358336
7761.5, -0.333928
7762, -0.352234
7762.5, -0.355285
7763, -0.361386
7763.5, -0.361386
7764, -0.352234
7764.5, -0.321724
7765, -0.367488
7765.5, -0.349183
7766, -0.367488
7766.5, -0.370539
7767, -0.370539
7767.5, -0.370539
7768, -0.367488
7768.5, -0.34003
7769, -0.355285
7769.5, -0.367488
7770, -0.358336
7770.5, -0.367488
7771, -0.364437
7771.5, -0.358336
7772, -0.367488
7772.5, -0.327826
7773, -0.367488
7773.5, -0.349183
7774, -0.361386
7774.5, -0.370539
7775, -0.379692
7775.5, -0.376641
7776, -0.349183
7776.5, -0.364437
7777, -0.355285
7777.5, -0.358336
7778, -0.358336
7778.5, -0.370539
7779, -0.376641
7779.5, -0.367488
7780, -0.349183
7780.5, -0.343081
7781, -0.349183
7781.5, -0.352234
7782, -0.361386
7782.5, -0.370539
7783, -0.370539
7783.5, -0.361386
7784, -0.321724
7784.5, -0.343081
7785, -0.355285
7785.5, -0.358336
7786, -0.364437
7786.5, -0.37359
7787, -0.379692
7787.5, -0.330877
7788, -0.336979
7788.5, -0.358336
7789, -0.349183
7789.5, -0.37359
7790, -0.367488
7790.5, -0.379692
7791, -0.370539
7791.5, -0.333928
7792, -0.346132
7792.5, -0.343081
7793, -0.349183
7793.5, -0.370539
7794, -0.358336
7794.5, -0.379692
7795, -0.367488
7795.5, -0.336979
7796, -0.327826
7796.5, -0.349183
7797, -0.358336
7797.5, -0.37359
7798, -0.358336
7798.5, -0.376641
7799, -0.346132
7799.5, -0.34003
7800, -0.343081
7800.5, -0.355285
7801, -0.364437
7801.5, -0.37359
7802, -0.382743
7802.5, -0.349183
7803, -0.343081
7803.5, -0.355285
7804, -0.333928
7804.5, -0.361386
7805, -0.379692
7805.5, -0.37359
7806, -0.385794
7806.5, -0.352234
7807, -0.333928
7807.5, -0.352234
7808, -0.349183
7808.5, -0.364437
7809, -0.358336
7809.5, -0.355285
7810, -0.37359
7810.5, -0.34003
7811, -0.346132
7811.5, -0.361386
7812, -0.349183
7812.5, -0.358336
7813, -0.370539
7813.5, -0.364437
7814, -0.364437
7814.5, -0.358336
7815, -0.312571
7815.5, -0.343081
7816, -0.349183
7816.5, -0.361386
7817, -0.367488
7817.5, -0.346132
7818, -0.376641
7818.5, -0.361386
7819, -0.346132
7819.5, -0.349183
7820, -0.358336
7820.5, -0.364437
7821, -0.379692
7821.5, -0.370539
7822, -0.37359
7822.5, -0.352234
7823, -0.318673
7823.5, -0.352234
7824, -0.358336
7824.5, -0.367488
7825, -0.382743
7825.5, -0.349183
7826, -0.333928
7826.5, -0.349183
7827, -0.34003
7827.5, -0.367488
7828, -0.379692
7828.5, -0.370539
7829, -0.394947
7829.5, -0.346132
7830, -0.324775
7830.5, -0.352234
7831, -0.336979
7831.5, -0.355285
7832, -0.379692
7832.5, -0.364437
7833, -0.388845
7833.5, -0.367488
7834, -0.312571
7834.5, -0.349183
7835, -0.336979
7835.5, -0.355285
7836, -0.382743
7836.5, -0.355285
7837, -0.382743
7837.5, -0.364437
7838, -0.306469
7838.5, -0.330877
7839, -0.336979
7839.5, -0.364437
7840, -0.385794
7840.5, -0.364437
7841, -0.385794
7841.5, -0.34003
7842, -0.330877
7842.5, -0.370539
7843, -0.327826
7843.5, -0.376641
7844, -0.376641
7844.5, -0.364437
7845, -0.388845
7845.5, -0.346132
7846, -0.315622
7846.5, -0.376641
7847, -0.349183
7847.5, -0.370539
7848, -0.391896
7848.5, -0.370539
7849, -0.367488
7849.5, -0.343081
7850, -0.361386
7850.5, -0.352234
7851, -0.376641
7851.5, -0.361386
7852, -0.376641
7852.5, -0.376641
7853, -0.370539
7853.5, -0.349183
7854, -0.370539
7854.5, -0.349183
7855, -0.376641
7855.5, -0.352234
7856, -0.379692
7856.5, -0.370539
7857, -0.364437
7857.5, -0.370539
7858, -0.364437
7858.5, -0.352234
7859, -0.376641
7859.5, -0.355285
7860, -0.364437
7860.5, -0.394947
7861, -0.352234
7861.5, -0.358336
7862, -0.349183
7862.5, -0.349183
7863, -0.361386
7863.5, -0.364437
7864, -0.379692
7864.5, -0.364437
7865, -0.370539
7865.5, -0.330877
7866, -0.349183
7866.5, -0.376641
7867, -0.358336
7867.5, -0.382743
7868, -0.361386
7868.5, -0.343081
7869, -0.358336
7869.5, -0.34003
7870, -0.355285
7870.5, -0.382743
7871, -0.343081
7871.5, -0.361386
7872, -0.367488
7872.5, -0.327826
7873, -0.358336
7873.5, -0.343081
7874, -0.361386
7874.5, -0.367488
7875, -0.355285
7875.5, -0.391896
7876, -0.349183
7876.5, -0.333928
7877, -0.364437
7877.5, -0.358336
7878, -0.37359
7878.5, -0.355285
7879, -0.37359
7879.5, -0.376641
7880, -0.364437
7880.5, -0.349183
7881, -0.352234
7881.5, -0.358336
7882, -0.364437
7882.5, -0.376641
7883, -0.364437
7883.5, -0.364437
7884, -0.376641
7884.5, -0.364437
7885, -0.343081
7885.5, -0.364437
7886, -0.361386
7886.5, -0.382743
7887, -0.367488
7887.5, -0.321724
7888, -0.37359
7888.5, -0.355285
7889, -0.346132
7889.5, -0.385794
7890, -0.37359
7890.5, -0.376641
7891, -0.367488
7891.5, -0.34003
7892, -0.361386
7892.5, -0.358336
7893, -0.361386
7893.5, -0.382743
7894, -0.367488
7894.5, -0.370539
7895, -0.364437
7895.5, -0.349183
7896, -0.355285
7896.5, -0.343081
7897, -0.355285
7897.5, -0.37359
7898, -0.370539
7898.5, -0.358336
7899, -0.355285
7899.5, -0.333928
7900, -0.358336
7900.5, -0.355285
7901, -0.37359
7901.5, -0.370539
7902, -0.382743
7902.5, -0.361386
7903, -0.361386
7903.5, -0.336979
7904, -0.349183
7904.5, -0.358336
7905, -0.361386
7905.5, -0.367488
7906, -0.367488
7906.5, -0.346132
7907, -0.343081
7907.5, -0.327826
7908, -0.343081
7908.5, -0.358336
7909, -0.346132
7909.5, -0.379692
7910, -0.370539
7910.5, -0.37359
7911, -0.34003
7911.5, -0.343081
7912, -0.352234
7912.5, -0.361386
7913, -0.358336
7913.5, -0.382743
7914, -0.376641
7914.5, -0.336979
7915, -0.346132
7915.5, -0.336979
7916, -0.349183
7916.5, -0.382743
7917, -0.355285
7917.5, -0.364437
7918, -0.385794
7918.5, -0.352234
7919, -0.346132
7919.5, -0.364437
7920, -0.358336
7920.5, -0.376641
7921, -0.370539
7921.5, -0.349183
7922, -0.382743
7922.5, -0.336979
7923, -0.333928
7923.5, -0.358336
7924, -0.358336
7924.5, -0.385794
7925, -0.37359
7925.5, -0.352234
7926, -0.343081
7926.5, -0.349183
7927, -0.34003
7927.5, -0.367488
7928, -0.364437
7928.5, -0.388845
7929, -0.367488
7929.5, -0.352234
7930, -0.349183
7930.5, -0.34003
7931, -0.352234
7931.5, -0.367488
7932, -0.358336
7932.5, -0.367488
7933, -0.382743
7933.5, -0.343081
7934, -0.321724
7934.5, -0.34003
7935, -0.346132
7935.5, -0.352234
7936, -0.382743
7936.5, -0.37359
7937, -0.382743
7937.5, -0.346132
7938, -0.312571
7938.5, -0.349183
7939, -0.346132
7939.5, -0.358336
7940, -0.37359
7940.5, -0.370539
7941, -0.388845
7941.5, -0.346132
7942, -0.312571
7942.5, -0.361386
7943, -0.355285
7943.5, -0.358336
7944, -0.367488
7944.5, -0.376641
7945, -0.391896
7945.5, -0.352234
7946, -0.327826
7946.5, -0.361386
7947, -0.327826
7947.5, -0.37359
7948, -0.379692
7948.5, -0.352234
7949, -0.391896
7949.5, -0.34003
7950, -0.324775
7950.5, -0.370539
7951, -0.34003
7951.5, -0.364437
7952, -0.391896
7952.5, -0.364437
7953, -0.318673
7953.5, -0.333928
7954, -0.343081
7954.5, -0.352234
7955, -0.385794
7955.5, -0.376641
7956, -0.376641
7956.5, -0.367488
7957, -0.306469
7957.5, -0.343081
7958, -0.330877
7958.5, -0.370539
7959, -0.376641
7959.5, -0.370539
7960, -0.385794
7960.5, -0.370539
7961, -0.318673
7961.5, -0.355285
7962, -0.333928
7962.5, -0.333928
7963, -0.379692
7963.5, -0.37359
7964, -0.382743
7964.5, -0.336979
7965, -0.336979
7965.5, -0.34003
7966, -0.364437
7966.5, -0.376641
7967, -0.37359
7967.5, -0.358336
7968, -0.376641
7968.5, -0.343081
7969, -0.364437
7969.5, -0.352234
7970, -0.361386
7970.5, -0.370539
7971, -0.364437
7971.5, -0.37359
7972, -0.364437
7972.5, -0.361386
7973, -0.343081
7973.5, -0.349183
7974, -0.364437
7974.5, -0.367488
7975, -0.370539
7975.5, -0.361386
7976, -0.37359
7976.5, -0.370539
7977, -0.361386
7977.5, -0.364437
7978, -0.382743
7978.5, -0.352234
7979, -0.349183
7979.5, -0.385794
7980, -0.364437
7980.5, -0.349183
7981, -0.361386
7981.5, -0.355285
7982, -0.358336
7982.5, -0.385794
7983, -0.382743
7983.5, -0.388845
7984, -0.358336
7984.5, -0.336979
7985, -0.361386
7985.5, -0.343081
7986, -0.361386
7986.5, -0.361386
7987, -0.364437
7987.5, -0.391896
7988, -0.349183
7988.5, -0.343081
7989, -0.358336
7989.5, -0.370539
7990, -0.361386
7990.5, -0.385794
7991, -0.364437
7991.5, -0.336979
7992, -0.376641
7992.5, -0.346132
7993, -0.361386
7993.5, -0.382743
7994, -0.355285
7994.5, -0.34003
7995, -0.358336
7995.5, -0.346132
7996, -0.355285
7996.5, -0.34003
7997, -0.361386
7997.5, -0.385794
7998, -0.358336
7998.5, -0.355285
7999, -0.349183
7999.5, -0.343081
8000, -0.349183
8000.5, -0.349183
8001, -0.358336
8001.5, -0.367488
8002, -0.364437
8002.5, -0.352234
8003, -0.361386
8003.5, -0.343081
8004, -0.361386
8004.5, -0.352234
8005, -0.367488
8005.5, -0.37359
8006, -0.355285
8006.5, -0.364437
8007, -0.361386
8007.5, -0.349183
8008, -0.355285
8008.5, -0.358336
8009, -0.361386
8009.5, -0.376641
8010, -0.361386
8010.5, -0.358336
8011, -0.370539
8011.5, -0.34003
8012, -0.34003
8012.5, -0.318673
8013, -0.361386
8013.5, -0.376641
8014, -0.376641
8014.5, -0.330877
8015, -0.358336
8015.5, -0.34003
8016, -0.367488
8016.5, -0.379692
8017, -0.376641
8017.5, -0.379692
8018, -0.37359
8018.5, -0.358336
8019, -0.361386
8019.5, -0.355285
8020, -0.367488
8020.5, -0.367488
8021, -0.370539
8021.5, -0.358336
8022, -0.361386
8022.5, -0.358336
8023, -0.352234
8023.5, -0.367488
8024, -0.336979
8024.5, -0.379692
8025, -0.358336
8025.5, -0.352234
8026, -0.343081
8026.5, -0.336979
8027, -0.358336
8027.5, -0.361386
8028, -0.370539
8028.5, -0.385794
8029, -0.370539
8029.5, -0.349183
8030, -0.34003
8030.5, -0.346132
8031, -0.349183
8031.5, -0.358336
8032, -0.358336
8032.5, -0.388845
8033, -0.379692
8033.5, -0.352234
8034, -0.346132
8034.5, -0.34003
8035, -0.346132
8035.5, -0.352234
8036, -0.364437
8036.5, -0.376641
8037, -0.361386
8037.5, -0.352234
8038, -0.336979
8038.5, -0.355285
8039, -0.364437
8039.5, -0.352234
8040, -0.364437
8040.5, -0.382743
8041, -0.379692
8041.5, -0.324775
8042, -0.343081
8042.5, -0.358336
8043, -0.336979
8043.5, -0.370539
8044, -0.382743
8044.5, -0.355285
8045, -0.370539
8045.5, -0.330877
8046, -0.333928
8046.5, -0.358336
8047, -0.352234
8047.5, -0.376641
8048, -0.382743
8048.5, -0.34003
8049, -0.391896
8049.5, -0.343081
8050, -0.333928
8050.5, -0.367488
8051, -0.352234
8051.5, -0.385794
8052, -0.361386
8052.5, -0.367488
8053, -0.346132
8053.5, -0.355285
8054, -0.358336
8054.5, -0.352234
8055, -0.376641
8055.5, -0.361386
8056, -0.388845
8056.5, -0.349183
8057, -0.336979
8057.5, -0.367488
8058, -0.327826
8058.5, -0.361386
8059, -0.358336
8059.5, -0.361386
8060, -0.367488
8060.5, -0.349183
8061, -0.318673
8061.5, -0.349183
8062, -0.34003
8062.5, -0.346132
8063, -0.385794
8063.5, -0.376641
8064, -0.376641
8064.5, -0.346132
8065, -0.312571
8065.5, -0.358336
8066, -0.336979
8066.5, -0.37359
8067, -0.379692
8067.5, -0.358336
8068, -0.379692
8068.5, -0.327826
8069, -0.30952
8069.5, -0.358336
8070, -0.315622
8070.5, -0.379692
8071, -0.382743
8071.5, -0.364437
8072, -0.382743
8072.5, -0.358336
8073, -0.336979
8073.5, -0.355285
8074, -0.349183
8074.5, -0.370539
8075, -0.376641
8075.5, -0.364437
8076, -0.376641
8076.5, -0.358336
8077, -0.361386
8077.5, -0.361386
8078, -0.385794
8078.5, -0.355285
8079, -0.388845
8079.5, -0.388845
8080, -0.324775
8080.5, -0.361386
8081, -0.333928
8081.5, -0.364437
8082, -0.388845
8082.5, -0.361386
8083, -0.4041
8083.5, -0.370539
8084, -0.324775
8084.5, -0.352234
8085, -0.324775
8085.5, -0.361386
8086, -0.37359
8086.5, -0.367488
8087, -0.388845
8087.5, -0.37359
8088, -0.336979
8088.5, -0.352234
8089, -0.333928
8089.5, -0.358336
8090, -0.358336
8090.5, -0.367488
8091, -0.391896
8091.5, -0.367488
8092, -0.343081
8092.5, -0.352234
8093, -0.349183
8093.5, -0.370539
8094, -0.367488
8094.5, -0.367488
8095, -0.358336
8095.5, -0.361386
8096, -0.343081
8096.5, -0.352234
8097, -0.364437
8097.5, -0.370539
8098, -0.361386
8098.5, -0.367488
8099, -0.385794
8099.5, -0.352234
8100, -0.37359
8100.5, -0.346132
8101, -0.361386
8101.5, -0.367488
8102, -0.379692
8102.5, -0.376641
8103, -0.370539
8103.5, -0.343081
8104, -0.352234
8104.5, -0.346132
8105, -0.367488
8105.5, -0.376641
8106, -0.37359
8106.5, -0.355285
8107, -0.349183
8107.5, -0.330877
8108, -0.361386
8108.5, -0.364437
8109, -0.376641
8109.5, -0.352234
8110, -0.355285
8110.5, -0.367488
8111, -0.367488
8111.5, -0.315622
8112, -0.358336
8112.5, -0.327826
8113, -0.364437
8113.5, -0.361386
8114, -0.358336
8114.5, -0.361386
8115, -0.37359
8115.5, -0.330877
8116, -0.358336
8116.5, -0.37359
8117, -0.361386
8117.5, -0.391896
8118, -0.364437
8118.5, -0.333928
8119, -0.367488
8119.5, -0.355285
8120, -0.370539
8120.5, -0.367488
8121, -0.370539
8121.5, -0.382743
8122, -0.361386
8122.5, -0.349183
8123, -0.358336
8123.5, -0.37359
8124, -0.361386
8124.5, -0.361386
8125, -0.37359
8125.5, -0.361386
8126, -0.370539
8126.5, -0.336979
8127, -0.352234
8127.5, -0.379692
8128, -0.367488
8128.5, -0.370539
8129, -0.355285
8129.5, -0.361386
8130, -0.379692
8130.5, -0.333928
8131, -0.34003
8131.5, -0.34003
8132, -0.361386
8132.5, -0.37359
8133, -0.361386
8133.5, -0.355285
8134, -0.361386
8134.5, -0.34003
8135, -0.358336
8135.5, -0.346132
8136, -0.370539
8136.5, -0.364437
8137, -0.352234
8137.5, -0.367488
8138, -0.343081
8138.5, -0.330877
8139, -0.358336
8139.5, -0.367488
8140, -0.376641
8140.5, -0.367488
8141, -0.37359
8141.5, -0.336979
8142, -0.321724
8142.5, -0.355285
8143, -0.352234
8143.5, -0.37359
8144, -0.361386
8144.5, -0.358336
8145, -0.376641
8145.5, -0.346132
8146, -0.355285
8146.5, -0.330877
8147, -0.346132
8147.5, -0.361386
8148, -0.370539
8148.5, -0.358336
8149, -0.382743
8149.5, -0.330877
8150, -0.336979
8150.5, -0.379692
8151, -0.34003
8151.5, -0.388845
8152, -0.364437
8152.5, -0.367488
8153, -0.367488
8153.5, -0.34003
8154, -0.333928
8154.5, -0.370539
8155, -0.37359
8155.5, -0.388845
8156, -0.37359
8156.5, -0.361386
8157, -0.349183
8157.5, -0.333928
8158, -0.358336
8158.5, -0.37359
8159, -0.379692
8159.5, -0.379692
8160, -0.364437
8160.5, -0.343081
8161, -0.330877
8161.5, -0.343081
8162, -0.324775
8162.5, -0.364437
8163, -0.361386
8163.5, -0.37359
8164, -0.37359
8164.5, -0.352234
8165, -0.327826
8165.5, -0.321724
8166, -0.34003
8166.5, -0.376641
8167, -0.358336
8167.5, -0.376641
8168, -0.379692
8168.5, -0.327826
8169, -0.315622
8169.5, -0.370539
8170, -0.349183
8170.5, -0.37359
8171, -0.376641
8171.5, -0.355285
8172, -0.388845
8172.5, -0.349183
8173, -0.324775
8173.5, -0.355285
8174, -0.321724
8174.5, -0.376641
8175, -0.379692
8175.5, -0.376641
8176, -0.367488
8176.5, -0.358336
8177, -0.336979
8177.5, -0.358336
8178, -0.336979
8178.5, -0.37359
8179, -0.37359
8179.5, -0.370539
8180, -0.343081
8180.5, -0.349183
8181, -0.318673
8181.5, -0.364437
8182, -0.370539
8182.5, -0.361386
8183, -0.397998
8183.5, -0.361386
8184, -0.336979
8184.5, -0.346132
8185, -0.330877
8185.5, -0.367488
8186, -0.391896
8186.5, -0.355285
8187, -0.388845
8187.5, -0.361386
8188, -0.324775
8188.5, -0.349183
8189, -0.343081
8189.5, -0.358336
8190, -0.361386
8190.5, -0.352234
8191, -0.367488
8191.5, -0.367488
8192, -0.321724
8192.5, -0.349183
8193, -0.336979
8193.5, -0.37359
8194, -0.376641
8194.5, -0.37359
8195, -0.385794
8195.5, -0.364437
8196, -0.30952
8196.5, -0.361386
8197, -0.333928
8197.5, -0.358336
8198, -0.376641
8198.5, -0.358336
8199, -0.379692
8199.5, -0.361386
8200, -0.303418
8200.5, -0.34003
8201, -0.343081
8201.5, -0.364437
8202, -0.376641
8202.5, -0.37359
8203, -0.382743
8203.5, -0.349183
8204, -0.312571
8204.5, -0.355285
8205, -0.361386
8205.5, -0.358336
8206, -0.376641
8206.5, -0.364437
8207, -0.330877
8207.5, -0.352234
8208, -0.352234
8208.5, -0.364437
8209, -0.379692
8209.5, -0.376641
8210, -0.361386
8210.5, -0.343081
8211, -0.361386
8211.5, -0.315622
8212, -0.34003
8212.5, -0.349183
8213, -0.370539
8213.5, -0.376641
8214, -0.364437
8214.5, -0.367488
8215, -0.346132
8215.5, -0.330877
8216, -0.361386
8216.5, -0.34003
8217, -0.364437
8217.5, -0.367488
8218, -0.355285
8218.5, -0.349183
8219, -0.361386
8219.5, -0.333928
8220, -0.370539
8220.5, -0.355285
8221, -0.376641
8221.5, -0.379692
8222, -0.376641
8222.5, -0.333928
8223, -0.336979
8223.5, -0.355285
8224, -0.352234
8224.5, -0.367488
8225, -0.367488
8225.5, -0.370539
8226, -0.364437
8226.5, -0.324775
8227, -0.364437
8227.5, -0.352234
8228, -0.358336
8228.5, -0.382743
8229, -0.358336
8229.5, -0.364437
8230, -0.355285
8230.5, -0.321724
8231, -0.367488
8231.5, -0.349183
8232, -0.346132
8232.5, -0.382743
8233, -0.370539
8233.5, -0.370539
8234, -0.364437
8234.5, -0.346132
8235, -0.367488
8235.5, -0.349183
8236, -0.367488
8236.5, -0.370539
8237, -0.376641
8237.5, -0.385794
8238, -0.355285
8238.5, -0.330877
8239, -0.358336
8239.5, -0.336979
8240, -0.379692
8240.5, -0.37359
8241, -0.361386
8241.5, -0.364437
8242, -0.361386
8242.5, -0.352234
8243, -0.361386
8243.5, -0.364437
8244, -0.367488
8244.5, -0.379692
8245, -0.361386
8245.5, -0.358336
8246, -0.370539
8246.5, -0.361386
8247, -0.346132
8247.5, -0.376641
8248, -0.367488
8248.5, -0.355285
8249, -0.367488
8249.5, -0.336979
8250, -0.34003
8250.5, -0.349183
8251, -0.358336
8251.5, -0.37359
8252, -0.358336
8252.5, -0.346132
8253, -0.352234
8253.5, -0.327826
8254, -0.346132
8254.5, -0.37359
8255, -0.352234
8255.5, -0.358336
8256, -0.346132
8256.5, -0.370539
8257, -0.361386
8257.5, -0.34003
8258, -0.343081
8258.5, -0.352234
8259, -0.376641
8259.5, -0.358336
8260, -0.361386
8260.5, -0.37359
8261, -0.327826
8261.5, -0.346132
8262, -0.346132
8262.5, -0.352234
8263, -0.367488
8263.5, -0.364437
8264, -0.382743
8264.5, -0.358336
8265, -0.358336
8265.5, -0.336979
8266, -0.346132
8266.5, -0.355285
8267, -0.364437
8267.5, -0.376641
8268, -0.376641
8268.5, -0.367488
8269, -0.336979
8269.5, -0.352234
8270, -0.349183
8270.5, -0.37359
8271, -0.361386
8271.5, -0.385794
8272, -0.376641
8272.5, -0.318673
8273, -0.34003
8273.5, -0.349183
8274, -0.358336
8274.5, -0.367488
8275, -0.367488
8275.5, -0.355285
8276, -0.370539
8276.5, -0.34003
8277, -0.327826
8277.5, -0.370539
8278, -0.349183
8278.5, -0.388845
8279, -0.364437
8279.5, -0.349183
8280, -0.37359
8280.5, -0.34003
8281, -0.330877
8281.5, -0.364437
8282, -0.370539
8282.5, -0.379692
8283, -0.37359
8283.5, -0.376641
8284, -0.355285
8284.5, -0.343081
8285, -0.336979
8285.5, -0.352234
8286, -0.376641
8286.5, -0.352234
8287, -0.385794
8287.5, -0.349183
8288, -0.327826
8288.5, -0.361386
8289, -0.358336
8289.5, -0.370539
8290, -0.352234
8290.5, -0.358336
8291, -0.355285
8291.5, -0.336979
8292, -0.34003
8292.5, -0.358336
8293, -0.346132
8293.5, -0.364437
8294, -0.361386
8294.5, -0.37359
8295, -0.379692
8295.5, -0.34003
8296, -0.34003
8296.5, -0.355285
8297, -0.346132
8297.5, -0.37359
8298, -0.367488
8298.5, -0.370539
8299, -0.370539
8299.5, -0.361386
8300, -0.343081
8300.5, -0.343081
8301, -0.349183
8301.5, -0.358336
8302, -0.37359
8302.5, -0.358336
8303, -0.391896
8303.5, -0.346132
8304, -0.30952
8304.5, -0.361386
8305, -0.336979
8305.5, -0.361386
8306, -0.379692
8306.5, -0.361386
8307, -0.343081
8307.5, -0.352234
8308, -0.324775
8308.5, -0.370539
8309, -0.370539
8309.5, -0.364437
8310, -0.382743
8310.5, -0.379692
8311, -0.336979
8311.5, -0.333928
8312, -0.330877
8312.5, -0.367488
8313, -0.379692
8313.5, -0.382743
8314, -0.394947
8314.5, -0.364437
8315, -0.324775
8315.5, -0.34003
8316, -0.330877
8316.5, -0.355285
8317, -0.37359
8317.5, -0.37359
8318, -0.382743
8318.5, -0.370539
8319, -0.315622
8319.5, -0.34003
8320, -0.333928
8320.5, -0.367488
8321, -0.385794
8321.5, -0.343081
8322, -0.379692
8322.5, -0.361386
8323, -0.312571
8323.5, -0.352234
8324, -0.330877
8324.5, -0.358336
8325, -0.379692
8325.5, -0.358336
8326, -0.391896
8326.5, -0.346132
8327, -0.306469
8327.5, -0.355285
8328, -0.355285
8328.5, -0.379692
8329, -0.385794
8329.5, -0.364437
8330, -0.37359
8330.5, -0.336979
8331, -0.355285
8331.5, -0.355285
8332, -0.376641
8332.5, -0.382743
8333, -0.358336
8333.5, -0.376641
8334, -0.367488
8334.5, -0.343081
8335, -0.364437
8335.5, -0.336979
8336, -0.376641
8336.5, -0.382743
8337, -0.358336
8337.5, -0.370539
8338, -0.34003
8338.5, -0.355285
8339, -0.355285
8339.5, -0.34003
8340, -0.358336
8340.5, -0.37359
8341, -0.352234
8341.5, -0.376641
8342, -0.346132
8342.5, -0.330877
8343, -0.358336
8343.5, -0.355285
8344, -0.364437
8344.5, -0.370539
8345, -0.355285
8345.5, -0.324775
8346, -0.349183
8346.5, -0.34003
8347, -0.343081
8347.5, -0.37359
8348, -0.355285
8348.5, -0.367488
8349, -0.367488
8349.5, -0.321724
8350, -0.364437
8350.5, -0.333928
8351, -0.364437
8351.5, -0.376641
8352, -0.358336
8352.5, -0.382743
8353, -0.358336
8353.5, -0.358336
8354, -0.355285
8354.5, -0.358336
8355, -0.355285
8355.5, -0.376641
8356, -0.355285
8356.5, -0.364437
8357, -0.361386
8357.5, -0.34003
8358, -0.367488
8358.5, -0.355285
8359, -0.361386
8359.5, -0.37359
8360, -0.364437
8360.5, -0.358336
8361, -0.358336
8361.5, -0.364437
8362, -0.349183
8362.5, -0.343081
8363, -0.361386
8363.5, -0.367488
8364, -0.358336
8364.5, -0.37359
8365, -0.343081
8365.5, -0.343081
8366, -0.346132
8366.5, -0.346132
8367, -0.361386
8367.5, -0.364437
8368, -0.367488
8368.5, -0.349183
8369, -0.355285
8369.5, -0.333928
8370, -0.343081
8370.5, -0.382743
8371, -0.361386
8371.5, -0.382743
8372, -0.370539
8372.5, -0.330877
8373, -0.376641
8373.5, -0.352234
8374, -0.358336
8374.5, -0.379692
8375, -0.352234
8375.5, -0.385794
8376, -0.370539
8376.5, -0.352234
8377, -0.364437
8377.5, -0.349183
8378, -0.355285
8378.5, -0.37359
8379, -0.367488
8379.5, -0.382743
8380, -0.37359
8380.5, -0.346132
8381, -0.355285
8381.5, -0.358336
8382, -0.346132
8382.5, -0.379692
8383, -0.379692
8383.5, -0.364437
8384, -0.336979
8384.5, -0.333928
8385, -0.346132
8385.5, -0.352234
8386, -0.37359
8386.5, -0.370539
8387, -0.376641
8387.5, -0.346132
8388, -0.346132
8388.5, -0.330877
8389, -0.355285
8389.5, -0.355285
8390, -0.361386
8390.5, -0.376641
8391, -0.376641
8391.5, -0.370539
8392, -0.333928
8392.5, -0.336979
8393, -0.349183
8393.5, -0.385794
8394, -0.370539
8394.5, -0.376641
8395, -0.382743
8395.5, -0.355285
8396, -0.333928
8396.5, -0.343081
8397, -0.333928
8397.5, -0.376641
8398, -0.367488
8398.5, -0.385794
8399, -0.364437
8399.5, -0.346132
8400, -0.346132
8400.5, -0.343081
8401, -0.355285
8401.5, -0.379692
8402, -0.361386
8402.5, -0.34003
8403, -0.37359
8403.5, -0.352234
8404, -0.336979
8404.5, -0.352234
8405, -0.355285
8405.5, -0.376641
8406, -0.37359
8406.5, -0.343081
8407, -0.37359
8407.5, -0.349183
8408, -0.327826
8408.5, -0.352234
8409, -0.358336
8409.5, -0.364437
8410, -0.385794
8410.5, -0.336979
8411, -0.34003
8411.5, -0.343081
8412, -0.346132
8412.5, -0.37359
8413, -0.376641
8413.5, -0.370539
8414, -0.401049
8414.5, -0.343081
8415, -0.318673
8415.5, -0.352234
8416, -0.355285
8416.5, -0.376641
8417, -0.361386
8417.5, -0.382743
8418, -0.367488
8418.5, -0.358336
8419, -0.336979
8419.5, -0.330877
8420, -0.352234
8420.5, -0.336979
8421, -0.391896
8421.5, -0.364437
8422, -0.391896
8422.5, -0.349183
8423, -0.303418
8423.5, -0.34003
8424, -0.343081
8424.5, -0.361386
8425, -0.376641
8425.5, -0.37359
8426, -0.401049
8426.5, -0.343081
8427, -0.327826
8427.5, -0.358336
8428, -0.336979
8428.5, -0.367488
8429, -0.379692
8429.5, -0.370539
8430, -0.397998
8430.5, -0.361386
8431, -0.300367
8431.5, -0.364437
8432, -0.349183
8432.5, -0.376641
8433, -0.379692
8433.5, -0.367488
8434, -0.324775
8434.5, -0.364437
8435, -0.355285
8435.5, -0.346132
8436, -0.382743
8436.5, -0.367488
8437, -0.391896
8437.5, -0.37359
8438, -0.306469
8438.5, -0.355285
8439, -0.352234
8439.5, -0.358336
8440, -0.385794
8440.5, -0.361386
8441, -0.370539
8441.5, -0.37359
8442, -0.346132
8442.5, -0.34003
8443, -0.349183
8443.5, -0.352234
8444, -0.370539
8444.5, -0.370539
8445, -0.391896
8445.5, -0.379692
8446, -0.349183
8446.5, -0.349183
8447, -0.370539
8447.5, -0.364437
8448, -0.37359
8448.5, -0.358336
8449, -0.379692
8449.5, -0.343081
8450, -0.355285
8450.5, -0.361386
8451, -0.364437
8451.5, -0.37359
8452, -0.37359
8452.5, -0.358336
8453, -0.388845
8453.5, -0.324775
8454, -0.327826
8454.5, -0.349183
8455, -0.364437
8455.5, -0.364437
8456, -0.37359
8456.5, -0.370539
8457, -0.364437
8457.5, -0.355285
8458, -0.343081
8458.5, -0.352234
8459, -0.358336
8459.5, -0.385794
8460, -0.352234
8460.5, -0.391896
8461, -0.370539
8461.5, -0.327826
8462, -0.355285
8462.5, -0.330877
8463, -0.370539
8463.5, -0.379692
8464, -0.37359
8464.5, -0.379692
8465, -0.361386
8465.5, -0.324775
8466, -0.364437
8466.5, -0.34003
8467, -0.370539
8467.5, -0.388845
8468, -0.361386
8468.5, -0.37359
8469, -0.361386
8469.5, -0.312571
8470, -0.352234
8470.5, -0.343081
8471, -0.364437
8471.5, -0.388845
8472, -0.367488
8472.5, -0.367488
8473, -0.361386
8473.5, -0.352234
8474, -0.358336
8474.5, -0.382743
8475, -0.346132
8475.5, -0.364437
8476, -0.37359
8476.5, -0.333928
8477, -0.370539
8477.5, -0.333928
8478, -0.352234
8478.5, -0.376641
8479, -0.367488
8479.5, -0.370539
8480, -0.355285
8480.5, -0.321724
8481, -0.352234
8481.5, -0.343081
8482, -0.355285
8482.5, -0.37359
8483, -0.376641
8483.5, -0.376641
8484, -0.358336
8484.5, -0.333928
8485, -0.349183
8485.5, -0.343081
8486, -0.370539
8486.5, -0.379692
8487, -0.361386
8487.5, -0.358336
8488, -0.367488
8488.5, -0.346132
8489, -0.364437
8489.5, -0.370539
8490, -0.370539
8490.5, -0.37359
8491, -0.358336
8491.5, -0.349183
8492, -0.37359
8492.5, -0.312571
8493, -0.346132
8493.5, -0.367488
8494, -0.367488
8494.5, -0.388845
8495, -0.358336
8495.5, -0.355285
8496, -0.343081
8496.5, -0.34003
8497, -0.361386
8497.5, -0.382743
8498, -0.370539
8498.5, -0.367488
8499, -0.370539
8499.5, -0.352234
8500, -0.34003
8500.5, -0.358336
8501, -0.364437
8501.5, -0.358336
8502, -0.37359
8502.5, -0.367488
8503, -0.358336
8503.5, -0.346132
8504, -0.333928
8504.5, -0.367488
8505, -0.355285
8505.5, -0.370539
8506, -0.364437
8506.5, -0.352234
8507, -0.385794
8507.5, -0.349183
8508, -0.315622
8508.5, -0.382743
8509, -0.34003
8509.5, -0.361386
8510, -0.382743
8510.5, -0.34003
8511, -0.355285
8511.5, -0.346132
8512, -0.361386
8512.5, -0.364437
8513, -0.370539
8513.5, -0.376641
8514, -0.379692
8514.5, -0.343081
8515, -0.333928
8515.5, -0.355285
8516, -0.358336
8516.5, -0.364437
8517, -0.388845
8517.5, -0.376641
8518, -0.379692
8518.5, -0.349183
8519, -0.330877
8519.5, -0.355285
8520, -0.343081
8520.5, -0.367488
8521, -0.388845
8521.5, -0.358336
8522, -0.379692
8522.5, -0.349183
8523, -0.34003
8523.5, -0.355285
8524, -0.352234
8524.5, -0.376641
8525, -0.376641
8525.5, -0.358336
8526, -0.376641
8526.5, -0.358336
8527, -0.336979
8527.5, -0.364437
8528, -0.343081
8528.5, -0.385794
8529, -0.370539
8529.5, -0.336979
8530, -0.382743
8530.5, -0.364437
8531, -0.333928
8531.5, -0.361386
8532, -0.336979
8532.5, -0.376641
8533, -0.361386
8533.5, -0.34003
8534, -0.352234
8534.5, -0.346132
8535, -0.333928
8535.5, -0.355285
8536, -0.370539
8536.5, -0.376641
8537, -0.382743
8537.5, -0.370539
8538, -0.288163
8538.5, -0.370539
8539, -0.34003
8539.5, -0.355285
8540, -0.361386
8540.5, -0.361386
8541, -0.397998
8541.5, -0.370539
8542, -0.303418
8542.5, -0.346132
8543, -0.349183
8543.5, -0.355285
8544, -0.394947
8544.5, -0.358336
8545, -0.385794
8545.5, -0.364437
8546, -0.30952
8546.5, -0.346132
8547, -0.327826
8547.5, -0.352234
8548, -0.367488
8548.5, -0.367488
8549, -0.394947
8549.5, -0.346132
8550, -0.346132
8550.5, -0.349183
8551, -0.346132
8551.5, -0.37359
8552, -0.382743
8552.5, -0.370539
8553, -0.388845
8553.5, -0.333928
8554, -0.303418
8554.5, -0.364437
8555, -0.336979
8555.5, -0.385794
8556, -0.382743
8556.5, -0.361386
8557, -0.367488
8557.5, -0.330877
8558, -0.327826
8558.5, -0.370539
8559, -0.358336
8559.5, -0.349183
8560, -0.388845
8560.5, -0.367488
8561, -0.336979
8561.5, -0.327826
8562, -0.336979
8562.5, -0.349183
8563, -0.382743
8563.5, -0.358336
8564, -0.388845
8564.5, -0.367488
8565, -0.34003
8565.5, -0.336979
8566, -0.318673
8566.5, -0.361386
8567, -0.401049
8567.5, -0.382743
8568, -0.37359
8568.5, -0.370539
8569, -0.349183
8569.5, -0.34003
8570, -0.352234
8570.5, -0.346132
8571, -0.391896
8571.5, -0.379692
8572, -0.391896
8572.5, -0.370539
8573, -0.324775
8573.5, -0.333928
8574, -0.370539
8574.5, -0.367488
8575, -0.367488
8575.5, -0.385794
8576, -0.388845
8576.5, -0.330877
8577, -0.318673
8577.5, -0.336979
8578, -0.352234
8578.5, -0.361386
8579, -0.367488
8579.5, -0.376641
8580, -0.376641
8580.5, -0.333928
8581, -0.352234
8581.5, -0.34003
8582, -0.358336
8582.5, -0.364437
8583, -0.367488
8583.5, -0.376641
8584, -0.355285
8584.5, -0.324775
8585, -0.336979
8585.5, -0.34003
8586, -0.367488
8586.5, -0.370539
8587, -0.376641
8587.5, -0.355285
8588, -0.346132
8588.5, -0.358336
8589, -0.355285
8589.5, -0.346132
8590, -0.352234
8590.5, -0.382743
8591, -0.355285
8591.5, -0.376641
8592, -0.370539
8592.5, -0.330877
8593, -0.358336
8593.5, -0.343081
8594, -0.364437
8594.5, -0.364437
8595, -0.355285
8595.5, -0.367488
8596, -0.37359
8596.5, -0.343081
8597, -0.358336
8597.5, -0.361386
8598, -0.361386
8598.5, -0.388845
8599, -0.367488
8599.5, -0.346132
8600, -0.367488
8600.5, -0.349183
8601, -0.361386
8601.5, -0.385794
8602, -0.361386
8602.5, -0.367488
8603, -0.361386
8603.5, -0.324775
8604, -0.355285
8604.5, -0.370539
8605, -0.343081
8605.5, -0.379692
8606, -0.370539
8606.5, -0.343081
8607, -0.379692
8607.5, -0.346132
8608, -0.367488
8608.5, -0.37359
8609, -0.361386
8609.5, -0.367488
8610, -0.370539
8610.5, -0.333928
8611, -0.349183
8611.5, -0.355285
8612, -0.358336
8612.5, -0.355285
8613, -0.37359
8613.5, -0.376641
8614, -0.367488
8614.5, -0.361386
8615, -0.367488
8615.5, -0.34003
8616, -0.355285
8616.5, -0.367488
8617, -0.367488
8617.5, -0.379692
8618, -0.361386
8618.5, -0.34003
8619, -0.343081
8619.5, -0.346132
8620, -0.349183
8620.5, -0.330877
8621, -0.376641
8621.5, -0.355285
8622, -0.37359
8622.5, -0.349183
8623, -0.324775
8623.5, -0.361386
8624, -0.336979
8624.5, -0.37359
8625, -0.370539
8625.5, -0.358336
8626, -0.382743
8626.5, -0.355285
8627, -0.318673
8627.5, -0.364437
8628, -0.352234
8628.5, -0.382743
8629, -0.370539
8629.5, -0.34003
8630, -0.379692
8630.5, -0.352234
8631, -0.34003
8631.5, -0.370539
8632, -0.343081
8632.5, -0.379692
8633, -0.367488
8633.5, -0.34003
8634, -0.385794
8634.5, -0.333928
8635, -0.330877
8635.5, -0.358336
8636, -0.34003
8636.5, -0.376641
8637, -0.37359
8637.5, -0.349183
8638, -0.327826
8638.5, -0.352234
8639, -0.336979
8639.5, -0.364437
8640, -0.37359
8640.5, -0.37359
8641, -0.370539
8641.5, -0.364437
8642, -0.315622
8642.5, -0.349183
8643, -0.349183
8643.5, -0.361386
8644, -0.367488
8644.5, -0.355285
8645, -0.388845
8645.5, -0.343081
8646, -0.324775
8646.5, -0.349183
8647, -0.324775
8647.5, -0.358336
8648, -0.37359
8648.5, -0.367488
8649, -0.388845
8649.5, -0.355285
8650, -0.343081
8650.5, -0.361386
8651, -0.34003
8651.5, -0.367488
8652, -0.370539
8652.5, -0.370539
8653, -0.382743
8653.5, -0.349183
8654, -0.330877
8654.5, -0.358336
8655, -0.324775
8655.5, -0.361386
8656, -0.385794
8656.5, -0.37359
8657, -0.376641
8657.5, -0.34003
8658, -0.30952
8658.5, -0.349183
8659, -0.349183
8659.5, -0.37359
8660, -0.379692
8660.5, -0.346132
8661, -0.364437
8661.5, -0.343081
8662, -0.321724
8662.5, -0.358336
8663, -0.358336
8663.5, -0.364437
8664, -0.397998
8664.5, -0.346132
8665, -0.315622
8665.5, -0.352234
8666, -0.306469
8666.5, -0.343081
8667, -0.394947
8667.5, -0.370539
8668, -0.388845
8668.5, -0.370539
8669, -0.312571
8669.5, -0.349183
8670, -0.321724
8670.5, -0.352234
8671, -0.358336
8671.5, -0.379692
8672, -0.379692
8672.5, -0.364437
8673, -0.291214
8673.5, -0.346132
8674, -0.336979
8674.5, -0.343081
8675, -0.385794
8675.5, -0.379692
8676, -0.391896
8676.5, -0.361386
8677, -0.297316
8677.5, -0.355285
8678, -0.321724
8678.5, -0.352234
8679, -0.385794
8679.5, -0.358336
8680, -0.391896
8680.5, -0.364437
8681, -0.291214
8681.5, -0.352234
8682, -0.358336
8682.5, -0.364437
8683, -0.385794
8683.5, -0.37359
8684, -0.37359
8684.5, -0.346132
8685, -0.352234
8685.5, -0.358336
8686, -0.376641
8686.5, -0.361386
8687, -0.382743
8687.5, -0.367488
8688, -0.37359
8688.5, -0.336979
8689, -0.352234
8689.5, -0.34003
8690, -0.385794
8690.5, -0.37359
8691, -0.370539
8691.5, -0.382743
8692, -0.30952
8692.5, -0.330877
8693, -0.343081
8693.5, -0.361386
8694, -0.376641
8694.5, -0.370539
8695, -0.367488
8695.5, -0.361386
8696, -0.321724
8696.5, -0.312571
8697, -0.352234
8697.5, -0.336979
8698, -0.376641
8698.5, -0.391896
8699, -0.37359
8699.5, -0.370539
8700, -0.324775
8700.5, -0.349183
8701, -0.367488
8701.5, -0.346132
8702, -0.376641
8702.5, -0.401049
8703, -0.358336
8703.5, -0.327826
8704, -0.343081
8704.5, -0.349183
8705, -0.376641
8705.5, -0.361386
8706, -0.358336
8706.5, -0.370539
8707, -0.355285
8707.5, -0.324775
8708, -0.336979
8708.5, -0.343081
8709, -0.370539
8709.5, -0.364437
8710, -0.361386
8710.5, -0.370539
8711, -0.355285
8711.5, -0.318673
8712, -0.355285
8712.5, -0.34003
8713, -0.355285
8713.5, -0.385794
8714, -0.361386
8714.5, -0.37359
8715, -0.364437
8715.5, -0.306469
8716, -0.364437
8716.5, -0.361386
8717, -0.376641
8717.5, -0.394947
8718, -0.352234
8718.5, -0.361386
8719, -0.370539
8719.5, -0.327826
8720, -0.355285
8720.5, -0.352234
8721, -0.37359
8721.5, -0.379692
8722, -0.358336
8722.5, -0.379692
8723, -0.355285
8723.5, -0.330877
8724, -0.355285
8724.5, -0.336979
8725, -0.376641
8725.5, -0.382743
8726, -0.358336
8726.5, -0.346132
8727, -0.364437
8727.5, -0.364437
8728, -0.355285
8728.5, -0.367488
8729, -0.364437
8729.5, -0.370539
8730, -0.364437
8730.5, -0.346132
8731, -0.364437
8731.5, -0.367488
8732, -0.349183
8732.5, -0.379692
8733, -0.358336
8733.5, -0.346132
8734, -0.370539
8734.5, -0.355285
8735, -0.37359
8735.5, -0.361386
8736, -0.352234
8736.5, -0.367488
8737, -0.364437
8737.5, -0.346132
8738, -0.352234
8738.5, -0.352234
8739, -0.355285
8739.5, -0.355285
8740, -0.361386
8740.5, -0.364437
8741, -0.382743
8741.5, -0.358336
8742, -0.336979
8742.5, -0.346132
8743, -0.346132
8743.5, -0.364437
8744, -0.37359
8744.5, -0.361386
8745, -0.367488
8745.5, -0.355285
8746, -0.343081
8746.5, -0.361386
8747, -0.336979
8747.5, -0.367488
8748, -0.367488
8748.5, -0.364437
8749, -0.385794
8749.5, -0.355285
8750, -0.321724
8750.5, -0.358336
8751, -0.349183
8751.5, -0.367488
8752, -0.385794
8752.5, -0.370539
8753, -0.370539
8753.5, -0.349183
8754, -0.333928
8754.5, -0.336979
8755, -0.349183
8755.5, -0.376641
8756, -0.364437
8756.5, -0.352234
8757, -0.37359
8757.5, -0.355285
8758, -0.343081
8758.5, -0.352234
8759, -0.346132
8759.5, -0.376641
8760, -0.367488
8760.5, -0.349183
8761, -0.379692
8761.5, -0.358336
8762, -0.327826
8762.5, -0.355285
8763, -0.34003
8763.5, -0.367488
8764, -0.385794
8764.5, -0.352234
8765, -0.330877
8765.5, -0.361386
8766, -0.336979
8766.5, -0.376641
8767, -0.367488
8767.5, -0.358336
8768, -0.385794
8768.5, -0.343081
8769, -0.34003
8769.5, -0.355285
8770, -0.343081
8770.5, -0.37359
8771, -0.358336
8771.5, -0.370539
8772, -0.379692
8772.5, -0.343081
8773, -0.327826
8773.5, -0.361386
8774, -0.343081
8774.5, -0.370539
8775, -0.358336
8775.5, -0.376641
8776, -0.370539
8776.5, -0.361386
8777, -0.343081
8777.5, -0.349183
8778, -0.346132
8778.5, -0.379692
8779, -0.364437
8779.5, -0.388845
8780, -0.391896
8780.5, -0.367488
8781, -0.315622
8781.5, -0.349183
8782, -0.346132
8782.5, -0.367488
8783, -0.355285
8783.5, -0.376641
8784, -0.37359
8784.5, -0.352234
8785, -0.321724
8785.5, -0.367488
8786, -0.361386
8786.5, -0.367488
8787, -0.379692
8787.5, -0.361386
8788, -0.388845
8788.5, -0.336979
8789, -0.321724
8789.5, -0.352234
8790, -0.367488
8790.5, -0.376641
8791, -0.394947
8791.5, -0.364437
8792, -0.324775
8792.5, -0.346132
8793, -0.330877
8793.5, -0.34003
8794, -0.361386
8794.5, -0.37359
8795, -0.376641
8795.5, -0.367488
8796, -0.330877
8796.5, -0.333928
8797, -0.343081
8797.5, -0.358336
8798, -0.376641
8798.5, -0.370539
8799, -0.388845
8799.5, -0.376641
8800, -0.315622
8800.5, -0.358336
8801, -0.324775
8801.5, -0.361386
8802, -0.382743
8802.5, -0.358336
8803, -0.376641
8803.5, -0.352234
8804, -0.306469
8804.5, -0.358336
8805, -0.336979
8805.5, -0.379692
8806, -0.382743
8806.5, -0.367488
8807, -0.382743
8807.5, -0.330877
8808, -0.324775
8808.5, -0.336979
8809, -0.327826
8809.5, -0.370539
8810, -0.385794
8810.5, -0.382743
8811, -0.397998
8811.5, -0.355285
8812, -0.324775
8812.5, -0.34003
8813, -0.355285
8813.5, -0.376641
8814, -0.355285
8814.5, -0.358336
8815, -0.367488
8815.5, -0.355285
8816, -0.361386
8816.5, -0.352234
8817, -0.382743
8817.5, -0.361386
8818, -0.352234
8818.5, -0.379692
8819, -0.333928
8819.5, -0.318673
8820, -0.370539
8820.5, -0.349183
8821, -0.355285
8821.5, -0.367488
8822, -0.352234
8822.5, -0.385794
8823, -0.333928
8823.5, -0.321724
8824, -0.376641
8824.5, -0.346132
8825, -0.37359
8825.5, -0.382743
8826, -0.367488
8826.5, -0.385794
8827, -0.361386
8827.5, -0.34003
8828, -0.361386
8828.5, -0.388845
8829, -0.361386
8829.5, -0.382743
8830, -0.352234
8830.5, -0.327826
8831, -0.349183
8831.5, -0.346132
8832, -0.361386
8832.5, -0.382743
8833, -0.355285
8833.5, -0.352234
8834, -0.37359
8834.5, -0.349183
8835, -0.355285
8835.5, -0.352234
8836, -0.358336
8836.5, -0.385794
8837, -0.349183
8837.5, -0.370539
8838, -0.367488
8838.5, -0.318673
8839, -0.358336
8839.5, -0.364437
8840, -0.358336
8840.5, -0.376641
8841, -0.361386
8841.5, -0.349183
8842, -0.352234
8842.5, -0.367488
8843, -0.364437
8843.5, -0.349183
8844, -0.364437
8844.5, -0.355285
8845, -0.382743
8845.5, -0.370539
8846, -0.364437
8846.5, -0.327826
8847, -0.349183
8847.5, -0.343081
8848, -0.367488
8848.5, -0.376641
8849, -0.355285
8849.5, -0.361386
8850, -0.361386
8850.5, -0.358336
8851, -0.352234
8851.5, -0.367488
8852, -0.37359
8852.5, -0.361386
8853, -0.355285
8853.5, -0.324775
8854, -0.37359
8854.5, -0.352234
8855, -0.349183
8855.5, -0.382743
8856, -0.37359
8856.5, -0.376641
8857, -0.37359
8857.5, -0.346132
8858, -0.370539
8858.5, -0.370539
8859, -0.358336
8859.5, -0.370539
8860, -0.367488
8860.5, -0.37359
8861, -0.361386
8861.5, -0.346132
8862, -0.34003
8862.5, -0.367488
8863, -0.346132
8863.5, -0.367488
8864, -0.379692
8864.5, -0.343081
8865, -0.346132
8865.5, -0.355285
8866, -0.355285
8866.5, -0.364437
8867, -0.370539
8867.5, -0.358336
8868, -0.376641
8868.5, -0.346132
8869, -0.346132
8869.5, -0.355285
8870, -0.333928
8870.5, -0.370539
8871, -0.37359
8871.5, -0.376641
8872, -0.385794
8872.5, -0.352234
8873, -0.327826
8873.5, -0.34003
8874, -0.352234
8874.5, -0.355285
8875, -0.358336
8875.5, -0.37359
8876, -0.370539
8876.5, -0.401049
8877, -0.343081
8877.5, -0.358336
8878, -0.349183
8878.5, -0.370539
8879, -0.367488
8879.5, -0.37359
8880, -0.367488
8880.5, -0.349183
8881, -0.343081
8881.5, -0.343081
8882, -0.352234
8882.5, -0.361386
8883, -0.367488
8883.5, -0.34003
8884, -0.370539
8884.5, -0.346132
8885, -0.336979
8885.5, -0.37359
8886, -0.336979
8886.5, -0.370539
8887, -0.367488
8887.5, -0.361386
8888, -0.385794
8888.5, -0.358336
8889, -0.343081
8889.5, -0.370539
8890, -0.346132
8890.5, -0.376641
8891, -0.37359
8891.5, -0.364437
8892, -0.352234
8892.5, -0.358336
8893, -0.336979
8893.5, -0.346132
8894, -0.364437
8894.5, -0.358336
8895, -0.370539
8895.5, -0.364437
8896, -0.343081
8896.5, -0.358336
8897, -0.333928
8897.5, -0.361386
8898, -0.379692
8898.5, -0.370539
8899, -0.358336
8899.5, -0.367488
8900, -0.355285
8900.5, -0.349183
8901, -0.333928
8901.5, -0.352234
8902, -0.376641
8902.5, -0.367488
8903, -0.379692
8903.5, -0.382743
8904, -0.343081
8904.5, -0.364437
8905, -0.361386
8905.5, -0.355285
8906, -0.385794
8906.5, -0.37359
8907, -0.397998
8907.5, -0.349183
8908, -0.312571
8908.5, -0.349183
8909, -0.349183
8909.5, -0.379692
8910, -0.370539
8910.5, -0.379692
8911, -0.397998
8911.5, -0.358336
8912, -0.333928
8912.5, -0.352234
8913, -0.333928
8913.5, -0.364437
8914, -0.37359
8914.5, -0.376641
8915, -0.397998
8915.5, -0.330877
8916, -0.349183
8916.5, -0.358336
8917, -0.367488
8917.5, -0.379692
8918, -0.376641
8918.5, -0.370539
8919, -0.333928
8919.5, -0.34003
8920, -0.361386
8920.5, -0.346132
8921, -0.401049
8921.5, -0.34003
8922, -0.385794
8922.5, -0.379692
8923, -0.315622
8923.5, -0.355285
8924, -0.324775
8924.5, -0.358336
8925, -0.388845
8925.5, -0.355285
8926, -0.37359
8926.5, -0.367488
8927, -0.333928
8927.5, -0.343081
8928, -0.343081
8928.5, -0.343081
8929, -0.361386
8929.5, -0.370539
8930, -0.394947
8930.5, -0.330877
8931, -0.318673
8931.5, -0.34003
8932, -0.333928
8932.5, -0.37359
8933, -0.388845
8933.5, -0.367488
8934, -0.370539
8934.5, -0.343081
8935, -0.364437
8935.5, -0.352234
8936, -0.361386
8936.5, -0.364437
8937, -0.379692
8937.5, -0.391896
8938, -0.358336
8938.5, -0.352234
8939, -0.355285
8939.5, -0.343081
8940, -0.361386
8940.5, -0.370539
8941, -0.358336
8941.5, -0.379692
8942, -0.34003
8942.5, -0.361386
8943, -0.358336
8943.5, -0.333928
8944, -0.370539
8944.5, -0.361386
8945, -0.382743
8945.5, -0.370539
8946, -0.333928
8946.5, -0.330877
8947, -0.346132
8947.5, -0.361386
8948, -0.370539
8948.5, -0.382743
8949, -0.364437
8949.5, -0.37359
8950, -0.361386
8950.5, -0.336979
8951, -0.361386
8951.5, -0.343081
8952, -0.361386
8952.5, -0.376641
8953, -0.358336
8953.5, -0.37359
8954, -0.37359
8954.5, -0.324775
8955, -0.367488
8955.5, -0.37359
8956, -0.358336
8956.5, -0.416304
8957, -0.361386
8957.5, -0.327826
8958, -0.361386
8958.5, -0.34003
8959, -0.361386
8959.5, -0.376641
8960, -0.367488
8960.5, -0.397998
8961, -0.361386
8961.5, -0.327826
8962, -0.367488
8962.5, -0.330877
8963, -0.361386
8963.5, -0.382743
8964, -0.352234
8964.5, -0.358336
8965, -0.349183
8965.5, -0.343081
8966, -0.34003
8966.5, -0.364437
8967, -0.355285
8967.5, -0.382743
8968, -0.355285
8968.5, -0.355285
8969, -0.367488
8969.5, -0.346132
8970, -0.34003
8970.5, -0.352234
8971, -0.370539
8971.5, -0.361386
8972, -0.361386
8972.5, -0.385794
8973, -0.352234
8973.5, -0.343081
8974, -0.358336
8974.5, -0.367488
8975, -0.367488
8975.5, -0.358336
8976, -0.358336
8976.5, -0.352234
8977, -0.367488
8977.5, -0.358336
8978, -0.355285
8978.5, -0.346132
8979, -0.364437
8979.5, -0.370539
8980, -0.361386
8980.5, -0.361386
8981, -0.361386
8981.5, -0.358336
8982, -0.34003
8982.5, -0.367488
8983, -0.370539
8983.5, -0.376641
8984, -0.358336
8984.5, -0.346132
8985, -0.343081
8985.5, -0.364437
8986, -0.336979
8986.5, -0.367488
8987, -0.37359
8987.5, -0.352234
8988, -0.370539
8988.5, -0.361386
8989, -0.352234
8989.5, -0.376641
8990, -0.349183
8990.5, -0.388845
8991, -0.358336
8991.5, -0.346132
8992, -0.349183
8992.5, -0.358336
8993, -0.346132
8993.5, -0.370539
8994, -0.376641
8994.5, -0.388845
8995, -0.361386
8995.5, -0.349183
8996, -0.327826
8996.5, -0.349183
8997, -0.349183
8997.5, -0.367488
8998, -0.367488
8998.5, -0.385794
8999, -0.376641
8999.5, -0.358336
9000, -0.324775
9000.5, -0.367488
9001, -0.343081
9001.5, -0.364437
9002, -0.361386
9002.5, -0.379692
9003, -0.376641
9003.5, -0.349183
9004, -0.346132
9004.5, -0.352234
9005, -0.333928
9005.5, -0.370539
9006, -0.370539
9006.5, -0.37359
9007, -0.37359
9007.5, -0.34003
9008, -0.336979
9008.5, -0.361386
9009, -0.355285
9009.5, -0.382743
9010, -0.376641
9010.5, -0.34003
9011, -0.382743
9011.5, -0.343081
9012, -0.349183
9012.5, -0.370539
9013, -0.349183
9013.5, -0.376641
9014, -0.379692
9014.5, -0.336979
9015, -0.379692
9015.5, -0.333928
9016, -0.34003
9016.5, -0.352234
9017, -0.355285
9017.5, -0.361386
9018, -0.379692
9018.5, -0.37359
9019, -0.312571
9019.5, -0.376641
9020, -0.324775
9020.5, -0.358336
9021, -0.364437
9021.5, -0.367488
9022, -0.385794
9022.5, -0.37359
9023, -0.324775
9023.5, -0.34003
9024, -0.352234
9024.5, -0.352234
9025, -0.379692
9025.5, -0.364437
9026, -0.385794
9026.5, -0.385794
9027, -0.333928
9027.5, -0.358336
9028, -0.343081
9028.5, -0.355285
9029, -0.370539
9029.5, -0.364437
9030, -0.397998
9030.5, -0.361386
9031, -0.306469
9031.5, -0.34003
9032, -0.336979
9032.5, -0.349183
9033, -0.379692
9033.5, -0.37359
9034, -0.382743
9034.5, -0.346132
9035, -0.321724
9035.5, -0.346132
9036, -0.324775
9036.5, -0.379692
9037, -0.367488
9037.5, -0.370539
9038, -0.391896
9038.5, -0.34003
9039, -0.333928
9039.5, -0.355285
9040, -0.330877
9040.5, -0.361386
9041, -0.388845
9041.5, -0.376641
9042, -0.367488
9042.5, -0.327826
9043, -0.315622
9043.5, -0.355285
9044, -0.391896
9044.5, -0.358336
9045, -0.391896
9045.5, -0.388845
9046, -0.349183
9046.5, -0.346132
9047, -0.34003
9047.5, -0.361386
9048, -0.382743
9048.5, -0.367488
9049, -0.391896
9049.5, -0.364437
9050, -0.343081
9050.5, -0.327826
9051, -0.364437
9051.5, -0.346132
9052, -0.37359
9052.5, -0.364437
9053, -0.367488
9053.5, -0.382743
9054, -0.324775
9054.5, -0.346132
9055, -0.361386
9055.5, -0.355285
9056, -0.379692
9056.5, -0.376641
9057, -0.358336
9057.5, -0.358336
9058, -0.34003
9058.5, -0.34003
9059, -0.361386
9059.5, -0.364437
9060, -0.364437
9060.5, -0.367488
9061, -0.361386
9061.5, -0.324775
9062, -0.361386
9062.5, -0.336979
9063, -0.358336
9063.5, -0.385794
9064, -0.367488
9064.5, -0.379692
9065, -0.361386
9065.5, -0.343081
9066, -0.355285
9066.5, -0.376641
9067, -0.364437
9067.5, -0.352234
9068, -0.37359
9068.5, -0.37359
9069, -0.367488
9069.5, -0.330877
9070, -0.352234
9070.5, -0.346132
9071, -0.358336
9071.5, -0.367488
9072, -0.364437
9072.5, -0.364437
9073, -0.364437
9073.5, -0.321724
9074, -0.37359
9074.5, -0.34003
9075, -0.349183
9075.5, -0.388845
9076, -0.358336
9076.5, -0.379692
9077, -0.37359
9077.5, -0.355285
9078, -0.358336
9078.5, -0.370539
9079, -0.358336
9079.5, -0.358336
9080, -0.346132
9080.5, -0.361386
9081, -0.364437
9081.5, -0.315622
9082, -0.361386
9082.5, -0.361386
9083, -0.34003
9083.5, -0.343081
9084, -0.355285
9084.5, -0.364437
9085, -0.364437
9085.5, -0.370539
9086, -0.352234
9086.5, -0.385794
9087, -0.376641
9087.5, -0.355285
9088, -0.37359
9088.5, -0.34003
9089, -0.358336
9089.5, -0.352234
9090, -0.349183
9090.5, -0.361386
9091, -0.37359
9091.5, -0.355285
9092, -0.364437
9092.5, -0.336979
9093, -0.358336
9093.5, -0.388845
9094, -0.352234
9094.5, -0.382743
9095, -0.358336
9095.5, -0.355285
9096, -0.336979
9096.5, -0.333928
9097, -0.349183
9097.5, -0.358336
9098, -0.376641
9098.5, -0.379692
9099, -0.34003
9099.5, -0.376641
9100, -0.370539
9100.5, -0.312571
9101, -0.349183
9101.5, -0.367488
9102, -0.382743
9102.5, -0.370539
9103, -0.367488
9103.5, -0.361386
9104, -0.330877
9104.5, -0.352234
9105, -0.355285
9105.5, -0.358336
9106, -0.370539
9106.5, -0.349183
9107, -0.382743
9107.5, -0.364437
9108, -0.330877
9108.5, -0.352234
9109, -0.346132
9109.5, -0.370539
9110, -0.376641
9110.5, -0.336979
9111, -0.379692
9111.5, -0.352234
9112, -0.343081
9112.5, -0.361386
9113, -0.346132
9113.5, -0.367488
9114, -0.367488
9114.5, -0.336979
9115, -0.376641
9115.5, -0.346132
9116, -0.34003
9116.5, -0.355285
9117, -0.358336
9117.5, -0.376641
9118, -0.361386
9118.5, -0.336979
9119, -0.370539
9119.5, -0.343081
9120, -0.349183
9120.5, -0.367488
9121, -0.37359
9121.5, -0.370539
9122, -0.379692
9122.5, -0.352234
9123, -0.321724
9123.5, -0.364437
9124, -0.355285
9124.5, -0.370539
9125, -0.382743
9125.5, -0.370539
9126, -0.376641
9126.5, -0.358336
9127, -0.343081
9127.5, -0.361386
9128, -0.34003
9128.5, -0.37359
9129, -0.379692
9129.5, -0.355285
9130, -0.385794
9130.5, -0.349183
9131, -0.336979
9131.5, -0.367488
9132, -0.346132
9132.5, -0.376641
9133, -0.370539
9133.5, -0.376641
9134, -0.379692
9134.5, -0.346132
9135, -0.355285
9135.5, -0.355285
9136, -0.34003
9136.5, -0.388845
9137, -0.370539
9137.5, -0.343081
9138, -0.370539
9138.5, -0.330877
9139, -0.315622
9139.5, -0.333928
9140, -0.352234
9140.5, -0.343081
9141, -0.370539
9141.5, -0.376641
9142, -0.388845
9142.5, -0.346132
9143, -0.34003
9143.5, -0.346132
9144, -0.327826
9144.5, -0.370539
9145, -0.376641
9145.5, -0.364437
9146, -0.30952
9146.5, -0.34003
9147, -0.34003
9147.5, -0.355285
9148, -0.37359
9148.5, -0.361386
9149, -0.394947
9149.5, -0.367488
9150, -0.312571
9150.5, -0.34003
9151, -0.349183
9151.5, -0.370539
9152, -0.355285
9152.5, -0.355285
9153, -0.391896
9153.5, -0.358336
9154, -0.303418
9154.5, -0.327826
9155, -0.34003
9155.5, -0.346132
9156, -0.382743
9156.5, -0.367488
9157, -0.382743
9157.5, -0.37359
9158, -0.330877
9158.5, -0.355285
9159, -0.349183
9159.5, -0.361386
9160, -0.37359
9160.5, -0.358336
9161, -0.385794
9161.5, -0.333928
9162, -0.30952
9162.5, -0.355285
9163, -0.352234
9163.5, -0.364437
9164, -0.385794
9164.5, -0.364437
9165, -0.364437
9165.5, -0.361386
9166, -0.315622
9166.5, -0.370539
9167, -0.361386
9167.5, -0.358336
9168, -0.391896
9168.5, -0.367488
9169, -0.37359
9169.5, -0.336979
9170, -0.34003
9170.5, -0.352234
9171, -0.376641
9171.5, -0.355285
9172, -0.382743
9172.5, -0.379692
9173, -0.352234
9173.5, -0.355285
9174, -0.346132
9174.5, -0.34003
9175, -0.37359
9175.5, -0.355285
9176, -0.370539
9176.5, -0.379692
9177, -0.352234
9177.5, -0.324775
9178, -0.376641
9178.5, -0.349183
9179, -0.358336
9179.5, -0.364437
9180, -0.352234
9180.5, -0.382743
9181, -0.361386
9181.5, -0.349183
9182, -0.379692
9182.5, -0.355285
9183, -0.370539
9183.5, -0.382743
9184, -0.358336
9184.5, -0.355285
9185, -0.358336
9185.5, -0.349183
9186, -0.349183
9186.5, -0.367488
9187, -0.364437
9187.5, -0.379692
9188, -0.364437
9188.5, -0.324775
9189, -0.352234
9189.5, -0.358336
9190, -0.355285
9190.5, -0.385794
9191, -0.367488
9191.5, -0.364437
9192, -0.358336
9192.5, -0.318673
9193, -0.358336
9193.5, -0.346132
9194, -0.367488
9194.5, -0.370539
9195, -0.367488
9195.5, -0.358336
9196, -0.37359
9196.5, -0.333928
9197, -0.367488
9197.5, -0.349183
9198, -0.352234
9198.5, -0.388845
9199, -0.355285
9199.5, -0.364437
9200, -0.364437
9200.5, -0.352234
9201, -0.370539
9201.5, -0.346132
9202, -0.364437
9202.5, -0.382743
9203, -0.364437
9203.5, -0.385794
9204, -0.367488
9204.5, -0.336979
9205, -0.336979
9205.5, -0.358336
9206, -0.376641
9206.5, -0.361386
9207, -0.355285
9207.5, -0.349183
9208, -0.364437
9208.5, -0.355285
9209, -0.355285
9209.5, -0.376641
9210, -0.367488
9210.5, -0.385794
9211, -0.355285
9211.5, -0.37359
9212, -0.367488
9212.5, -0.370539
9213, -0.364437
9213.5, -0.37359
9214, -0.358336
9214.5, -0.355285
9215, -0.379692
9215.5, -0.355285
9216, -0.376641
9216.5, -0.346132
9217, -0.34003
9217.5, -0.361386
9218, -0.37359
9218.5, -0.364437
9219, -0.367488
9219.5, -0.361386
9220, -0.333928
9220.5, -0.367488
9221, -0.370539
9221.5, -0.361386
9222, -0.37359
9222.5, -0.367488
9223, -0.361386
9223.5, -0.355285
9224, -0.336979
9224.5, -0.355285
9225, -0.370539
9225.5, -0.358336
9226, -0.367488
9226.5, -0.352234
9227, -0.358336
9227.5, -0.352234
9228, -0.343081
9228.5, -0.364437
9229, -0.355285
9229.5, -0.370539
9230, -0.37359
9230.5, -0.346132
9231, -0.343081
9231.5, -0.352234
9232, -0.349183
9232.5, -0.361386
9233, -0.364437
9233.5, -0.367488
9234, -0.388845
9234.5, -0.349183
9235, -0.352234
9235.5, -0.343081
9236, -0.355285
9236.5, -0.382743
9237, -0.367488
9237.5, -0.385794
9238, -0.382743
9238.5, -0.352234
9239, -0.346132
9239.5, -0.364437
9240, -0.346132
9240.5, -0.379692
9241, -0.367488
9241.5, -0.349183
9242, -0.37359
9242.5, -0.364437
9243, -0.336979
9243.5, -0.367488
9244, -0.355285
9244.5, -0.358336
9245, -0.370539
9245.5, -0.343081
9246, -0.336979
9246.5, -0.355285
9247, -0.349183
9247.5, -0.361386
9248, -0.376641
9248.5, -0.355285
9249, -0.388845
9249.5, -0.333928
9250, -0.355285
9250.5, -0.34003
9251, -0.346132
9251.5, -0.346132
9252, -0.358336
9252.5, -0.382743
9253, -0.379692
9253.5, -0.37359
9254, -0.327826
9254.5, -0.349183
9255, -0.336979
9255.5, -0.364437
9256, -0.358336
9256.5, -0.367488
9257, -0.388845
9257.5, -0.358336
9258, -0.336979
9258.5, -0.327826
9259, -0.352234
9259.5, -0.358336
9260, -0.37359
9260.5, -0.358336
9261, -0.394947
9261.5, -0.346132
9262, -0.312571
9262.5, -0.343081
9263, -0.336979
9263.5, -0.358336
9264, -0.382743
9264.5, -0.367488
9265, -0.376641
9265.5, -0.358336
9266, -0.330877
9266.5, -0.355285
9267, -0.343081
9267.5, -0.370539
9268, -0.391896
9268.5, -0.370539
9269, -0.397998
9269.5, -0.34003
9270, -0.303418
9270.5, -0.358336
9271, -0.352234
9271.5, -0.37359
9272, -0.391896
9272.5, -0.352234
9273, -0.324775
9273.5, -0.333928
9274, -0.34003
9274.5, -0.361386
9275, -0.37359
9275.5, -0.370539
9276, -0.385794
9276.5, -0.379692
9277, -0.318673
9277.5, -0.349183
9278, -0.346132
9278.5, -0.352234
9279, -0.382743
9279.5, -0.352234
9280, -0.37359
9280.5, -0.370539
9281, -0.352234
9281.5, -0.336979
9282, -0.346132
9282.5, -0.333928
9283, -0.376641
9283.5, -0.361386
9284, -0.364437
9284.5, -0.349183
9285, -0.352234
9285.5, -0.352234
9286, -0.336979
9286.5, -0.376641
9287, -0.388845
9287.5, -0.376641
9288, -0.388845
9288.5, -0.34003
9289, -0.343081
9289.5, -0.346132
9290, -0.364437
9290.5, -0.358336
9291, -0.376641
9291.5, -0.382743
9292, -0.382743
9292.5, -0.321724
9293, -0.330877
9293.5, -0.336979
9294, -0.364437
9294.5, -0.388845
9295, -0.388845
9295.5, -0.385794
9296, -0.361386
9296.5, -0.315622
9297, -0.364437
9297.5, -0.333928
9298, -0.364437
9298.5, -0.382743
9299, -0.379692
9299.5, -0.382743
9300, -0.361386
9300.5, -0.327826
9301, -0.367488
9301.5, -0.327826
9302, -0.367488
9302.5, -0.370539
9303, -0.358336
9303.5, -0.388845
9304, -0.361386
9304.5, -0.358336
9305, -0.358336
9305.5, -0.34003
9306, -0.370539
9306.5, -0.358336
9307, -0.364437
9307.5, -0.376641
9308, -0.34003
9308.5, -0.327826
9309, -0.355285
9309.5, -0.37359
9310, -0.367488
9310.5, -0.379692
9311, -0.358336
9311.5, -0.330877
9312, -0.358336
9312.5, -0.349183
9313, -0.352234
9313.5, -0.382743
9314, -0.355285
9314.5, -0.382743
9315, -0.361386
9315.5, -0.321724
9316, -0.361386
9316.5, -0.370539
9317, -0.361386
9317.5, -0.379692
9318, -0.355285
9318.5, -0.358336
9319, -0.355285
9319.5, -0.324775
9320, -0.37359
9320.5, -0.349183
9321, -0.355285
9321.5, -0.376641
9322, -0.361386
9322.5, -0.370539
9323, -0.361386
9323.5, -0.346132
9324, -0.346132
9324.5, -0.324775
9325, -0.376641
9325.5, -0.37359
9326, -0.367488
9326.5, -0.321724
9327, -0.358336
9327.5, -0.346132
9328, -0.349183
9328.5, -0.382743
9329, -0.37359
9329.5, -0.367488
9330, -0.367488
9330.5, -0.349183
9331, -0.37359
9331.5, -0.343081
9332, -0.346132
9332.5, -0.358336
9333, -0.349183
9333.5, -0.370539
9334, -0.37359
9334.5, -0.346132
9335, -0.34003
9335.5, -0.361386
9336, -0.349183
9336.5, -0.364437
9337, -0.364437
9337.5, -0.367488
9338, -0.352234
9338.5, -0.349183
9339, -0.370539
9339.5, -0.349183
9340, -0.346132
9340.5, -0.358336
9341, -0.358336
9341.5, -0.358336
9342, -0.37359
9342.5, -0.355285
9343, -0.343081
9343.5, -0.37359
9344, -0.355285
9344.5, -0.358336
9345, -0.361386
9345.5, -0.361386
9346, -0.358336
9346.5, -0.358336
9347, -0.333928
9347.5, -0.361386
9348, -0.358336
9348.5, -0.376641
9349, -0.379692
9349.5, -0.346132
9350, -0.34003
9350.5, -0.352234
9351, -0.358336
9351.5, -0.37359
9352, -0.370539
9352.5, -0.388845
9353, -0.382743
9353.5, -0.352234
9354, -0.343081
9354.5, -0.352234
9355, -0.34003
9355.5, -0.361386
9356, -0.361386
9356.5, -0.358336
9357, -0.394947
9357.5, -0.349183
9358, -0.333928
9358.5, -0.343081
9359, -0.352234
9359.5, -0.370539
9360, -0.358336
9360.5, -0.370539
9361, -0.376641
9361.5, -0.352234
9362, -0.333928
9362.5, -0.343081
9363, -0.355285
9363.5, -0.370539
9364, -0.367488
9364.5, -0.370539
9365, -0.370539
9365.5, -0.361386
9366, -0.330877
9366.5, -0.367488
9367, -0.346132
9367.5, -0.379692
9368, -0.370539
9368.5, -0.376641
9369, -0.370539
9369.5, -0.358336
9370, -0.324775
9370.5, -0.330877
9371, -0.349183
9371.5, -0.379692
9372, -0.355285
9372.5, -0.361386
9373, -0.367488
9373.5, -0.367488
9374, -0.321724
9374.5, -0.346132
9375, -0.37359
9375.5, -0.379692
9376, -0.364437
9376.5, -0.382743
9377, -0.34003
9377.5, -0.349183
9378, -0.330877
9378.5, -0.34003
9379, -0.37359
9379.5, -0.367488
9380, -0.367488
9380.5, -0.379692
9381, -0.327826
9381.5, -0.361386
9382, -0.355285
9382.5, -0.343081
9383, -0.364437
9383.5, -0.358336
9384, -0.394947
9384.5, -0.382743
9385, -0.315622
9385.5, -0.367488
9386, -0.346132
9386.5, -0.388845
9387, -0.382743
9387.5, -0.367488
9388, -0.385794
9388.5, -0.358336
9389, -0.327826
9389.5, -0.361386
9390, -0.34003
9390.5, -0.355285
9391, -0.388845
9391.5, -0.361386
9392, -0.394947
9392.5, -0.327826
9393, -0.318673
9393.5, -0.349183
9394, -0.318673
9394.5, -0.376641
9395, -0.370539
9395.5, -0.364437
9396, -0.407151
9396.5, -0.352234
9397, -0.30952
9397.5, -0.346132
9398, -0.355285
9398.5, -0.352234
9399, -0.379692
9399.5, -0.37359
9400, -0.315622
9400.5, -0.355285
9401, -0.370539
9401.5, -0.352234
9402, -0.397998
9402.5, -0.376641
9403, -0.391896
9403.5, -0.376641
9404, -0.327826
9404.5, -0.324775
9405, -0.330877
9405.5, -0.343081
9406, -0.379692
9406.5, -0.352234
9407, -0.388845
9407.5, -0.382743
9408, -0.330877
9408.5, -0.349183
9409, -0.361386
9409.5, -0.330877
9410, -0.361386
9410.5, -0.370539
9411, -0.355285
9411.5, -0.333928
9412, -0.333928
9412.5, -0.343081
9413, -0.361386
9413.5, -0.364437
9414, -0.37359
9414.5, -0.37359
9415, -0.364437
9415.5, -0.352234
9416, -0.349183
9416.5, -0.333928
9417, -0.355285
9417.5, -0.385794
9418, -0.367488
9418.5, -0.385794
9419, -0.358336
9419.5, -0.343081
9420, -0.361386
9420.5, -0.336979
9421, -0.370539
9421.5, -0.361386
9422, -0.364437
9422.5, -0.37359
9423, -0.364437
9423.5, -0.321724
9424, -0.361386
9424.5, -0.336979
9425, -0.367488
9425.5, -0.367488
9426, -0.37359
9426.5, -0.382743
9427, -0.364437
9427.5, -0.330877
9428, -0.352234
9428.5, -0.333928
9429, -0.355285
9429.5, -0.37359
9430, -0.379692
9430.5, -0.379692
9431, -0.361386
9431.5, -0.327826
9432, -0.355285
9432.5, -0.343081
9433, -0.367488
9433.5, -0.385794
9434, -0.355285
9434.5, -0.364437
9435, -0.367488
9435.5, -0.324775
9436, -0.364437
9436.5, -0.364437
9437, -0.361386
9437.5, -0.397998
9438, -0.370539
9438.5, -0.361386
9439, -0.370539
9439.5, -0.355285
9440, -0.361386
9440.5, -0.376641
9441, -0.376641
9441.5, -0.358336
9442, -0.355285
9442.5, -0.34003
9443, -0.364437
9443.5, -0.352234
9444, -0.361386
9444.5, -0.37359
9445, -0.367488
9445.5, -0.333928
9446, -0.355285
9446.5, -0.358336
9447, -0.34003
9447.5, -0.361386
9448, -0.358336
9448.5, -0.358336
9449, -0.358336
9449.5, -0.37359
9450, -0.370539
9450.5, -0.349183
9451, -0.346132
9451.5, -0.37359
9452, -0.361386
9452.5, -0.382743
9453, -0.388845
9453.5, -0.34003
9454, -0.361386
9454.5, -0.352234
9455, -0.358336
9455.5, -0.37359
9456, -0.364437
9456.5, -0.37359
9457, -0.358336
9457.5, -0.358336
9458, -0.343081
9458.5, -0.343081
9459, -0.355285
9459.5, -0.361386
9460, -0.382743
9460.5, -0.367488
9461, -0.361386
9461.5, -0.361386
9462, -0.343081
9462.5, -0.367488
9463, -0.349183
9463.5, -0.379692
9464, -0.361386
9464.5, -0.370539
9465, -0.379692
9465.5, -0.349183
9466, -0.324775
9466.5, -0.370539
9467, -0.361386
9467.5, -0.367488
9468, -0.349183
9468.5, -0.346132
9469, -0.376641
9469.5, -0.358336
9470, -0.343081
9470.5, -0.361386
9471, -0.336979
9471.5, -0.370539
9472, -0.367488
9472.5, -0.34003
9473, -0.379692
9473.5, -0.346132
9474, -0.336979
9474.5, -0.37359
9475, -0.37359
9475.5, -0.364437
9476, -0.379692
9476.5, -0.355285
9477, -0.315622
9477.5, -0.355285
9478, -0.364437
9478.5, -0.352234
9479, -0.361386
9479.5, -0.376641
9480, -0.367488
9480.5, -0.352234
9481, -0.349183
9481.5, -0.336979
9482, -0.367488
9482.5, -0.364437
9483, -0.355285
9483.5, -0.382743
9484, -0.370539
9484.5, -0.367488
9485, -0.324775
9485.5, -0.358336
9486, -0.352234
9486.5, -0.361386
9487, -0.367488
9487.5, -0.364437
9488, -0.379692
9488.5, -0.330877
9489, -0.327826
9489.5, -0.349183
9490, -0.346132
9490.5, -0.388845
9491, -0.370539
9491.5, -0.361386
9492, -0.379692
9492.5, -0.336979
9493, -0.349183
9493.5, -0.346132
9494, -0.327826
9494.5, -0.388845
9495, -0.361386
9495.5, -0.379692
9496, -0.382743
9496.5, -0.352234
9497, -0.34003
9497.5, -0.352234
9498, -0.346132
9498.5, -0.358336
9499, -0.346132
9499.5, -0.367488
9500, -0.367488
9500.5, -0.352234
9501, -0.327826
9501.5, -0.358336
9502, -0.358336
9502.5, -0.355285
9503, -0.376641
9503.5, -0.367488
9504, -0.349183
9504.5, -0.349183
9505, -0.330877
9505.5, -0.355285
9506, -0.379692
9506.5, -0.358336
9507, -0.407151
9507.5, -0.382743
9508, -0.312571
9508.5, -0.336979
9509, -0.333928
9509.5, -0.349183
9510, -0.37359
9510.5, -0.367488
9511, -0.394947
9511.5, -0.367488
9512, -0.30952
9512.5, -0.34003
9513, -0.330877
9513.5, -0.37359
9514, -0.370539
9514.5, -0.367488
9515, -0.376641
9515.5, -0.361386
9516, -0.30952
9516.5, -0.336979
9517, -0.367488
9517.5, -0.370539
9518, -0.37359
9518.5, -0.37359
9519, -0.385794
9519.5, -0.330877
9520, -0.312571
9520.5, -0.346132
9521, -0.346132
9521.5, -0.37359
9522, -0.382743
9522.5, -0.376641
9523, -0.388845
9523.5, -0.349183
9524, -0.312571
9524.5, -0.349183
9525, -0.37359
9525.5, -0.382743
9526, -0.367488
9526.5, -0.382743
9527, -0.355285
9527.5, -0.336979
9528, -0.361386
9528.5, -0.349183
9529, -0.370539
9529.5, -0.367488
9530, -0.367488
9530.5, -0.364437
9531, -0.312571
9531.5, -0.349183
9532, -0.358336
9532.5, -0.355285
9533, -0.364437
9533.5, -0.367488
9534, -0.358336
9534.5, -0.370539
9535, -0.361386
9535.5, -0.355285
9536, -0.355285
9536.5, -0.336979
9537, -0.355285
9537.5, -0.382743
9538, -0.355285
9538.5, -0.364437
9539, -0.34003
9539.5, -0.343081
9540, -0.370539
9540.5, -0.382743
9541, -0.361386
9541.5, -0.376641
9542, -0.355285
9542.5, -0.324775
9543, -0.352234
9543.5, -0.346132
9544, -0.370539
9544.5, -0.367488
9545, -0.352234
9545.5, -0.349183
9546, -0.361386
9546.5, -0.336979
9547, -0.346132
9547.5, -0.346132
9548, -0.361386
9548.5, -0.370539
9549, -0.37359
9549.5, -0.367488
9550, -0.355285
9550.5, -0.343081
9551, -0.352234
9551.5, -0.37359
9552, -0.358336
9552.5, -0.361386
9553, -0.355285
9553.5, -0.367488
9554, -0.37359
9554.5, -0.321724
9555, -0.358336
9555.5, -0.343081
9556, -0.358336
9556.5, -0.382743
9557, -0.364437
9557.5, -0.364437
9558, -0.358336
9558.5, -0.318673
9559, -0.364437
9559.5, -0.355285
9560, -0.37359
9560.5, -0.379692
9561, -0.358336
9561.5, -0.37359
9562, -0.349183
9562.5, -0.352234
9563, -0.361386
9563.5, -0.370539
9564, -0.364437
9564.5, -0.382743
9565, -0.349183
9565.5, -0.333928
9566, -0.37359
9566.5, -0.333928
9567, -0.361386
9567.5, -0.376641
9568, -0.358336
9568.5, -0.367488
9569, -0.367488
9569.5, -0.355285
9570, -0.364437
9570.5, -0.346132
9571, -0.355285
9571.5, -0.370539
9572, -0.37359
9572.5, -0.361386
9573, -0.376641
9573.5, -0.361386
9574, -0.361386
9574.5, -0.361386
9575, -0.349183
9575.5, -0.385794
9576, -0.361386
9576.5, -0.352234
9577, -0.349183
9577.5, -0.346132
9578, -0.343081
9578.5, -0.37359
9579, -0.364437
9579.5, -0.379692
9580, -0.361386
9580.5, -0.385794
9581, -0.336979
9581.5, -0.343081
9582, -0.343081
9582.5, -0.364437
9583, -0.37359
9583.5, -0.370539
9584, -0.367488
9584.5, -0.370539
9585, -0.358336
9585.5, -0.349183
9586, -0.355285
9586.5, -0.376641
9587, -0.37359
9587.5, -0.376641
9588, -0.364437
9588.5, -0.349183
9589, -0.352234
9589.5, -0.367488
9590, -0.346132
9590.5, -0.352234
9591, -0.364437
9591.5, -0.382743
9592, -0.382743
9592.5, -0.361386
9593, -0.324775
9593.5, -0.349183
9594, -0.355285
9594.5, -0.382743
9595, -0.37359
9595.5, -0.336979
9596, -0.370539
9596.5, -0.358336
9597, -0.336979
9597.5, -0.370539
9598, -0.343081
9598.5, -0.388845
9599, -0.361386
9599.5, -0.352234
9600, -0.367488
9600.5, -0.346132
9601, -0.333928
9601.5, -0.355285
9602, -0.364437
9602.5, -0.388845
9603, -0.367488
9603.5, -0.349183
9604, -0.330877
9604.5, -0.358336
9605, -0.352234
9605.5, -0.367488
9606, -0.367488
9606.5, -0.382743
9607, -0.376641
9607.5, -0.34003
9608, -0.34003
9608.5, -0.361386
9609, -0.34003
9609.5, -0.367488
9610, -0.364437
9610.5, -0.37359
9611, -0.382743
9611.5, -0.379692
9612, -0.358336
9612.5, -0.364437
9613, -0.324775
9613.5, -0.349183
9614, -0.37359
9614.5, -0.367488
9615, -0.379692
9615.5, -0.349183
9616, -0.34003
9616.5, -0.327826
9617, -0.352234
9617.5, -0.364437
9618, -0.352234
9618.5, -0.388845
9619, -0.379692
9619.5, -0.355285
9620, -0.330877
9620.5, -0.352234
9621, -0.34003
9621.5, -0.364437
9622, -0.352234
9622.5, -0.382743
9623, -0.401049
9623.5, -0.346132
9624, -0.330877
9624.5, -0.349183
9625, -0.343081
9625.5, -0.364437
9626, -0.355285
9626.5, -0.376641
9627, -0.382743
9627.5, -0.327826
9628, -0.324775
9628.5, -0.349183
9629, -0.367488
9629.5, -0.367488
9630, -0.388845
9630.5, -0.364437
9631, -0.321724
9631.5, -0.34003
9632, -0.330877
9632.5, -0.343081
9633, -0.361386
9633.5, -0.37359
9634, -0.391896
9634.5, -0.376641
9635, -0.333928
9635.5, -0.34003
9636, -0.343081
9636.5, -0.352234
9637, -0.391896
9637.5, -0.370539
9638, -0.376641
9638.5, -0.37359
9639, -0.333928
9639.5, -0.318673
9640, -0.358336
9640.5, -0.352234
9641, -0.385794
9641.5, -0.37359
9642, -0.397998
9642.5, -0.355285
9643, -0.321724
9643.5, -0.336979
9644, -0.34003
9644.5, -0.370539
9645, -0.364437
9645.5, -0.367488
9646, -0.379692
9646.5, -0.30952
9647, -0.330877
9647.5, -0.352234
9648, -0.361386
9648.5, -0.370539
9649, -0.364437
9649.5, -0.379692
9650, -0.379692
9650.5, -0.327826
9651, -0.321724
9651.5, -0.358336
9652, -0.352234
9652.5, -0.385794
9653, -0.382743
9653.5, -0.376641
9654, -0.370539
9654.5, -0.315622
9655, -0.361386
9655.5, -0.336979
9656, -0.364437
9656.5, -0.355285
9657, -0.376641
9657.5, -0.382743
9658, -0.355285
9658.5, -0.321724
9659, -0.364437
9659.5, -0.333928
9660, -0.382743
9660.5, -0.370539
9661, -0.364437
9661.5, -0.385794
9662, -0.364437
9662.5, -0.294265
9663, -0.355285
9663.5, -0.346132
9664, -0.367488
9664.5, -0.385794
9665, -0.349183
9665.5, -0.382743
9666, -0.37359
9666.5, -0.321724
9667, -0.361386
9667.5, -0.346132
9668, -0.358336
9668.5, -0.382743
9669, -0.367488
9669.5, -0.306469
9670, -0.367488
9670.5, -0.333928
9671, -0.358336
9671.5, -0.382743
9672, -0.379692
9672.5, -0.37359
9673, -0.370539
9673.5, -0.312571
9674, -0.364437
9674.5, -0.336979
9675, -0.355285
9675.5, -0.388845
9676, -0.367488
9676.5, -0.391896
9677, -0.361386
9677.5, -0.30952
9678, -0.376641
9678.5, -0.364437
9679, -0.355285
9679.5, -0.376641
9680, -0.364437
9680.5, -0.364437
9681, -0.379692
9681.5, -0.352234
9682, -0.355285
9682.5, -0.346132
9683, -0.37359
9683.5, -0.391896
9684, -0.37359
9684.5, -0.37359
9685, -0.333928
9685.5, -0.346132
9686, -0.355285
9686.5, -0.349183
9687, -0.376641
9687.5, -0.376641
9688, -0.37359
9688.5, -0.367488
9689, -0.364437
9689.5, -0.355285
9690, -0.352234
9690.5, -0.379692
9691, -0.361386
9691.5, -0.361386
9692, -0.388845
9692.5, -0.364437
9693, -0.379692
9693.5, -0.358336
9694, -0.358336
9694.5, -0.361386
9695, -0.364437
9695.5, -0.361386
9696, -0.358336
9696.5, -0.364437
9697, -0.346132
9697.5, -0.358336
9698, -0.367488
9698.5, -0.361386
9699, -0.370539
9699.5, -0.358336
9700, -0.37359
9700.5, -0.355285
9701, -0.343081
9701.5, -0.355285
9702, -0.346132
9702.5, -0.355285
9703, -0.358336
9703.5, -0.361386
9704, -0.367488
9704.5, -0.355285
9705, -0.364437
9705.5, -0.349183
9706, -0.367488
9706.5, -0.358336
9707, -0.379692
9707.5, -0.358336
9708, -0.346132
9708.5, -0.324775
9709, -0.343081
9709.5, -0.370539
9710, -0.370539
9710.5, -0.358336
9711, -0.385794
9711.5, -0.361386
9712, -0.330877
9712.5, -0.364437
9713, -0.336979
9713.5, -0.352234
9714, -0.364437
9714.5, -0.370539
9715, -0.37359
9715.5, -0.355285
9716, -0.34003
9716.5, -0.358336
9717, -0.343081
9717.5, -0.367488
9718, -0.364437
9718.5, -0.37359
9719, -0.382743
9719.5, -0.364437
9720, -0.321724
9720.5, -0.352234
9721, -0.358336
9721.5, -0.367488
9722, -0.370539
9722.5, -0.364437
9723, -0.388845
9723.5, -0.358336
9724, -0.327826
9724.5, -0.343081
9725, -0.333928
9725.5, -0.349183
9726, -0.355285
9726.5, -0.358336
9727, -0.385794
9727.5, -0.367488
9728, -0.324775
9728.5, -0.34003
9729, -0.349183
9729.5, -0.37359
9730, -0.379692
9730.5, -0.355285
9731, -0.352234
9731.5, -0.324775
9732, -0.327826
9732.5, -0.355285
9733, -0.37359
9733.5, -0.367488
9734, -0.376641
9734.5, -0.361386
9735, -0.336979
9735.5, -0.318673
9736, -0.346132
9736.5, -0.346132
9737, -0.361386
9737.5, -0.370539
9738, -0.391896
9738.5, -0.385794
9739, -0.300367
9739.5, -0.355285
9740, -0.327826
9740.5, -0.355285
9741, -0.382743
9741.5, -0.376641
9742, -0.397998
9742.5, -0.336979
9743, -0.327826
9743.5, -0.330877
9744, -0.346132
9744.5, -0.346132
9745, -0.382743
9745.5, -0.379692
9746, -0.382743
9746.5, -0.336979
9747, -0.327826
9747.5, -0.352234
9748, -0.336979
9748.5, -0.367488
9749, -0.376641
9749.5, -0.37359
9750, -0.401049
9750.5, -0.333928
9751, -0.303418
9751.5, -0.352234
9752, -0.318673
9752.5, -0.361386
9753, -0.394947
9753.5, -0.37359
9754, -0.394947
9754.5, -0.324775
9755, -0.327826
9755.5, -0.361386
9756, -0.358336
9756.5, -0.385794
9757, -0.382743
9757.5, -0.370539
9758, -0.330877
9758.5, -0.315622
9759, -0.336979
9759.5, -0.361386
9760, -0.379692
9760.5, -0.37359
9761, -0.385794
9761.5, -0.37359
9762, -0.321724
9762.5, -0.336979
9763, -0.333928
9763.5, -0.318673
9764, -0.391896
9764.5, -0.370539
9765, -0.37359
9765.5, -0.382743
9766, -0.318673
9766.5, -0.349183
9767, -0.355285
9767.5, -0.355285
9768, -0.394947
9768.5, -0.364437
9769, -0.382743
9769.5, -0.349183
9770, -0.315622
9770.5, -0.318673
9771, -0.343081
9771.5, -0.364437
9772, -0.388845
9772.5, -0.361386
9773, -0.349183
9773.5, -0.306469
9774, -0.315622
9774.5, -0.333928
9775, -0.336979
9775.5, -0.364437
9776, -0.367488
9776.5, -0.382743
9777, -0.370539
9777.5, -0.336979
9778, -0.358336
9778.5, -0.318673
9779, -0.367488
9779.5, -0.364437
9780, -0.367488
9780.5, -0.382743
9781, -0.385794
9781.5, -0.318673
9782, -0.355285
9782.5, -0.330877
9783, -0.376641
9783.5, -0.385794
9784, -0.37359
9784.5, -0.385794
9785, -0.349183
9785.5, -0.330877
9786, -0.358336
9786.5, -0.330877
9787, -0.376641
9787.5, -0.376641
9788, -0.367488
9788.5, -0.388845
9789, -0.364437
9789.5, -0.312571
9790, -0.355285
9790.5, -0.336979
9791, -0.367488
9791.5, -0.382743
9792, -0.352234
9792.5, -0.376641
9793, -0.364437
9793.5, -0.30952
9794, -0.352234
9794.5, -0.367488
9795, -0.364437
9795.5, -0.370539
9796, -0.361386
9796.5, -0.318673
9797, -0.370539
9797.5, -0.355285
9798, -0.361386
9798.5, -0.382743
9799, -0.358336
9799.5, -0.37359
9800, -0.361386
9800.5, -0.315622
9801, -0.370539
9801.5, -0.355285
9802, -0.358336
9802.5, -0.385794
9803, -0.364437
9803.5, -0.394947
9804, -0.367488
9804.5, -0.321724
9805, -0.330877
9805.5, -0.343081
9806, -0.358336
9806.5, -0.379692
9807, -0.367488
9807.5, -0.376641
9808, -0.355285
9808.5, -0.343081
9809, -0.349183
9809.5, -0.355285
9810, -0.364437
9810.5, -0.379692
9811, -0.364437
9811.5, -0.367488
9812, -0.376641
9812.5, -0.358336
9813, -0.355285
9813.5, -0.37359
9814, -0.376641
9814.5, -0.382743
9815, -0.358336
9815.5, -0.355285
9816, -0.361386
9816.5, -0.336979
9817, -0.361386
9817.5, -0.349183
9818, -0.370539
9818.5, -0.361386
9819, -0.370539
9819.5, -0.361386
9820, -0.376641
9820.5, -0.349183
9821, -0.352234
9821.5, -0.358336
9822, -0.367488
9822.5, -0.364437
9823, -0.367488
9823.5, -0.37359
9824, -0.34003
9824.5, -0.361386
9825, -0.333928
9825.5, -0.358336
9826, -0.370539
9826.5, -0.361386
9827, -0.361386
9827.5, -0.370539
9828, -0.343081
9828.5, -0.370539
9829, -0.358336
9829.5, -0.364437
9830, -0.367488
9830.5, -0.355285
9831, -0.382743
9831.5, -0.367488
9832, -0.336979
9832.5, -0.367488
9833, -0.358336
9833.5, -0.364437
9834, -0.391896
9834.5, -0.364437
9835, -0.330877
9835.5, -0.352234
9836, -0.343081
9836.5, -0.367488
9837, -0.367488
9837.5, -0.370539
9838, -0.382743
9838.5, -0.370539
9839, -0.324775
9839.5, -0.358336
9840, -0.330877
9840.5, -0.355285
9841, -0.385794
9841.5, -0.358336
9842, -0.370539
9842.5, -0.367488
9843, -0.321724
9843.5, -0.358336
9844, -0.349183
9844.5, -0.349183
9845, -0.391896
9845.5, -0.358336
9846, -0.376641
9846.5, -0.364437
9847, -0.336979
9847.5, -0.346132
9848, -0.34003
9848.5, -0.364437
9849, -0.364437
9849.5, -0.355285
9850, -0.382743
9850.5, -0.321724
9851, -0.318673
9851.5, -0.358336
9852, -0.346132
9852.5, -0.37359
9853, -0.379692
9853.5, -0.364437
9854, -0.397998
9854.5, -0.355285
9855, -0.327826
9855.5, -0.34003
9856, -0.330877
9856.5, -0.361386
9857, -0.379692
9857.5, -0.379692
9858, -0.37359
9858.5, -0.346132
9859, -0.343081
9859.5, -0.349183
9860, -0.376641
9860.5, -0.37359
9861, -0.388845
9861.5, -0.37359
9862, -0.306469
9862.5, -0.318673
9863, -0.324775
9863.5, -0.333928
9864, -0.388845
9864.5, -0.364437
9865, -0.388845
9865.5, -0.37359
9866, -0.285112
9866.5, -0.343081
9867, -0.34003
9867.5, -0.346132
9868, -0.379692
9868.5, -0.361386
9869, -0.394947
9869.5, -0.388845
9870, -0.318673
9870.5, -0.343081
9871, -0.30952
9871.5, -0.370539
9872, -0.388845
9872.5, -0.37359
9873, -0.410202
9873.5, -0.30952
9874, -0.300367
9874.5, -0.346132
9875, -0.318673
9875.5, -0.376641
9876, -0.379692
9876.5, -0.367488
9877, -0.4041
9877.5, -0.343081
9878, -0.312571
9878.5, -0.349183
9879, -0.324775
9879.5, -0.358336
9880, -0.376641
9880.5, -0.376641
9881, -0.385794
9881.5, -0.34003
9882, -0.303418
9882.5, -0.352234
9883, -0.343081
9883.5, -0.358336
9884, -0.379692
9884.5, -0.364437
9885, -0.34003
9885.5, -0.327826
9886, -0.306469
9886.5, -0.34003
9887, -0.37359
9887.5, -0.367488
9888, -0.388845
9888.5, -0.397998
9889, -0.327826
9889.5, -0.34003
9890, -0.361386
9890.5, -0.352234
9891, -0.382743
9891.5, -0.376641
9892, -0.401049
9892.5, -0.391896
9893, -0.312571
9893.5, -0.330877
9894, -0.34003
9894.5, -0.343081
9895, -0.370539
9895.5, -0.37359
9896, -0.382743
9896.5, -0.37359
9897, -0.30952
9897.5, -0.30952
9898, -0.367488
9898.5, -0.391896
9899, -0.370539
9899.5, -0.376641
9900, -0.352234
9900.5, -0.34003
9901, -0.370539
9901.5, -0.346132
9902, -0.349183
9902.5, -0.379692
9903, -0.364437
9903.5, -0.394947
9904, -0.367488
9904.5, -0.336979
9905, -0.346132
9905.5, -0.324775
9906, -0.367488
9906.5, -0.376641
9907, -0.361386
9907.5, -0.401049
9908, -0.352234
9908.5, -0.315622
9909, -0.355285
9909.5, -0.34003
9910, -0.361386
9910.5, -0.370539
9911, -0.367488
9911.5, -0.394947
9912, -0.358336
9912.5, -0.315622
9913, -0.349183
9913.5, -0.352234
9914, -0.355285
9914.5, -0.367488
9915, -0.37359
9915.5, -0.361386
9916, -0.364437
9916.5, -0.330877
9917, -0.370539
9917.5, -0.346132
9918, -0.358336
9918.5, -0.355285
9919, -0.364437
9919.5, -0.385794
9920, -0.367488
9920.5, -0.367488
9921, -0.370539
9921.5, -0.333928
9922, -0.355285
9922.5, -0.361386
9923, -0.358336
9923.5, -0.367488
9924, -0.370539
9924.5, -0.352234
9925, -0.361386
9925.5, -0.37359
9926, -0.367488
9926.5, -0.361386
9927, -0.361386
9927.5, -0.346132
9928, -0.361386
9928.5, -0.349183
9929, -0.349183
9929.5, -0.370539
9930, -0.37359
9930.5, -0.367488
9931, -0.370539
9931.5, -0.336979
9932, -0.358336
9932.5, -0.343081
9933, -0.343081
9933.5, -0.367488
9934, -0.370539
9934.5, -0.352234
9935, -0.364437
9935.5, -0.330877
9936, -0.352234
9936.5, -0.364437
9937, -0.367488
9937.5, -0.358336
9938, -0.349183
9938.5, -0.352234
9939, -0.364437
9939.5, -0.346132
9940, -0.367488
9940.5, -0.358336
9941, -0.379692
9941.5, -0.361386
9942, -0.349183
9942.5, -0.37359
9943, -0.349183
9943.5, -0.361386
9944, -0.361386
9944.5, -0.352234
9945, -0.367488
9945.5, -0.352234
9946, -0.37359
9946.5, -0.367488
9947, -0.352234
9947.5, -0.349183
9948, -0.333928
9948.5, -0.367488
9949, -0.379692
9949.5, -0.358336
9950, -0.370539
9950.5, -0.370539
9951, -0.333928
9951.5, -0.355285
9952, -0.34003
9952.5, -0.370539
9953, -0.382743
9953.5, -0.352234
9954, -0.379692
9954.5, -0.358336
9955, -0.346132
9955.5, -0.358336
9956, -0.34003
9956.5, -0.361386
9957, -0.367488
9957.5, -0.361386
9958, -0.391896
9958.5, -0.370539
9959, -0.336979
9959.5, -0.346132
9960, -0.355285
9960.5, -0.367488
9961, -0.355285
9961.5, -0.370539
9962, -0.343081
9962.5, -0.37359
9963, -0.346132
9963.5, -0.346132
9964, -0.367488
9964.5, -0.388845
9965, -0.370539
9965.5, -0.370539
9966, -0.321724
9966.5, -0.343081
9967, -0.343081
9967.5, -0.352234
9968, -0.376641
9968.5, -0.361386
9969, -0.355285
9969.5, -0.37359
9970, -0.333928
9970.5, -0.321724
9971, -0.355285
9971.5, -0.349183
9972, -0.367488
9972.5, -0.355285
9973, -0.379692
9973.5, -0.336979
9974, -0.330877
9974.5, -0.361386
9975, -0.336979
9975.5, -0.358336
9976, -0.349183
9976.5, -0.370539
9977, -0.388845
9977.5, -0.324775
9978, -0.34003
9978.5, -0.355285
9979, -0.324775
9979.5, -0.367488
9980, -0.361386
9980.5, -0.376641
9981, -0.382743
9981.5, -0.343081
9982, -0.321724
9982.5, -0.327826
9983, -0.346132
9983.5, -0.352234
9984, -0.37359
9984.5, -0.382743
9985, -0.379692
9985.5, -0.333928
9986, -0.333928
9986.5, -0.346132
9987, -0.376641
9987.5, -0.355285
9988, -0.391896
9988.5, -0.376641
9989, -0.358336
9989.5, -0.349183
9990, -0.324775
9990.5, -0.358336
9991, -0.376641
9991.5, -0.364437
9992, -0.382743
9992.5, -0.37359
9993, -0.303418
9993.5, -0.336979
9994, -0.34003
9994.5, -0.34003
9995, -0.379692
9995.5, -0.364437
9996, -0.397998
9996.5, -0.367488
9997, -0.333928
9997.5, -0.343081
9998, -0.336979
9998.5, -0.355285
9999, -0.37359
9999.5, -0.382743
10000, -0.385794
10000.5, -0.358336
10001, -0.315622
10001.5, -0.34003
10002, -0.361386
10002.5, -0.370539
10003, -0.361386
10003.5, -0.388845
10004, -0.361386
10004.5, -0.330877
10005, -0.30952
10005.5, -0.336979
10006, -0.364437
10006.5, -0.352234
10007, -0.379692
10007.5, -0.391896
10008, -0.379692
10008.5, -0.336979
10009, -0.333928
10009.5, -0.349183
10010, -0.352234
10010.5, -0.385794
10011, -0.376641
10011.5, -0.37359
10012, -0.358336
10012.5, -0.312571
10013, -0.367488
10013.5, -0.355285
10014, -0.37359
10014.5, -0.361386
10015, -0.394947
10015.5, -0.376641
10016, -0.367488
10016.5, -0.303418
10017, -0.349183
10017.5, -0.333928
10018, -0.352234
10018.5, -0.388845
10019, -0.370539
10019.5, -0.391896
10020, -0.364437
10020.5, -0.336979
10021, -0.367488
10021.5, -0.333928
10022, -0.385794
10022.5, -0.367488
10023, -0.364437
10023.5, -0.4041
10024, -0.349183
10024.5, -0.312571
10025, -0.364437
10025.5, -0.336979
10026, -0.349183
10026.5, -0.388845
10027, -0.364437
10027.5, -0.34003
10028, -0.34003
10028.5, -0.358336
10029, -0.358336
10029.5, -0.385794
10030, -0.37359
10030.5, -0.376641
10031, -0.367488
10031.5, -0.318673
10032, -0.367488
10032.5, -0.34003
10033, -0.355285
10033.5, -0.385794
10034, -0.370539
10034.5, -0.385794
10035, -0.367488
10035.5, -0.349183
10036, -0.355285
10036.5, -0.34003
10037, -0.352234
10037.5, -0.394947
10038, -0.364437
10038.5, -0.367488
10039, -0.376641
10039.5, -0.333928
10040, -0.346132
10040.5, -0.324775
10041, -0.352234
10041.5, -0.382743
10042, -0.352234
10042.5, -0.367488
10043, -0.367488
10043.5, -0.324775
10044, -0.358336
10044.5, -0.343081
10045, -0.370539
10045.5, -0.37359
10046, -0.364437
10046.5, -0.370539
10047, -0.355285
10047.5, -0.321724
10048, -0.355285
10048.5, -0.364437
10049, -0.370539
10049.5, -0.361386
10050, -0.349183
10050.5, -0.361386
10051, -0.349183
10051.5, -0.352234
10052, -0.352234
10052.5, -0.358336
10053, -0.388845
10053.5, -0.358336
10054, -0.364437
10054.5, -0.346132
10055, -0.361386
10055.5, -0.361386
10056, -0.355285
10056.5, -0.358336
10057, -0.370539
10057.5, -0.367488
10058, -0.37359
10058.5, -0.361386
10059, -0.361386
10059.5, -0.361386
10060, -0.352234
10060.5, -0.385794
10061, -0.355285
10061.5, -0.367488
10062, -0.370539
10062.5, -0.370539
10063, -0.376641
10063.5, -0.352234
10064, -0.361386
10064.5, -0.364437
10065, -0.370539
10065.5, -0.358336
10066, -0.349183
10066.5, -0.367488
10067, -0.352234
10067.5, -0.370539
10068, -0.364437
10068.5, -0.358336
10069, -0.364437
10069.5, -0.367488
10070, -0.318673
10070.5, -0.370539
10071, -0.34003
10071.5, -0.355285
10072, -0.367488
10072.5, -0.364437
10073, -0.370539
10073.5, -0.364437
10074, -0.343081
10074.5, -0.358336
10075, -0.336979
10075.5, -0.349183
10076, -0.370539
10076.5, -0.358336
10077, -0.382743
10077.5, -0.361386
10078, -0.352234
10078.5, -0.358336
10079, -0.361386
10079.5, -0.37359
10080, -0.358336
10080.5, -0.370539
10081, -0.367488
10081.5, -0.376641
10082, -0.343081
10082.5, -0.355285
10083, -0.343081
10083.5, -0.379692
10084, -0.37359
10084.5, -0.376641
10085, -0.379692
10085.5, -0.367488
10086, -0.336979
10086.5, -0.333928
10087, -0.355285
10087.5, -0.364437
10088, -0.364437
10088.5, -0.388845
10089, -0.382743
10089.5, -0.355285
10090, -0.358336
10090.5, -0.343081
10091, -0.355285
10091.5, -0.361386
10092, -0.364437
10092.5, -0.355285
10093, -0.30952
10093.5, -0.349183
10094, -0.352234
10094.5, -0.355285
10095, -0.358336
10095.5, -0.37359
10096, -0.385794
10096.5, -0.376641
10097, -0.349183
10097.5, -0.346132
10098, -0.336979
10098.5, -0.349183
10099, -0.367488
10099.5, -0.364437
10100, -0.376641
10100.5, -0.379692
10101, -0.34003
10101.5, -0.343081
10102, -0.346132
10102.5, -0.361386
10103, -0.376641
10103.5, -0.379692
10104, -0.391896
10104.5, -0.352234
10105, -0.349183
10105.5, -0.352234
10106, -0.324775
10106.5, -0.370539
10107, -0.385794
10107.5, -0.370539
10108, -0.382743
10108.5, -0.352234
10109, -0.303418
10109.5, -0.352234
10110, -0.346132
10110.5, -0.37359
10111, -0.379692
10111.5, -0.364437
10112, -0.394947
10112.5, -0.349183
10113, -0.291214
10113.5, -0.346132
10114, -0.34003
10114.5, -0.358336
10115, -0.388845
10115.5, -0.370539
10116, -0.336979
10116.5, -0.349183
10117, -0.327826
10117.5, -0.34003
10118, -0.37359
10118.5, -0.382743
10119, -0.379692
10119.5, -0.376641
10120, -0.336979
10120.5, -0.336979
10121, -0.327826
10121.5, -0.327826
10122, -0.376641
10122.5, -0.364437
10123, -0.355285
10123.5, -0.379692
10124, -0.312571
10124.5, -0.343081
10125, -0.37359
10125.5, -0.361386
10126, -0.388845
10126.5, -0.370539
10127, -0.370539
10127.5, -0.364437
10128, -0.330877
10128.5, -0.324775
10129, -0.361386
10129.5, -0.355285
10130, -0.388845
10130.5, -0.394947
10131, -0.361386
10131.5, -0.318673
10132, -0.34003
10132.5, -0.333928
10133, -0.382743
10133.5, -0.379692
10134, -0.370539
10134.5, -0.376641
10135, -0.379692
10135.5, -0.34003
10136, -0.37359
10136.5, -0.34003
10137, -0.346132
10137.5, -0.385794
10138, -0.352234
10138.5, -0.376641
10139, -0.367488
10139.5, -0.330877
10140, -0.346132
10140.5, -0.34003
10141, -0.355285
10141.5, -0.376641
10142, -0.352234
10142.5, -0.382743
10143, -0.358336
10143.5, -0.300367
10144, -0.361386
10144.5, -0.333928
10145, -0.367488
10145.5, -0.385794
10146, -0.364437
10146.5, -0.382743
10147, -0.349183
10147.5, -0.315622
10148, -0.361386
10148.5, -0.324775
10149, -0.37359
10149.5, -0.385794
10150, -0.358336
10150.5, -0.410202
10151, -0.346132
10151.5, -0.321724
10152, -0.349183
10152.5, -0.34003
10153, -0.37359
10153.5, -0.367488
10154, -0.367488
10154.5, -0.315622
10155, -0.367488
10155.5, -0.346132
10156, -0.355285
10156.5, -0.37359
10157, -0.364437
10157.5, -0.388845
10158, -0.358336
10158.5, -0.349183
10159, -0.361386
10159.5, -0.349183
10160, -0.361386
10160.5, -0.364437
10161, -0.349183
10161.5, -0.385794
10162, -0.364437
10162.5, -0.306469
10163, -0.370539
10163.5, -0.367488
10164, -0.355285
10164.5, -0.367488
10165, -0.355285
10165.5, -0.367488
10166, -0.367488
10166.5, -0.358336
10167, -0.346132
10167.5, -0.346132
10168, -0.367488
10168.5, -0.358336
10169, -0.352234
10169.5, -0.364437
10170, -0.352234
10170.5, -0.364437
10171, -0.361386
10171.5, -0.382743
10172, -0.376641
10172.5, -0.367488
10173, -0.358336
10173.5, -0.352234
10174, -0.37359
10174.5, -0.333928
10175, -0.367488
10175.5, -0.382743
10176, -0.358336
10176.5, -0.355285
10177, -0.367488
10177.5, -0.361386
10178, -0.364437
10178.5, -0.336979
10179, -0.349183
10179.5, -0.367488
10180, -0.361386
10180.5, -0.358336
10181, -0.376641
10181.5, -0.367488
10182, -0.352234
10182.5, -0.364437
10183, -0.355285
10183.5, -0.361386
10184, -0.370539
10184.5, -0.355285
10185, -0.385794
10185.5, -0.361386
10186, -0.358336
10186.5, -0.355285
10187, -0.355285
10187.5, -0.367488
10188, -0.361386
10188.5, -0.385794
10189, -0.370539
10189.5, -0.367488
10190, -0.352234
10190.5, -0.370539
10191, -0.361386
10191.5, -0.361386
10192, -0.379692
10192.5, -0.355285
10193, -0.34003
10193.5, -0.364437
10194, -0.34003
10194.5, -0.364437
10195, -0.361386
10195.5, -0.376641
10196, -0.37359
10196.5, -0.352234
10197, -0.336979
10197.5, -0.352234
10198, -0.358336
10198.5, -0.358336
10199, -0.376641
10199.5, -0.364437
10200, -0.379692
10200.5, -0.364437
10201, -0.333928
10201.5, -0.364437
10202, -0.349183
10202.5, -0.355285
10203, -0.37359
10203.5, -0.364437
10204, -0.376641
10204.5, -0.343081
10205, -0.321724
10205.5, -0.349183
10206, -0.349183
10206.5, -0.355285
10207, -0.367488
10207.5, -0.376641
10208, -0.361386
10208.5, -0.327826
10209, -0.336979
10209.5, -0.349183
10210, -0.358336
10210.5, -0.352234
10211, -0.379692
10211.5, -0.364437
10212, -0.382743
10212.5, -0.343081
10213, -0.34003
10213.5, -0.361386
10214, -0.346132
10214.5, -0.379692
10215, -0.361386
10215.5, -0.379692
10216, -0.367488
10216.5, -0.34003
10217, -0.318673
10217.5, -0.34003
10218, -0.361386
10218.5, -0.379692
10219, -0.376641
10219.5, -0.382743
10220, -0.327826
10220.5, -0.370539
10221, -0.34003
10221.5, -0.346132
10222, -0.367488
10222.5, -0.379692
10223, -0.379692
10223.5, -0.352234
10224, -0.315622
10224.5, -0.324775
10225, -0.324775
10225.5, -0.349183
10226, -0.358336
10226.5, -0.382743
10227, -0.401049
10227.5, -0.391896
10228, -0.303418
10228.5, -0.330877
10229, -0.324775
10229.5, -0.355285
10230, -0.37359
10230.5, -0.370539
10231, -0.382743
10231.5, -0.349183
10232, -0.312571
10232.5, -0.352234
10233, -0.336979
10233.5, -0.37359
10234, -0.37359
10234.5, -0.367488
10235, -0.397998
10235.5, -0.336979
10236, -0.327826
10236.5, -0.346132
10237, -0.333928
10237.5, -0.37359
10238, -0.376641
10238.5, -0.364437
10239, -0.388845
10239.5, -0.346132
10240, -0.306469
10240.5, -0.34003
10241, -0.324775
10241.5, -0.376641
10242, -0.370539
10242.5, -0.391896
10243, -0.336979
10243.5, -0.333928
10244, -0.361386
10244.5, -0.349183
10245, -0.385794
10245.5, -0.37359
10246, -0.394947
10246.5, -0.376641
10247, -0.343081
10247.5, -0.336979
10248, -0.367488
10248.5, -0.330877
10249, -0.361386
10249.5, -0.355285
10250, -0.385794
10250.5, -0.391896
10251, -0.34003
10251.5, -0.330877
10252, -0.355285
10252.5, -0.346132
10253, -0.367488
10253.5, -0.385794
10254, -0.367488
10254.5, -0.364437
10255, -0.321724
10255.5, -0.330877
10256, -0.364437
10256.5, -0.361386
10257, -0.361386
10257.5, -0.367488
10258, -0.385794
10258.5, -0.315622
10259, -0.358336
10259.5, -0.343081
10260, -0.34003
10260.5, -0.376641
10261, -0.376641
10261.5, -0.388845
10262, -0.382743
10262.5, -0.30952
10263, -0.367488
10263.5, -0.34003
10264, -0.379692
10264.5, -0.379692
10265, -0.358336
10265.5, -0.391896
10266, -0.370539
10266.5, -0.312571
10267, -0.349183
10267.5, -0.358336
10268, -0.376641
10268.5, -0.364437
10269, -0.37359
10269.5, -0.385794
10270, -0.355285
10270.5, -0.312571
10271, -0.364437
10271.5, -0.346132
10272, -0.364437
10272.5, -0.379692
10273, -0.364437
10273.5, -0.382743
10274, -0.358336
10274.5, -0.330877
10275, -0.358336
10275.5, -0.346132
10276, -0.370539
10276.5, -0.385794
10277, -0.361386
10277.5, -0.394947
10278, -0.364437
10278.5, -0.333928
10279, -0.361386
10279.5, -0.34003
10280, -0.364437
10280.5, -0.376641
10281, -0.355285
10281.5, -0.336979
10282, -0.364437
10282.5, -0.346132
10283, -0.361386
10283.5, -0.358336
10284, -0.364437
10284.5, -0.401049
10285, -0.376641
10285.5, -0.370539
10286, -0.37359
10286.5, -0.346132
10287, -0.364437
10287.5, -0.379692
10288, -0.364437
10288.5, -0.367488
10289, -0.367488
10289.5, -0.37359
10290, -0.361386
10290.5, -0.361386
10291, -0.346132
10291.5, -0.349183
10292, -0.370539
10292.5, -0.358336
10293, -0.367488
10293.5, -0.352234
10294, -0.358336
10294.5, -0.379692
10295, -0.361386
10295.5, -0.361386
10296, -0.382743
10296.5, -0.355285
10297, -0.361386
10297.5, -0.355285
10298, -0.34003
10298.5, -0.37359
10299, -0.367488
10299.5, -0.355285
10300, -0.364437
10300.5, -0.349183
10301, -0.358336
10301.5, -0.349183
10302, -0.352234
10302.5, -0.349183
10303, -0.37359
10303.5, -0.367488
10304, -0.370539
10304.5, -0.37359
10305, -0.321724
10305.5, -0.355285
10306, -0.349183
10306.5, -0.358336
10307, -0.382743
10307.5, -0.352234
10308, -0.364437
10308.5, -0.364437
10309, -0.34003
10309.5, -0.364437
10310, -0.336979
10310.5, -0.361386
10311, -0.361386
10311.5, -0.34003
10312, -0.379692
10312.5, -0.364437
10313, -0.34003
10313.5, -0.364437
10314, -0.346132
10314.5, -0.37359
10315, -0.37359
10315.5, -0.349183
10316, -0.376641
10316.5, -0.333928
10317, -0.346132
10317.5, -0.361386
10318, -0.346132
10318.5, -0.355285
10319, -0.367488
10319.5, -0.361386
10320, -0.385794
10320.5, -0.361386
10321, -0.327826
10321.5, -0.349183
10322, -0.361386
10322.5, -0.370539
10323, -0.367488
10323.5, -0.367488
10324, -0.346132
10324.5, -0.352234
10325, -0.333928
10325.5, -0.355285
10326, -0.382743
10326.5, -0.364437
10327, -0.370539
10327.5, -0.358336
10328, -0.336979
10328.5, -0.315622
10329, -0.358336
10329.5, -0.355285
10330, -0.37359
10330.5, -0.370539
10331, -0.379692
10331.5, -0.358336
10332, -0.312571
10332.5, -0.355285
10333, -0.333928
10333.5, -0.370539
10334, -0.364437
10334.5, -0.37359
10335, -0.394947
10335.5, -0.343081
10336, -0.306469
10336.5, -0.355285
10337, -0.327826
10337.5, -0.376641
10338, -0.364437
10338.5, -0.37359
10339, -0.382743
10339.5, -0.34003
10340, -0.324775
10340.5, -0.346132
10341, -0.343081
10341.5, -0.364437
10342, -0.376641
10342.5, -0.37359
10343, -0.394947
10343.5, -0.352234
10344, -0.34003
10344.5, -0.349183
10345, -0.346132
10345.5, -0.367488
10346, -0.355285
10346.5, -0.367488
10347, -0.306469
10347.5, -0.343081
10348, -0.327826
10348.5, -0.355285
10349, -0.367488
10349.5, -0.352234
10350, -0.385794
10350.5, -0.379692
10351, -0.321724
10351.5, -0.336979
10352, -0.343081
10352.5, -0.336979
10353, -0.382743
10353.5, -0.364437
10354, -0.397998
10354.5, -0.376641
10355, -0.327826
10355.5, -0.336979
10356, -0.327826
10356.5, -0.346132
10357, -0.379692
10357.5, -0.37359
10358, -0.376641
10358.5, -0.379692
10359, -0.34003
10359.5, -0.330877
10360, -0.327826
10360.5, -0.367488
10361, -0.379692
10361.5, -0.37359
10362, -0.382743
10362.5, -0.349183
10363, -0.330877
10363.5, -0.355285
10364, -0.349183
10364.5, -0.379692
10365, -0.388845
10365.5, -0.401049
10366, -0.394947
10366.5, -0.34003
10367, -0.352234
10367.5, -0.343081
10368, -0.361386
10368.5, -0.367488
10369, -0.367488
10369.5, -0.382743
10370, -0.385794
10370.5, -0.315622
10371, -0.34003
10371.5, -0.336979
10372, -0.367488
10372.5, -0.379692
10373, -0.376641
10373.5, -0.379692
10374, -0.321724
10374.5, -0.318673
10375, -0.34003
10375.5, -0.364437
10376, -0.376641
10376.5, -0.385794
10377, -0.388845
10377.5, -0.385794
10378, -0.349183
10378.5, -0.303418
10379, -0.361386
10379.5, -0.333928
10380, -0.37359
10380.5, -0.370539
10381, -0.34003
10381.5, -0.37359
10382, -0.346132
10382.5, -0.300367
10383, -0.379692
10383.5, -0.330877
10384, -0.364437
10384.5, -0.388845
10385, -0.358336
10385.5, -0.34003
10386, -0.355285
10386.5, -0.312571
10387, -0.376641
10387.5, -0.37359
10388, -0.358336
10388.5, -0.391896
10389, -0.352234
10389.5, -0.324775
10390, -0.349183
10390.5, -0.330877
10391, -0.355285
10391.5, -0.370539
10392, -0.364437
10392.5, -0.37359
10393, -0.358336
10393.5, -0.315622
10394, -0.346132
10394.5, -0.330877
10395, -0.358336
10395.5, -0.37359
10396, -0.367488
10396.5, -0.367488
10397, -0.367488
10397.5, -0.312571
10398, -0.343081
10398.5, -0.336979
10399, -0.364437
10399.5, -0.361386
10400, -0.358336
10400.5, -0.391896
10401, -0.364437
10401.5, -0.30952
10402, -0.361386
10402.5, -0.352234
10403, -0.355285
10403.5, -0.376641
10404, -0.355285
10404.5, -0.358336
10405, -0.355285
10405.5, -0.34003
10406, -0.343081
10406.5, -0.358336
10407, -0.367488
10407.5, -0.370539
10408, -0.352234
10408.5, -0.364437
10409, -0.358336
10409.5, -0.352234
10410, -0.367488
10410.5, -0.364437
10411, -0.370539
10411.5, -0.358336
10412, -0.355285
10412.5, -0.312571
10413, -0.346132
10413.5, -0.364437
10414, -0.349183
10414.5, -0.367488
10415, -0.367488
10415.5, -0.355285
10416, -0.370539
10416.5, -0.364437
10417, -0.352234
10417.5, -0.358336
10418, -0.355285
10418.5, -0.370539
10419, -0.37359
10419.5, -0.364437
10420, -0.376641
10420.5, -0.352234
10421, -0.355285
10421.5, -0.367488
10422, -0.349183
10422.5, -0.379692
10423, -0.346132
10423.5, -0.364437
10424, -0.358336
10424.5, -0.352234
10425, -0.352234
10425.5, -0.343081
10426, -0.358336
10426.5, -0.367488
10427, -0.361386
10427.5, -0.364437
10428, -0.37359
10428.5, -0.355285
10429, -0.358336
10429.5, -0.349183
10430, -0.382743
10430.5, -0.361386
10431, -0.376641
10431.5, -0.364437
10432, -0.349183
10432.5, -0.361386
10433, -0.343081
10433.5, -0.352234
10434, -0.367488
10434.5, -0.358336
10435, -0.379692
10435.5, -0.364437
10436, -0.34003
10436.5, -0.364437
10437, -0.336979
10437.5, -0.352234
10438, -0.379692
10438.5, -0.361386
10439, -0.391896
10439.5, -0.352234
10440, -0.349183
10440.5, -0.355285
10441, -0.361386
10441.5, -0.364437
10442, -0.355285
10442.5, -0.370539
10443, -0.370539
10443.5, -0.358336
10444, -0.346132
10444.5, -0.346132
10445, -0.324775
10445.5, -0.364437
10446, -0.361386
10446.5, -0.355285
10447, -0.379692
10447.5, -0.321724
10448, -0.336979
10448.5, -0.352234
10449, -0.355285
10449.5, -0.364437
10450, -0.382743
10450.5, -0.364437
10451, -0.318673
10451.5, -0.346132
10452, -0.352234
10452.5, -0.361386
10453, -0.37359
10453.5, -0.361386
10454, -0.376641
10454.5, -0.367488
10455, -0.343081
10455.5, -0.352234
10456, -0.333928
10456.5, -0.352234
10457, -0.364437
10457.5, -0.364437
10458, -0.376641
10458.5, -0.388845
10459, -0.349183
10459.5, -0.358336
10460, -0.330877
10460.5, -0.358336
10461, -0.367488
10461.5, -0.376641
10462, -0.367488
10462.5, -0.379692
10463, -0.330877
10463.5, -0.346132
10464, -0.327826
10464.5, -0.367488
10465, -0.37359
10465.5, -0.376641
10466, -0.397998
10466.5, -0.327826
10467, -0.346132
10467.5, -0.343081
10468, -0.330877
10468.5, -0.376641
10469, -0.382743
10469.5, -0.37359
10470, -0.382743
10470.5, -0.336979
10471, -0.324775
10471.5, -0.349183
10472, -0.355285
10472.5, -0.367488
10473, -0.376641
10473.5, -0.370539
10474, -0.361386
10474.5, -0.327826
10475, -0.321724
10475.5, -0.34003
10476, -0.370539
10476.5, -0.364437
10477, -0.367488
10477.5, -0.370539
10478, -0.306469
10478.5, -0.330877
10479, -0.349183
10479.5, -0.330877
10480, -0.376641
10480.5, -0.385794
10481, -0.394947
10481.5, -0.382743
10482, -0.321724
10482.5, -0.327826
10483, -0.349183
10483.5, -0.34003
10484, -0.37359
10484.5, -0.379692
10485, -0.370539
10485.5, -0.379692
10486, -0.330877
10486.5, -0.343081
10487, -0.327826
10487.5, -0.352234
10488, -0.379692
10488.5, -0.379692
10489, -0.367488
10489.5, -0.321724
10490, -0.352234
10490.5, -0.330877
10491, -0.358336
10491.5, -0.379692
10492, -0.361386
10492.5, -0.367488
10493, -0.385794
10493.5, -0.327826
10494, -0.330877
10494.5, -0.336979
10495, -0.370539
10495.5, -0.382743
10496, -0.358336
10496.5, -0.367488
10497, -0.382743
10497.5, -0.321724
10498, -0.336979
10498.5, -0.343081
10499, -0.343081
10499.5, -0.379692
10500, -0.370539
10500.5, -0.391896
10501, -0.376641
10501.5, -0.327826
10502, -0.34003
10502.5, -0.343081
10503, -0.358336
10503.5, -0.379692
10504, -0.352234
10504.5, -0.388845
10505, -0.367488
10505.5, -0.315622
10506, -0.370539
10506.5, -0.34003
10507, -0.37359
10507.5, -0.367488
10508, -0.352234
10508.5, -0.367488
10509, -0.361386
10509.5, -0.315622
10510, -0.361386
10510.5, -0.343081
10511, -0.358336
10511.5, -0.382743
10512, -0.352234
10512.5, -0.367488
10513, -0.352234
10513.5, -0.321724
10514, -0.352234
10514.5, -0.376641
10515, -0.355285
10515.5, -0.370539
10516, -0.376641
10516.5, -0.324775
10517, -0.358336
10517.5, -0.349183
10518, -0.355285
10518.5, -0.397998
10519, -0.352234
10519.5, -0.364437
10520, -0.361386
10520.5, -0.333928
10521, -0.364437
10521.5, -0.358336
10522, -0.358336
10522.5, -0.397998
10523, -0.367488
10523.5, -0.37359
10524, -0.37359
10524.5, -0.367488
10525, -0.364437
10525.5, -0.355285
10526, -0.358336
10526.5, -0.358336
10527, -0.37359
10527.5, -0.358336
10528, -0.343081
10528.5, -0.364437
10529, -0.352234
10529.5, -0.364437
10530, -0.367488
10530.5, -0.364437
10531, -0.358336
10531.5, -0.370539
10532, -0.37359
10532.5, -0.34003
10533, -0.352234
10533.5, -0.370539
10534, -0.361386
10534.5, -0.352234
10535, -0.364437
10535.5, -0.37359
10536, -0.364437
10536.5, -0.355285
10537, -0.346132
10537.5, -0.361386
10538, -0.367488
10538.5, -0.367488
10539, -0.358336
10539.5, -0.358336
10540, -0.333928
10540.5, -0.330877
10541, -0.349183
10541.5, -0.355285
10542, -0.37359
10542.5, -0.37359
10543, -0.388845
10543.5, -0.358336
10544, -0.346132
10544.5, -0.352234
10545, -0.358336
10545.5, -0.361386
10546, -0.364437
10546.5, -0.355285
10547, -0.367488
10547.5, -0.361386
10548, -0.343081
10548.5, -0.352234
10549, -0.352234
10549.5, -0.367488
10550, -0.370539
10550.5, -0.364437
10551, -0.367488
10551.5, -0.361386
10552, -0.349183
10552.5, -0.367488
10553, -0.361386
10553.5, -0.349183
10554, -0.379692
10554.5, -0.370539
10555, -0.346132
10555.5, -0.358336
10556, -0.343081
10556.5, -0.349183
10557, -0.376641
10557.5, -0.361386
10558, -0.382743
10558.5, -0.37359
10559, -0.343081
10559.5, -0.361386
10560, -0.364437
10560.5, -0.352234
10561, -0.364437
10561.5, -0.376641
10562, -0.364437
10562.5, -0.367488
10563, -0.352234
10563.5, -0.358336
10564, -0.361386
10564.5, -0.346132
10565, -0.370539
10565.5, -0.355285
10566, -0.376641
10566.5, -0.34003
10567, -0.349183
10567.5, -0.346132
10568, -0.346132
10568.5, -0.358336
10569, -0.376641
10569.5, -0.382743
10570, -0.364437
10570.5, -0.370539
10571, -0.306469
10571.5, -0.346132
10572, -0.358336
10572.5, -0.367488
10573, -0.367488
10573.5, -0.376641
10574, -0.364437
10574.5, -0.352234
10575, -0.34003
10575.5, -0.358336
10576, -0.343081
10576.5, -0.376641
10577, -0.367488
10577.5, -0.370539
10578, -0.361386
10578.5, -0.343081
10579, -0.333928
10579.5, -0.355285
10580, -0.385794
10580.5, -0.370539
10581, -0.376641
10581.5, -0.376641
10582, -0.324775
10582.5, -0.34003
10583, -0.327826
10583.5, -0.349183
10584, -0.370539
10584.5, -0.367488
10585, -0.382743
10585.5, -0.376641
10586, -0.330877
10586.5, -0.343081
10587, -0.34003
10587.5, -0.346132
10588, -0.367488
10588.5, -0.361386
10589, -0.394947
10589.5, -0.379692
10590, -0.315622
10590.5, -0.352234
10591, -0.318673
10591.5, -0.361386
10592, -0.397998
10592.5, -0.367488
10593, -0.388845
10593.5, -0.370539
10594, -0.321724
10594.5, -0.352234
10595, -0.324775
10595.5, -0.367488
10596, -0.379692
10596.5, -0.367488
10597, -0.394947
10597.5, -0.318673
10598, -0.333928
10598.5, -0.343081
10599, -0.321724
10599.5, -0.382743
10600, -0.379692
10600.5, -0.376641
10601, -0.385794
10601.5, -0.312571
10602, -0.318673
10602.5, -0.333928
10603, -0.343081
10603.5, -0.370539
10604, -0.367488
10604.5, -0.352234
10605, -0.352234
10605.5, -0.318673
10606, -0.364437
10606.5, -0.346132
10607, -0.379692
10607.5, -0.385794
10608, -0.358336
10608.5, -0.382743
10609, -0.336979
10609.5, -0.315622
10610, -0.349183
10610.5, -0.333928
10611, -0.385794
10611.5, -0.370539
10612, -0.391896
10612.5, -0.370539
10613, -0.343081
10613.5, -0.333928
10614, -0.352234
10614.5, -0.327826
10615, -0.367488
10615.5, -0.37359
10616, -0.358336
10616.5, -0.343081
10617, -0.358336
10617.5, -0.324775
10618, -0.367488
10618.5, -0.397998
10619, -0.358336
10619.5, -0.385794
10620, -0.361386
10620.5, -0.315622
10621, -0.364437
10621.5, -0.327826
10622, -0.367488
10622.5, -0.388845
10623, -0.352234
10623.5, -0.385794
10624, -0.367488
10624.5, -0.324775
10625, -0.346132
10625.5, -0.330877
10626, -0.37359
10626.5, -0.379692
10627, -0.361386
10627.5, -0.394947
10628, -0.361386
10628.5, -0.30952
10629, -0.355285
10629.5, -0.352234
10630, -0.361386
10630.5, -0.370539
10631, -0.364437
10631.5, -0.364437
10632, -0.355285
10632.5, -0.324775
10633, -0.352234
10633.5, -0.352234
10634, -0.364437
10634.5, -0.370539
10635, -0.349183
10635.5, -0.352234
10636, -0.370539
10636.5, -0.355285
10637, -0.355285
10637.5, -0.376641
10638, -0.364437
10638.5, -0.376641
10639, -0.364437
10639.5, -0.370539
10640, -0.364437
10640.5, -0.336979
10641, -0.349183
10641.5, -0.361386
10642, -0.364437
10642.5, -0.370539
10643, -0.346132
10643.5, -0.349183
10644, -0.37359
10644.5, -0.361386
10645, -0.352234
10645.5, -0.376641
10646, -0.361386
10646.5, -0.361386
10647, -0.364437
10647.5, -0.34003
10648, -0.364437
10648.5, -0.349183
10649, -0.358336
10649.5, -0.364437
10650, -0.358336
10650.5, -0.376641
10651, -0.349183
10651.5, -0.349183
10652, -0.355285
10652.5, -0.355285
10653, -0.367488
10653.5, -0.361386
10654, -0.367488
10654.5, -0.352234
10655, -0.370539
10655.5, -0.349183
10656, -0.361386
10656.5, -0.364437
10657, -0.376641
10657.5, -0.364437
10658, -0.361386
10658.5, -0.364437
10659, -0.34003
10659.5, -0.370539
10660, -0.349183
10660.5, -0.358336
10661, -0.367488
10661.5, -0.364437
10662, -0.358336
10662.5, -0.352234
10663, -0.330877
10663.5, -0.361386
10664, -0.355285
10664.5, -0.364437
10665, -0.367488
10665.5, -0.361386
10666, -0.37359
10666.5, -0.358336
10667, -0.352234
10667.5, -0.361386
10668, -0.346132
10668.5, -0.370539
10669, -0.376641
10669.5, -0.361386
10670, -0.370539
10670.5, -0.361386
10671, -0.333928
10671.5, -0.355285
10672, -0.349183
10672.5, -0.361386
10673, -0.382743
10673.5, -0.34003
10674, -0.361386
10674.5, -0.382743
10675, -0.327826
10675.5, -0.349183
10676, -0.336979
10676.5, -0.361386
10677, -0.385794
10677.5, -0.358336
10678, -0.385794
10678.5, -0.370539
10679, -0.333928
10679.5, -0.358336
10680, -0.358336
10680.5, -0.358336
10681, -0.370539
10681.5, -0.361386
10682, -0.346132
10682.5, -0.358336
10683, -0.367488
10683.5, -0.352234
10684, -0.358336
10684.5, -0.364437
10685, -0.367488
10685.5, -0.382743
10686, -0.330877
10686.5, -0.327826
10687, -0.352234
10687.5, -0.355285
10688, -0.370539
10688.5, -0.367488
10689, -0.367488
10689.5, -0.379692
10690, -0.327826
10690.5, -0.352234
10691, -0.352234
10691.5, -0.343081
10692, -0.367488
10692.5, -0.364437
10693, -0.382743
10693.5, -0.352234
10694, -0.321724
10694.5, -0.349183
10695, -0.330877
10695.5, -0.379692
10696, -0.361386
10696.5, -0.370539
10697, -0.379692
10697.5, -0.346132
10698, -0.34003
10698.5, -0.352234
10699, -0.330877
10699.5, -0.376641
10700, -0.379692
10700.5, -0.358336
10701, -0.391896
10701.5, -0.333928
10702, -0.324775
10702.5, -0.346132
10703, -0.324775
10703.5, -0.37359
10704, -0.355285
10704.5, -0.385794
10705, -0.379692
10705.5, -0.336979
10706, -0.306469
10706.5, -0.352234
10707, -0.349183
10707.5, -0.370539
10708, -0.391896
10708.5, -0.367488
10709, -0.324775
10709.5, -0.333928
10710, -0.336979
10710.5, -0.349183
10711, -0.382743
10711.5, -0.352234
10712, -0.379692
10712.5, -0.37359
10713, -0.300367
10713.5, -0.349183
10714, -0.330877
10714.5, -0.333928
10715, -0.382743
10715.5, -0.379692
10716, -0.385794
10716.5, -0.376641
10717, -0.30952
10717.5, -0.34003
10718, -0.34003
10718.5, -0.343081
10719, -0.37359
10719.5, -0.376641
10720, -0.397998
10720.5, -0.370539
10721, -0.315622
10721.5, -0.318673
10722, -0.333928
10722.5, -0.364437
10723, -0.370539
10723.5, -0.382743
10724, -0.370539
10724.5, -0.333928
10725, -0.306469
10725.5, -0.352234
10726, -0.346132
10726.5, -0.382743
10727, -0.37359
10727.5, -0.397998
10728, -0.385794
10728.5, -0.343081
10729, -0.346132
10729.5, -0.318673
10730, -0.370539
10730.5, -0.355285
10731, -0.358336
10731.5, -0.379692
10732, -0.37359
10732.5, -0.355285
10733, -0.352234
10733.5, -0.333928
10734, -0.376641
10734.5, -0.361386
10735, -0.361386
10735.5, -0.382743
10736, -0.321724
10736.5, -0.318673
10737, -0.355285
10737.5, -0.355285
10738, -0.367488
10738.5, -0.37359
10739, -0.364437
10739.5, -0.382743
10740, -0.364437
10740.5, -0.306469
10741, -0.361386
10741.5, -0.336979
10742, -0.355285
10742.5, -0.370539
10743, -0.367488
10743.5, -0.382743
10744, -0.361386
10744.5, -0.327826
10745, -0.367488
10745.5, -0.358336
10746, -0.370539
10746.5, -0.388845
10747, -0.355285
10747.5, -0.34003
10748, -0.349183
10748.5, -0.333928
10749, -0.367488
10749.5, -0.379692
10750, -0.361386
10750.5, -0.397998
10751, -0.355285
10751.5, -0.343081
10752, -0.355285
10752.5, -0.355285
10753, -0.352234
10753.5, -0.376641
10754, -0.364437
10754.5, -0.394947
10755, -0.37359
10755.5, -0.324775
10756, -0.352234
10756.5, -0.364437
10757, -0.355285
10757.5, -0.367488
10758, -0.370539
10758.5, -0.361386
10759, -0.37359
10759.5, -0.330877
10760, -0.358336
10760.5, -0.370539
10761, -0.358336
10761.5, -0.370539
10762, -0.364437
10762.5, -0.376641
10763, -0.367488
10763.5, -0.364437
10764, -0.358336
10764.5, -0.355285
10765, -0.370539
10765.5, -0.37359
10766, -0.370539
10766.5, -0.370539
10767, -0.376641
10767.5, -0.343081
10768, -0.358336
10768.5, -0.355285
10769, -0.355285
10769.5, -0.358336
10770, -0.37359
10770.5, -0.364437
10771, -0.361386
10771.5, -0.367488
10772, -0.370539
10772.5, -0.355285
10773, -0.370539
10773.5, -0.370539
10774, -0.346132
10774.5, -0.364437
10775, -0.34003
10775.5, -0.370539
10776, -0.355285
10776.5, -0.361386
10777, -0.37359
10777.5, -0.364437
10778, -0.37359
10778.5, -0.364437
10779, -0.355285
10779.5, -0.370539
10780, -0.34003
10780.5, -0.367488
10781, -0.352234
10781.5, -0.361386
10782, -0.370539
10782.5, -0.358336
10783, -0.361386
10783.5, -0.358336
10784, -0.34003
10784.5, -0.367488
10785, -0.382743
10785.5, -0.358336
10786, -0.343081
10786.5, -0.361386
10787, -0.349183
10787.5, -0.355285
10788, -0.367488
10788.5, -0.379692
10789, -0.364437
10789.5, -0.376641
10790, -0.321724
10790.5, -0.364437
10791, -0.352234
10791.5, -0.361386
10792, -0.370539
10792.5, -0.37359
10793, -0.388845
10793.5, -0.367488
10794, -0.34003
10794.5, -0.358336
10795, -0.346132
10795.5, -0.346132
10796, -0.370539
10796.5, -0.358336
10797, -0.385794
10797.5, -0.367488
10798, -0.324775
10798.5, -0.361386
10799, -0.34003
10799.5, -0.370539
10800, -0.358336
10800.5, -0.355285
10801, -0.37359
10801.5, -0.367488
10802, -0.346132
10802.5, -0.358336
10803, -0.346132
10803.5, -0.37359
10804, -0.364437
10804.5, -0.385794
10805, -0.376641
10805.5, -0.361386
10806, -0.336979
10806.5, -0.355285
10807, -0.352234
10807.5, -0.367488
10808, -0.376641
10808.5, -0.376641
10809, -0.355285
10809.5, -0.349183
10810, -0.315622
10810.5, -0.330877
10811, -0.361386
10811.5, -0.370539
10812, -0.382743
10812.5, -0.355285
10813, -0.346132
10813.5, -0.358336
10814, -0.358336
10814.5, -0.361386
10815, -0.355285
10815.5, -0.370539
10816, -0.385794
10816.5, -0.37359
10817, -0.30952
10817.5, -0.352234
10818, -0.343081
10818.5, -0.355285
10819, -0.361386
10819.5, -0.376641
10820, -0.379692
10820.5, -0.388845
10821, -0.333928
10821.5, -0.346132
10822, -0.346132
10822.5, -0.346132
10823, -0.391896
10823.5, -0.37359
10824, -0.37359
10824.5, -0.343081
10825, -0.315622
10825.5, -0.355285
10826, -0.324775
10826.5, -0.37359
10827, -0.382743
10827.5, -0.370539
10828, -0.397998
10828.5, -0.367488
10829, -0.312571
10829.5, -0.343081
10830, -0.355285
10830.5, -0.364437
10831, -0.376641
10831.5, -0.382743
10832, -0.385794
10832.5, -0.34003
10833, -0.312571
10833.5, -0.352234
10834, -0.352234
10834.5, -0.376641
10835, -0.388845
10835.5, -0.388845
10836, -0.327826
10836.5, -0.321724
10837, -0.327826
10837.5, -0.343081
10838, -0.388845
10838.5, -0.37359
10839, -0.370539
10839.5, -0.382743
10840, -0.352234
10840.5, -0.330877
10841, -0.355285
10841.5, -0.327826
10842, -0.37359
10842.5, -0.37359
10843, -0.361386
10843.5, -0.376641
10844, -0.324775
10844.5, -0.324775
10845, -0.336979
10845.5, -0.324775
10846, -0.388845
10846.5, -0.367488
10847, -0.376641
10847.5, -0.376641
10848, -0.355285
10848.5, -0.333928
10849, -0.364437
10849.5, -0.376641
10850, -0.382743
10850.5, -0.407151
10851, -0.361386
10851.5, -0.300367
10852, -0.34003
10852.5, -0.321724
10853, -0.370539
10853.5, -0.391896
10854, -0.379692
10854.5, -0.397998
10855, -0.358336
10855.5, -0.336979
10856, -0.349183
10856.5, -0.321724
10857, -0.358336
10857.5, -0.364437
10858, -0.37359
10858.5, -0.385794
10859, -0.385794
10859.5, -0.312571
10860, -0.367488
10860.5, -0.346132
10861, -0.361386
10861.5, -0.379692
10862, -0.367488
10862.5, -0.401049
10863, -0.358336
10863.5, -0.297316
10864, -0.364437
10864.5, -0.330877
10865, -0.358336
10865.5, -0.385794
10866, -0.352234
10866.5, -0.394947
10867, -0.358336
10867.5, -0.30952
10868, -0.358336
10868.5, -0.303418
10869, -0.361386
10869.5, -0.385794
10870, -0.358336
10870.5, -0.401049
10871, -0.355285
10871.5, -0.30952
10872, -0.352234
10872.5, -0.330877
10873, -0.370539
10873.5, -0.379692
10874, -0.358336
10874.5, -0.367488
10875, -0.358336
10875.5, -0.343081
10876, -0.358336
10876.5, -0.367488
10877, -0.358336
10877.5, -0.388845
10878, -0.37359
10878.5, -0.312571
10879, -0.370539
10879.5, -0.346132
10880, -0.358336
10880.5, -0.385794
10881, -0.379692
10881.5, -0.376641
10882, -0.361386
10882.5, -0.315622
10883, -0.37359
10883.5, -0.367488
10884, -0.361386
10884.5, -0.413253
10885, -0.364437
10885.5, -0.367488
10886, -0.367488
10886.5, -0.327826
10887, -0.352234
10887.5, -0.364437
10888, -0.367488
10888.5, -0.364437
10889, -0.349183
10889.5, -0.376641
10890, -0.370539
10890.5, -0.336979
10891, -0.352234
10891.5, -0.364437
10892, -0.370539
10892.5, -0.388845
10893, -0.379692
10893.5, -0.367488
10894, -0.364437
10894.5, -0.327826
10895, -0.358336
10895.5, -0.37359
10896, -0.370539
10896.5, -0.388845
10897, -0.370539
10897.5, -0.376641
10898, -0.370539
10898.5, -0.349183
10899, -0.349183
10899.5, -0.367488
10900, -0.376641
10900.5, -0.376641
10901, -0.361386
10901.5, -0.37359
10902, -0.358336
10902.5, -0.37359
10903, -0.346132
10903.5, -0.364437
10904, -0.370539
10904.5, -0.367488
10905, -0.367488
10905.5, -0.364437
10906, -0.349183
10906.5, -0.34003
10907, -0.358336
10907.5, -0.37359
10908, -0.376641
10908.5, -0.358336
10909, -0.37359
10909.5, -0.37359
10910, -0.318673
10910.5, -0.355285
10911, -0.343081
10911.5, -0.358336
10912, -0.364437
10912.5, -0.376641
10913, -0.349183
10913.5, -0.370539
10914, -0.349183
10914.5, -0.352234
10915, -0.385794
10915.5, -0.367488
10916, -0.37359
10916.5, -0.361386
10917, -0.34003
10917.5, -0.370539
10918, -0.349183
10918.5, -0.355285
10919, -0.37359
10919.5, -0.37359
10920, -0.382743
10920.5, -0.346132
10921, -0.349183
10921.5, -0.336979
10922, -0.336979
10922.5, -0.352234
10923, -0.370539
10923.5, -0.379692
10924, -0.388845
10924.5, -0.358336
10925, -0.333928
10925.5, -0.343081
10926, -0.336979
10926.5, -0.364437
10927, -0.370539
10927.5, -0.37359
10928, -0.382743
10928.5, -0.349183
10929, -0.324775
10929.5, -0.343081
10930, -0.352234
10930.5, -0.355285
10931, -0.391896
10931.5, -0.382743
10932, -0.394947
10932.5, -0.349183
10933, -0.303418
10933.5, -0.352234
10934, -0.343081
10934.5, -0.376641
10935, -0.379692
10935.5, -0.364437
10936, -0.382743
10936.5, -0.327826
10937, -0.312571
10937.5, -0.346132
10938, -0.343081
10938.5, -0.364437
10939, -0.388845
10939.5, -0.370539
10940, -0.330877
10940.5, -0.336979
10941, -0.330877
10941.5, -0.346132
10942, -0.364437
10942.5, -0.370539
10943, -0.37359
10943.5, -0.37359
10944, -0.306469
10944.5, -0.327826
10945, -0.343081
10945.5, -0.34003
10946, -0.391896
10946.5, -0.376641
10947, -0.401049
10947.5, -0.385794
10948, -0.300367
10948.5, -0.306469
10949, -0.343081
10949.5, -0.34003
10950, -0.394947
10950.5, -0.37359
10951, -0.4041
10951.5, -0.367488
10952, -0.297316
10952.5, -0.336979
10953, -0.333928
10953.5, -0.379692
10954, -0.394947
10954.5, -0.367488
10955, -0.397998
10955.5, -0.324775
10956, -0.291214
10956.5, -0.355285
10957, -0.352234
10957.5, -0.37359
10958, -0.382743
10958.5, -0.367488
10959, -0.401049
10959.5, -0.294265
10960, -0.321724
10960.5, -0.349183
10961, -0.34003
10961.5, -0.361386
10962, -0.370539
10962.5, -0.367488
10963, -0.394947
10963.5, -0.330877
10964, -0.330877
10964.5, -0.318673
10965, -0.355285
10965.5, -0.361386
10966, -0.379692
10966.5, -0.379692
10967, -0.321724
10967.5, -0.333928
10968, -0.330877
10968.5, -0.349183
10969, -0.385794
10969.5, -0.379692
10970, -0.379692
10970.5, -0.391896
10971, -0.291214
10971.5, -0.336979
10972, -0.333928
10972.5, -0.343081
10973, -0.379692
10973.5, -0.364437
10974, -0.385794
10974.5, -0.391896
10975, -0.352234
10975.5, -0.330877
10976, -0.364437
10976.5, -0.346132
10977, -0.394947
10977.5, -0.370539
10978, -0.367488
10978.5, -0.333928
10979, -0.318673
10979.5, -0.352234
10980, -0.34003
10980.5, -0.391896
10981, -0.37359
10981.5, -0.391896
10982, -0.358336
10982.5, -0.327826
10983, -0.336979
10983.5, -0.321724
10984, -0.361386
10984.5, -0.382743
10985, -0.364437
10985.5, -0.385794
10986, -0.376641
10986.5, -0.306469
10987, -0.367488
10987.5, -0.343081
10988, -0.364437
10988.5, -0.358336
10989, -0.358336
10989.5, -0.388845
10990, -0.355285
10990.5, -0.306469
10991, -0.355285
10991.5, -0.318673
10992, -0.376641
10992.5, -0.385794
10993, -0.361386
10993.5, -0.397998
10994, -0.364437
10994.5, -0.312571
10995, -0.370539
10995.5, -0.367488
10996, -0.379692
10996.5, -0.376641
10997, -0.367488
10997.5, -0.397998
10998, -0.370539
10998.5, -0.312571
10999, -0.367488
10999.5, -0.324775
11000, -0.367488
11000.5, -0.391896
11001, -0.352234
11001.5, -0.394947
11002, -0.370539
11002.5, -0.324775
11003, -0.370539
11003.5, -0.376641
11004, -0.361386
11004.5, -0.388845
11005, -0.355285
11005.5, -0.34003
11006, -0.364437
11006.5, -0.358336
11007, -0.349183
11007.5, -0.367488
11008, -0.379692
11008.5, -0.382743
11009, -0.367488
11009.5, -0.361386
11010, -0.349183
11010.5, -0.346132
11011, -0.352234
11011.5, -0.370539
11012, -0.376641
11012.5, -0.361386
11013, -0.37359
11013.5, -0.367488
11014, -0.352234
11014.5, -0.352234
11015, -0.367488
11015.5, -0.355285
11016, -0.367488
11016.5, -0.364437
11017, -0.367488
11017.5, -0.361386
11018, -0.34003
11018.5, -0.37359
11019, -0.376641
11019.5, -0.352234
11020, -0.364437
11020.5, -0.385794
11021, -0.343081
11021.5, -0.364437
11022, -0.349183
11022.5, -0.358336
11023, -0.367488
11023.5, -0.355285
11024, -0.367488
11024.5, -0.358336
11025, -0.364437
11025.5, -0.355285
11026, -0.343081
11026.5, -0.367488
11027, -0.367488
11027.5, -0.358336
11028, -0.382743
11028.5, -0.361386
11029, -0.34003
11029.5, -0.352234
11030, -0.349183
11030.5, -0.355285
11031, -0.37359
11031.5, -0.343081
11032, -0.37359
11032.5, -0.355285
11033, -0.330877
11033.5, -0.346132
11034, -0.346132
11034.5, -0.361386
11035, -0.367488
11035.5, -0.355285
11036, -0.382743
11036.5, -0.367488
11037, -0.324775
11037.5, -0.358336
11038, -0.333928
11038.5, -0.382743
11039, -0.382743
11039.5, -0.358336
11040, -0.379692
11040.5, -0.379692
11041, -0.34003
11041.5, -0.352234
11042, -0.333928
11042.5, -0.355285
11043, -0.382743
11043.5, -0.349183
11044, -0.343081
11044.5, -0.352234
11045, -0.333928
11045.5, -0.355285
11046, -0.364437
11046.5, -0.376641
11047, -0.388845
11047.5, -0.358336
11048, -0.324775
11048.5, -0.355285
11049, -0.34003
11049.5, -0.34003
11050, -0.37359
11050.5, -0.37359
11051, -0.385794
11051.5, -0.358336
11052, -0.327826
11052.5, -0.367488
11053, -0.349183
11053.5, -0.343081
11054, -0.385794
11054.5, -0.358336
11055, -0.37359
11055.5, -0.364437
11056, -0.330877
11056.5, -0.349183
11057, -0.343081
11057.5, -0.370539
11058, -0.358336
11058.5, -0.367488
11059, -0.385794
11059.5, -0.318673
11060, -0.315622
11060.5, -0.355285
11061, -0.34003
11061.5, -0.370539
11062, -0.394947
11062.5, -0.367488
11063, -0.401049
11063.5, -0.336979
11064, -0.343081
11064.5, -0.355285
11065, -0.34003
11065.5, -0.376641
11066, -0.361386
11066.5, -0.358336
11067, -0.388845
11067.5, -0.330877
11068, -0.318673
11068.5, -0.343081
11069, -0.394947
11069.5, -0.37359
11070, -0.379692
11070.5, -0.382743
11071, -0.297316
11071.5, -0.330877
11072, -0.34003
11072.5, -0.343081
11073, -0.382743
11073.5, -0.364437
11074, -0.388845
11074.5, -0.391896
11075, -0.294265
11075.5, -0.34003
11076, -0.330877
11076.5, -0.355285
11077, -0.388845
11077.5, -0.358336
11078, -0.410202
11078.5, -0.379692
11079, -0.297316
11079.5, -0.336979
11080, -0.343081
11080.5, -0.364437
11081, -0.391896
11081.5, -0.376641
11082, -0.385794
11082.5, -0.343081
11083, -0.327826
11083.5, -0.343081
11084, -0.358336
11084.5, -0.37359
11085, -0.346132
11085.5, -0.376641
11086, -0.388845
11086.5, -0.327826
11087, -0.312571
11087.5, -0.333928
11088, -0.367488
11088.5, -0.352234
11089, -0.37359
11089.5, -0.367488
11090, -0.376641
11090.5, -0.333928
11091, -0.312571
11091.5, -0.358336
11092, -0.361386
11092.5, -0.379692
11093, -0.391896
11093.5, -0.388845
11094, -0.361386
11094.5, -0.321724
11095, -0.336979
11095.5, -0.330877
11096, -0.37359
11096.5, -0.349183
11097, -0.382743
11097.5, -0.397998
11098, -0.34003
11098.5, -0.318673
11099, -0.352234
11099.5, -0.346132
11100, -0.358336
11100.5, -0.379692
11101, -0.376641
11101.5, -0.379692
11102, -0.34003
11102.5, -0.312571
11103, -0.370539
11103.5, -0.343081
11104, -0.361386
11104.5, -0.379692
11105, -0.379692
11105.5, -0.37359
11106, -0.336979
11106.5, -0.333928
11107, -0.358336
11107.5, -0.379692
11108, -0.355285
11108.5, -0.397998
11109, -0.358336
11109.5, -0.336979
11110, -0.349183
11110.5, -0.346132
11111, -0.370539
11111.5, -0.379692
11112, -0.388845
11112.5, -0.4041
11113, -0.352234
11113.5, -0.30952
11114, -0.352234
11114.5, -0.352234
11115, -0.361386
11115.5, -0.382743
11116, -0.364437
11116.5, -0.391896
11117, -0.355285
11117.5, -0.333928
11118, -0.352234
11118.5, -0.352234
11119, -0.355285
11119.5, -0.361386
11120, -0.346132
11120.5, -0.382743
11121, -0.37359
11121.5, -0.333928
11122, -0.364437
11122.5, -0.333928
11123, -0.364437
11123.5, -0.367488
11124, -0.352234
11124.5, -0.370539
11125, -0.370539
11125.5, -0.324775
11126, -0.358336
11126.5, -0.367488
11127, -0.358336
11127.5, -0.364437
11128, -0.358336
11128.5, -0.37359
11129, -0.370539
11129.5, -0.34003
11130, -0.355285
11130.5, -0.34003
11131, -0.367488
11131.5, -0.352234
11132, -0.361386
11132.5, -0.349183
11133, -0.349183
11133.5, -0.364437
11134, -0.355285
11134.5, -0.379692
11135, -0.37359
11135.5, -0.352234
11136, -0.364437
11136.5, -0.346132
11137, -0.361386
11137.5, -0.367488
11138, -0.355285
11138.5, -0.355285
11139, -0.370539
11139.5, -0.355285
11140, -0.382743
11140.5, -0.355285
11141, -0.349183
11141.5, -0.355285
11142, -0.349183
11142.5, -0.379692
11143, -0.361386
11143.5, -0.352234
11144, -0.376641
11144.5, -0.352234
11145, -0.361386
11145.5, -0.355285
11146, -0.364437
11146.5, -0.370539
11147, -0.352234
11147.5, -0.364437
11148, -0.343081
11148.5, -0.361386
11149, -0.352234
11149.5, -0.355285
11150, -0.361386
11150.5, -0.358336
11151, -0.370539
11151.5, -0.361386
11152, -0.346132
11152.5, -0.349183
11153, -0.367488
11153.5, -0.367488
11154, -0.367488
11154.5, -0.370539
11155, -0.382743
11155.5, -0.367488
11156, -0.34003
11156.5, -0.364437
11157, -0.352234
11157.5, -0.364437
11158, -0.37359
11158.5, -0.361386
11159, -0.37359
11159.5, -0.361386
11160, -0.343081
11160.5, -0.349183
11161, -0.352234
11161.5, -0.370539
11162, -0.364437
11162.5, -0.364437
11163, -0.382743
11163.5, -0.352234
11164, -0.327826
11164.5, -0.352234
11165, -0.333928
11165.5, -0.367488
11166, -0.370539
11166.5, -0.376641
11167, -0.376641
11167.5, -0.343081
11168, -0.349183
11168.5, -0.343081
11169, -0.352234
11169.5, -0.376641
11170, -0.388845
11170.5, -0.364437
11171, -0.321724
11171.5, -0.327826
11172, -0.343081
11172.5, -0.352234
11173, -0.364437
11173.5, -0.370539
11174, -0.379692
11174.5, -0.364437
11175, -0.318673
11175.5, -0.358336
11176, -0.324775
11176.5, -0.349183
11177, -0.379692
11177.5, -0.370539
11178, -0.370539
11178.5, -0.370539
11179, -0.343081
11179.5, -0.346132
11180, -0.355285
11180.5, -0.361386
11181, -0.376641
11181.5, -0.361386
11182, -0.379692
11182.5, -0.364437
11183, -0.336979
11183.5, -0.330877
11184, -0.349183
11184.5, -0.37359
11185, -0.361386
11185.5, -0.376641
11186, -0.382743
11186.5, -0.333928
11187, -0.321724
11187.5, -0.355285
11188, -0.358336
11188.5, -0.361386
11189, -0.37359
11189.5, -0.376641
11190, -0.382743
11190.5, -0.343081
11191, -0.333928
11191.5, -0.343081
11192, -0.330877
11192.5, -0.364437
11193, -0.385794
11193.5, -0.379692
11194, -0.379692
11194.5, -0.343081
11195, -0.336979
11195.5, -0.330877
11196, -0.352234
11196.5, -0.364437
11197, -0.385794
11197.5, -0.391896
11198, -0.336979
11198.5, -0.336979
11199, -0.330877
11199.5, -0.343081
11200, -0.382743
11200.5, -0.367488
11201, -0.397998
11201.5, -0.385794
11202, -0.315622
11202.5, -0.343081
11203, -0.327826
11203.5, -0.355285
11204, -0.367488
11204.5, -0.388845
11205, -0.379692
11205.5, -0.370539
11206, -0.321724
11206.5, -0.327826
11207, -0.336979
11207.5, -0.333928
11208, -0.37359
11208.5, -0.367488
11209, -0.370539
11209.5, -0.333928
11210, -0.327826
11210.5, -0.330877
11211, -0.367488
11211.5, -0.358336
11212, -0.379692
11212.5, -0.370539
11213, -0.361386
11213.5, -0.346132
11214, -0.327826
11214.5, -0.330877
11215, -0.376641
11215.5, -0.379692
11216, -0.376641
11216.5, -0.379692
11217, -0.376641
11217.5, -0.324775
11218, -0.330877
11218.5, -0.346132
11219, -0.346132
11219.5, -0.379692
11220, -0.379692
11220.5, -0.382743
11221, -0.37359
11221.5, -0.321724
11222, -0.361386
11222.5, -0.34003
11223, -0.355285
11223.5, -0.370539
11224, -0.376641
11224.5, -0.382743
11225, -0.367488
11225.5, -0.321724
11226, -0.367488
11226.5, -0.34003
11227, -0.367488
11227.5, -0.388845
11228, -0.37359
11228.5, -0.391896
11229, -0.364437
11229.5, -0.321724
11230, -0.361386
11230.5, -0.318673
11231, -0.352234
11231.5, -0.391896
11232, -0.346132
11232.5, -0.4041
11233, -0.364437
11233.5, -0.321724
11234, -0.358336
11234.5, -0.349183
11235, -0.367488
11235.5, -0.379692
11236, -0.361386
11236.5, -0.330877
11237, -0.355285
11237.5, -0.361386
11238, -0.376641
11238.5, -0.367488
11239, -0.364437
11239.5, -0.385794
11240, -0.361386
11240.5, -0.330877
11241, -0.37359
11241.5, -0.358336
11242, -0.364437
11242.5, -0.361386
11243, -0.370539
11243.5, -0.37359
11244, -0.358336
11244.5, -0.300367
11245, -0.370539
11245.5, -0.346132
11246, -0.361386
11246.5, -0.367488
11247, -0.355285
11247.5, -0.388845
11248, -0.370539
11248.5, -0.336979
11249, -0.361386
11249.5, -0.358336
11250, -0.358336
11250.5, -0.37359
11251, -0.37359
11251.5, -0.37359
11252, -0.364437
11252.5, -0.321724
11253, -0.355285
11253.5, -0.361386
11254, -0.382743
11254.5, -0.355285
11255, -0.367488
11255.5, -0.364437
11256, -0.364437
11256.5, -0.367488
11257, -0.361386
11257.5, -0.355285
11258, -0.361386
11258.5, -0.358336
11259, -0.361386
11259.5, -0.361386
11260, -0.336979
11260.5, -0.343081
11261, -0.34003
11261.5, -0.358336
11262, -0.370539
11262.5, -0.349183
11263, -0.379692
11263.5, -0.361386
11264, -0.361386
11264.5, -0.364437
11265, -0.358336
11265.5, -0.370539
11266, -0.370539
11266.5, -0.361386
11267, -0.376641
11267.5, -0.352234
11268, -0.355285
11268.5, -0.364437
11269, -0.361386
11269.5, -0.367488
11270, -0.376641
11270.5, -0.370539
11271, -0.376641
11271.5, -0.361386
11272, -0.352234
11272.5, -0.34003
11273, -0.361386
11273.5, -0.367488
11274, -0.364437
11274.5, -0.367488
11275, -0.349183
11275.5, -0.349183
11276, -0.346132
11276.5, -0.361386
11277, -0.370539
11277.5, -0.352234
11278, -0.376641
11278.5, -0.37359
11279, -0.34003
11279.5, -0.370539
11280, -0.34003
11280.5, -0.370539
11281, -0.361386
11281.5, -0.364437
11282, -0.385794
11282.5, -0.370539
11283, -0.333928
11283.5, -0.364437
11284, -0.333928
11284.5, -0.336979
11285, -0.367488
11285.5, -0.364437
11286, -0.361386
11286.5, -0.367488
11287, -0.330877
11287.5, -0.355285
11288, -0.367488
11288.5, -0.370539
11289, -0.370539
11289.5, -0.376641
11290, -0.379692
11290.5, -0.364437
11291, -0.333928
11291.5, -0.346132
11292, -0.346132
11292.5, -0.367488
11293, -0.379692
11293.5, -0.379692
11294, -0.358336
11294.5, -0.370539
11295, -0.321724
11295.5, -0.346132
11296, -0.343081
11296.5, -0.358336
11297, -0.370539
11297.5, -0.358336
11298, -0.379692
11298.5, -0.367488
11299, -0.355285
11299.5, -0.330877
11300, -0.349183
11300.5, -0.355285
11301, -0.379692
11301.5, -0.367488
11302, -0.34003
11302.5, -0.355285
11303, -0.34003
11303.5, -0.343081
11304, -0.364437
11304.5, -0.367488
11305, -0.391896
11305.5, -0.370539
11306, -0.346132
11306.5, -0.34003
11307, -0.34003
11307.5, -0.343081
11308, -0.367488
11308.5, -0.370539
11309, -0.385794
11309.5, -0.37359
11310, -0.321724
11310.5, -0.327826
11311, -0.358336
11311.5, -0.358336
11312, -0.385794
11312.5, -0.391896
11313, -0.391896
11313.5, -0.330877
11314, -0.349183
11314.5, -0.352234
11315, -0.327826
11315.5, -0.361386
11316, -0.391896
11316.5, -0.364437
11317, -0.397998
11317.5, -0.34003
11318, -0.30952
11318.5, -0.364437
11319, -0.327826
11319.5, -0.358336
11320, -0.382743
11320.5, -0.376641
11321, -0.388845
11321.5, -0.318673
11322, -0.324775
11322.5, -0.330877
11323, -0.333928
11323.5, -0.370539
11324, -0.37359
11324.5, -0.364437
11325, -0.367488
11325.5, -0.336979
11326, -0.355285
11326.5, -0.358336
11327, -0.370539
11327.5, -0.379692
11328, -0.394947
11328.5, -0.370539
11329, -0.315622
11329.5, -0.315622
11330, -0.355285
11330.5, -0.327826
11331, -0.361386
11331.5, -0.376641
11332, -0.382743
11332.5, -0.382743
11333, -0.327826
11333.5, -0.318673
11334, -0.343081
11334.5, -0.330877
11335, -0.37359
11335.5, -0.379692
11336, -0.37359
11336.5, -0.394947
11337, -0.358336
11337.5, -0.327826
11338, -0.355285
11338.5, -0.346132
11339, -0.370539
11339.5, -0.376641
11340, -0.361386
11340.5, -0.37359
11341, -0.349183
11341.5, -0.343081
11342, -0.352234
11342.5, -0.37359
11343, -0.352234
11343.5, -0.391896
11344, -0.37359
11344.5, -0.315622
11345, -0.346132
11345.5, -0.336979
11346, -0.364437
11346.5, -0.382743
11347, -0.361386
11347.5, -0.37359
11348, -0.361386
11348.5, -0.327826
11349, -0.352234
11349.5, -0.34003
11350, -0.370539
11350.5, -0.382743
11351, -0.361386
11351.5, -0.382743
11352, -0.358336
11352.5, -0.315622
11353, -0.370539
11353.5, -0.370539
11354, -0.361386
11354.5, -0.370539
11355, -0.361386
11355.5, -0.370539
11356, -0.346132
11356.5, -0.34003
11357, -0.352234
11357.5, -0.361386
11358, -0.34003
11358.5, -0.367488
11359, -0.364437
11359.5, -0.379692
11360, -0.355285
11360.5, -0.349183
11361, -0.355285
11361.5, -0.346132
11362, -0.358336
11362.5, -0.388845
11363, -0.361386
11363.5, -0.367488
11364, -0.358336
11364.5, -0.333928
11365, -0.355285
11365.5, -0.361386
11366, -0.361386
11366.5, -0.370539
11367, -0.361386
11367.5, -0.327826
11368, -0.364437
11368.5, -0.343081
11369, -0.361386
11369.5, -0.379692
11370, -0.361386
11370.5, -0.379692
11371, -0.355285
11371.5, -0.336979
11372, -0.37359
11372.5, -0.336979
11373, -0.349183
11373.5, -0.37359
11374, -0.355285
11374.5, -0.376641
11375, -0.361386
11375.5, -0.358336
11376, -0.352234
11376.5, -0.355285
11377, -0.355285
11377.5, -0.352234
11378, -0.358336
11378.5, -0.349183
11379, -0.358336
11379.5, -0.379692
11380, -0.330877
11380.5, -0.358336
11381, -0.361386
11381.5, -0.361386
11382, -0.370539
11382.5, -0.364437
11383, -0.343081
11383.5, -0.367488
11384, -0.330877
11384.5, -0.376641
11385, -0.352234
11385.5, -0.370539
11386, -0.376641
11386.5, -0.361386
11387, -0.367488
11387.5, -0.352234
11388, -0.352234
11388.5, -0.367488
11389, -0.358336
11389.5, -0.364437
11390, -0.379692
11390.5, -0.367488
11391, -0.352234
11391.5, -0.349183
11392, -0.336979
11392.5, -0.361386
11393, -0.358336
11393.5, -0.361386
11394, -0.370539
11394.5, -0.364437
11395, -0.34003
11395.5, -0.364437
11396, -0.352234
11396.5, -0.370539
11397, -0.364437
11397.5, -0.355285
11398, -0.370539
11398.5, -0.379692
11399, -0.333928
11399.5, -0.346132
11400, -0.333928
11400.5, -0.361386
11401, -0.370539
11401.5, -0.364437
11402, -0.370539
11402.5, -0.361386
11403, -0.343081
11403.5, -0.352234
11404, -0.361386
11404.5, -0.34003
11405, -0.382743
11405.5, -0.376641
11406, -0.336979
11406.5, -0.361386
11407, -0.349183
11407.5, -0.358336
11408, -0.361386
11408.5, -0.370539
11409, -0.364437
11409.5, -0.367488
11410, -0.346132
11410.5, -0.343081
11411, -0.349183
11411.5, -0.346132
11412, -0.370539
11412.5, -0.370539
11413, -0.370539
11413.5, -0.388845
11414, -0.324775
11414.5, -0.330877
11415, -0.349183
11415.5, -0.364437
11416, -0.361386
11416.5, -0.376641
11417, -0.382743
11417.5, -0.358336
11418, -0.343081
11418.5, -0.349183
11419, -0.330877
11419.5, -0.391896
11420, -0.376641
11420.5, -0.367488
11421, -0.385794
11421.5, -0.346132
11422, -0.30952
11422.5, -0.355285
11423, -0.330877
11423.5, -0.361386
11424, -0.358336
11424.5, -0.376641
11425, -0.388845
11425.5, -0.333928
11426, -0.318673
11426.5, -0.361386
11427, -0.336979
11427.5, -0.370539
11428, -0.382743
11428.5, -0.367488
11429, -0.343081
11429.5, -0.327826
11430, -0.346132
11430.5, -0.364437
11431, -0.361386
11431.5, -0.367488
11432, -0.394947
11432.5, -0.388845
11433, -0.324775
11433.5, -0.343081
11434, -0.327826
11434.5, -0.343081
11435, -0.388845
11435.5, -0.37359
11436, -0.394947
11436.5, -0.367488
11437, -0.367488
11437.5, -0.336979
11438, -0.346132
11438.5, -0.343081
11439, -0.385794
11439.5, -0.367488
11440, -0.401049
11440.5, -0.376641
11441, -0.312571
11441.5, -0.34003
11442, -0.327826
11442.5, -0.376641
11443, -0.382743
11443.5, -0.358336
11444, -0.391896
11444.5, -0.321724
11445, -0.327826
11445.5, -0.327826
11446, -0.34003
11446.5, -0.370539
11447, -0.37359
11447.5, -0.370539
11448, -0.367488
11448.5, -0.327826
11449, -0.321724
11449.5, -0.321724
11450, -0.364437
11450.5, -0.361386
11451, -0.379692
11451.5, -0.391896
11452, -0.37359
11452.5, -0.349183
11453, -0.34003
11453.5, -0.318673
11454, -0.379692
11454.5, -0.37359
11455, -0.364437
11455.5, -0.382743
11456, -0.30952
11456.5, -0.34003
11457, -0.361386
11457.5, -0.333928
11458, -0.37359
11458.5, -0.37359
11459, -0.382743
11459.5, -0.382743
11460, -0.336979
11460.5, -0.355285
11461, -0.349183
11461.5, -0.333928
11462, -0.367488
11462.5, -0.379692
11463, -0.37359
11463.5, -0.379692
11464, -0.346132
11464.5, -0.318673
11465, -0.352234
11465.5, -0.327826
11466, -0.355285
11466.5, -0.37359
11467, -0.364437
11467.5, -0.367488
11468, -0.355285
11468.5, -0.34003
11469, -0.370539
11469.5, -0.382743
11470, -0.364437
11470.5, -0.397998
11471, -0.355285
11471.5, -0.321724
11472, -0.358336
11472.5, -0.330877
11473, -0.358336
11473.5, -0.367488
11474, -0.367488
11474.5, -0.379692
11475, -0.349183
11475.5, -0.303418
11476, -0.358336
11476.5, -0.343081
11477, -0.379692
11477.5, -0.382743
11478, -0.367488
11478.5, -0.397998
11479, -0.352234
11479.5, -0.333928
11480, -0.355285
11480.5, -0.343081
11481, -0.370539
11481.5, -0.382743
11482, -0.364437
11482.5, -0.358336
11483, -0.37359
11483.5, -0.355285
11484, -0.355285
11484.5, -0.367488
11485, -0.361386
11485.5, -0.367488
11486, -0.358336
11486.5, -0.370539
11487, -0.37359
11487.5, -0.352234
11488, -0.355285
11488.5, -0.355285
11489, -0.361386
11489.5, -0.349183
11490, -0.361386
11490.5, -0.358336
11491, -0.355285
11491.5, -0.343081
11492, -0.346132
11492.5, -0.358336
11493, -0.358336
11493.5, -0.370539
11494, -0.367488
11494.5, -0.361386
11495, -0.355285
11495.5, -0.352234
11496, -0.355285
11496.5, -0.346132
11497, -0.37359
11497.5, -0.364437
11498, -0.367488
11498.5, -0.361386
11499, -0.364437
11499.5, -0.358336
11500, -0.349183
11500.5, -0.385794
11501, -0.37359
11501.5, -0.352234
11502, -0.361386
11502.5, -0.361386
11503, -0.336979
11503.5, -0.376641
11504, -0.34003
11504.5, -0.370539
11505, -0.364437
11505.5, -0.349183
11506, -0.343081
11506.5, -0.355285
11507, -0.352234
11507.5, -0.361386
11508, -0.355285
11508.5, -0.358336
11509, -0.376641
11509.5, -0.355285
11510, -0.349183
11510.5, -0.370539
11511, -0.352234
11511.5, -0.361386
11512, -0.376641
11512.5, -0.361386
11513, -0.37359
11513.5, -0.364437
11514, -0.333928
11514.5, -0.361386
11515, -0.346132
11515.5, -0.343081
11516, -0.358336
11516.5, -0.364437
11517, -0.364437
11517.5, -0.361386
11518, -0.349183
11518.5, -0.355285
11519, -0.336979
11519.5, -0.34003
11520, -0.364437
11520.5, -0.358336
11521, -0.382743
11521.5, -0.367488
11522, -0.349183
11522.5, -0.346132
11523, -0.346132
11523.5, -0.367488
11524, -0.379692
11524.5, -0.364437
11525, -0.388845
11525.5, -0.364437
11526, -0.333928
11526.5, -0.352234
11527, -0.346132
11527.5, -0.370539
11528, -0.352234
11528.5, -0.364437
11529, -0.370539
11529.5, -0.355285
11530, -0.330877
11530.5, -0.349183
11531, -0.349183
11531.5, -0.361386
11532, -0.361386
11532.5, -0.37359
11533, -0.327826
11533.5, -0.333928
11534, -0.346132
11534.5, -0.361386
11535, -0.370539
11535.5, -0.37359
11536, -0.385794
11536.5, -0.376641
11537, -0.327826
11537.5, -0.349183
11538, -0.343081
11538.5, -0.358336
11539, -0.379692
11539.5, -0.364437
11540, -0.385794
11540.5, -0.37359
11541, -0.330877
11541.5, -0.343081
11542, -0.321724
11542.5, -0.330877
11543, -0.367488
11543.5, -0.364437
11544, -0.376641
11544.5, -0.355285
11545, -0.333928
11545.5, -0.333928
11546, -0.324775
11546.5, -0.361386
11547, -0.382743
11547.5, -0.370539
11548, -0.391896
11548.5, -0.333928
11549, -0.34003
11549.5, -0.346132
11550, -0.330877
11550.5, -0.361386
11551, -0.367488
11551.5, -0.370539
11552, -0.385794
11552.5, -0.34003
11553, -0.315622
11553.5, -0.346132
11554, -0.327826
11554.5, -0.379692
11555, -0.394947
11555.5, -0.370539
11556, -0.382743
11556.5, -0.327826
11557, -0.330877
11557.5, -0.333928
11558, -0.352234
11558.5, -0.376641
11559, -0.379692
11559.5, -0.385794
11560, -0.306469
11560.5, -0.315622
11561, -0.330877
11561.5, -0.361386
11562, -0.394947
11562.5, -0.379692
11563, -0.391896
11563.5, -0.37359
11564, -0.318673
11564.5, -0.370539
11565, -0.349183
11565.5, -0.321724
11566, -0.376641
11566.5, -0.37359
11567, -0.391896
11567.5, -0.367488
11568, -0.318673
11568.5, -0.327826
11569, -0.346132
11569.5, -0.346132
11570, -0.355285
11570.5, -0.358336
11571, -0.379692
11571.5, -0.379692
11572, -0.330877
11572.5, -0.333928
11573, -0.352234
11573.5, -0.358336
11574, -0.355285
11574.5, -0.379692
11575, -0.37359
11575.5, -0.321724
11576, -0.34003
11576.5, -0.349183
11577, -0.361386
11577.5, -0.367488
11578, -0.37359
11578.5, -0.391896
11579, -0.352234
11579.5, -0.312571
11580, -0.346132
11580.5, -0.333928
11581, -0.361386
11581.5, -0.37359
11582, -0.370539
11582.5, -0.382743
11583, -0.379692
11583.5, -0.333928
11584, -0.333928
11584.5, -0.333928
11585, -0.361386
11585.5, -0.394947
11586, -0.376641
11586.5, -0.379692
11587, -0.37359
11587.5, -0.327826
11588, -0.364437
11588.5, -0.330877
11589, -0.379692
11589.5, -0.376641
11590, -0.346132
11590.5, -0.407151
11591, -0.367488
11591.5, -0.336979
11592, -0.361386
11592.5, -0.346132
11593, -0.37359
11593.5, -0.382743
11594, -0.358336
11594.5, -0.370539
11595, -0.355285
11595.5, -0.300367
11596, -0.364437
11596.5, -0.346132
11597, -0.370539
11597.5, -0.355285
11598, -0.361386
11598.5, -0.318673
11599, -0.358336
11599.5, -0.330877
11600, -0.352234
11600.5, -0.37359
11601, -0.370539
11601.5, -0.358336
11602, -0.361386
11602.5, -0.336979
11603, -0.355285
11603.5, -0.358336
11604, -0.355285
11604.5, -0.358336
11605, -0.355285
11605.5, -0.364437
11606, -0.370539
11606.5, -0.343081
11607, -0.37359
11607.5, -0.355285
11608, -0.358336
11608.5, -0.355285
11609, -0.367488
11609.5, -0.361386
11610, -0.358336
11610.5, -0.324775
11611, -0.367488
11611.5, -0.349183
11612, -0.370539
11612.5, -0.37359
11613, -0.355285
11613.5, -0.358336
11614, -0.346132
11614.5, -0.364437
11615, -0.349183
11615.5, -0.367488
11616, -0.361386
11616.5, -0.361386
11617, -0.37359
11617.5, -0.358336
11618, -0.355285
11618.5, -0.370539
11619, -0.361386
11619.5, -0.358336
11620, -0.364437
11620.5, -0.358336
11621, -0.385794
11621.5, -0.358336
11622, -0.333928
11622.5, -0.352234
11623, -0.355285
11623.5, -0.370539
11624, -0.376641
11624.5, -0.367488
11625, -0.376641
11625.5, -0.358336
11626, -0.361386
11626.5, -0.370539
11627, -0.358336
11627.5, -0.364437
11628, -0.346132
11628.5, -0.379692
11629, -0.37359
11629.5, -0.361386
11630, -0.336979
11630.5, -0.358336
11631, -0.349183
11631.5, -0.370539
11632, -0.361386
11632.5, -0.364437
11633, -0.367488
11633.5, -0.358336
11634, -0.336979
11634.5, -0.352234
11635, -0.349183
11635.5, -0.361386
11636, -0.382743
11636.5, -0.364437
11637, -0.346132
11637.5, -0.367488
11638, -0.324775
11638.5, -0.361386
11639, -0.370539
11639.5, -0.355285
11640, -0.370539
11640.5, -0.355285
11641, -0.330877
11641.5, -0.367488
11642, -0.333928
11642.5, -0.352234
11643, -0.37359
11643.5, -0.364437
11644, -0.379692
11644.5, -0.352234
11645, -0.343081
11645.5, -0.349183
11646, -0.333928
11646.5, -0.346132
11647, -0.370539
11647.5, -0.355285
11648, -0.37359
11648.5, -0.355285
11649, -0.330877
11649.5, -0.346132
11650, -0.358336
11650.5, -0.37359
11651, -0.370539
11651.5, -0.376641
11652, -0.391896
11652.5, -0.333928
11653, -0.336979
11653.5, -0.343081
11654, -0.364437
11654.5, -0.37359
11655, -0.37359
11655.5, -0.367488
11656, -0.37359
11656.5, -0.361386
11657, -0.327826
11657.5, -0.34003
11658, -0.367488
11658.5, -0.358336
11659, -0.367488
11659.5, -0.37359
11660, -0.376641
11660.5, -0.367488
11661, -0.315622
11661.5, -0.361386
11662, -0.355285
11662.5, -0.370539
11663, -0.388845
11663.5, -0.364437
11664, -0.333928
11664.5, -0.352234
11665, -0.352234
11665.5, -0.34003
11666, -0.367488
11666.5, -0.364437
11667, -0.394947
11667.5, -0.376641
11668, -0.327826
11668.5, -0.352234
11669, -0.321724
11669.5, -0.346132
11670, -0.382743
11670.5, -0.367488
11671, -0.394947
11671.5, -0.385794
11672, -0.327826
11672.5, -0.330877
11673, -0.343081
11673.5, -0.364437
11674, -0.382743
11674.5, -0.361386
11675, -0.379692
11675.5, -0.343081
11676, -0.297316
11676.5, -0.349183
11677, -0.343081
11677.5, -0.352234
11678, -0.379692
11678.5, -0.367488
11679, -0.376641
11679.5, -0.349183
11680, -0.324775
11680.5, -0.333928
11681, -0.336979
11681.5, -0.388845
11682, -0.37359
11682.5, -0.361386
11683, -0.397998
11683.5, -0.355285
11684, -0.327826
11684.5, -0.349183
11685, -0.336979
11685.5, -0.370539
11686, -0.370539
11686.5, -0.370539
11687, -0.34003
11687.5, -0.336979
11688, -0.315622
11688.5, -0.355285
11689, -0.358336
11689.5, -0.388845
11690, -0.370539
11690.5, -0.376641
11691, -0.349183
11691.5, -0.315622
11692, -0.346132
11692.5, -0.352234
11693, -0.364437
11693.5, -0.379692
11694, -0.364437
11694.5, -0.397998
11695, -0.306469
11695.5, -0.306469
11696, -0.358336
11696.5, -0.321724
11697, -0.376641
11697.5, -0.364437
11698, -0.376641
11698.5, -0.37359
11699, -0.346132
11699.5, -0.343081
11700, -0.367488
11700.5, -0.343081
11701, -0.361386
11701.5, -0.379692
11702, -0.358336
11702.5, -0.312571
11703, -0.352234
11703.5, -0.349183
11704, -0.355285
11704.5, -0.388845
11705, -0.358336
11705.5, -0.388845
11706, -0.370539
11706.5, -0.315622
11707, -0.355285
11707.5, -0.327826
11708, -0.364437
11708.5, -0.391896
11709, -0.361386
11709.5, -0.394947
11710, -0.367488
11710.5, -0.321724
11711, -0.370539
11711.5, -0.330877
11712, -0.367488
11712.5, -0.391896
11713, -0.355285
11713.5, -0.352234
11714, -0.352234
11714.5, -0.324775
11715, -0.364437
11715.5, -0.336979
11716, -0.361386
11716.5, -0.367488
11717, -0.355285
11717.5, -0.391896
11718, -0.367488
11718.5, -0.306469
11719, -0.349183
11719.5, -0.343081
11720, -0.355285
11720.5, -0.370539
11721, -0.355285
11721.5, -0.361386
11722, -0.376641
11722.5, -0.349183
11723, -0.364437
11723.5, -0.349183
11724, -0.364437
11724.5, -0.343081
11725, -0.394947
11725.5, -0.367488
11726, -0.37359
11726.5, -0.361386
11727, -0.361386
11727.5, -0.376641
11728, -0.370539
11728.5, -0.379692
11729, -0.361386
11729.5, -0.336979
11730, -0.367488
11730.5, -0.361386
11731, -0.358336
11731.5, -0.37359
11732, -0.358336
11732.5, -0.376641
11733, -0.364437
11733.5, -0.34003
11734, -0.352234
11734.5, -0.355285
11735, -0.355285
11735.5, -0.370539
11736, -0.358336
11736.5, -0.376641
11737, -0.367488
11737.5, -0.364437
11738, -0.364437
11738.5, -0.364437
11739, -0.379692
11739.5, -0.358336
11740, -0.382743
11740.5, -0.361386
11741, -0.343081
11741.5, -0.367488
11742, -0.349183
11742.5, -0.367488
11743, -0.370539
11743.5, -0.358336
11744, -0.382743
11744.5, -0.352234
11745, -0.355285
11745.5, -0.352234
11746, -0.346132
11746.5, -0.346132
11747, -0.367488
11747.5, -0.370539
11748, -0.37359
11748.5, -0.367488
11749, -0.364437
11749.5, -0.37359
11750, -0.34003
11750.5, -0.370539
11751, -0.367488
11751.5, -0.361386
11752, -0.367488
11752.5, -0.367488
11753, -0.333928
11753.5, -0.346132
11754, -0.336979
11754.5, -0.370539
11755, -0.37359
11755.5, -0.355285
11756, -0.37359
11756.5, -0.303418
11757, -0.327826
11757.5, -0.367488
11758, -0.349183
11758.5, -0.367488
11759, -0.37359
11759.5, -0.355285
11760, -0.370539
11760.5, -0.37359
11761, -0.324775
11761.5, -0.355285
11762, -0.355285
11762.5, -0.367488
11763, -0.382743
11763.5, -0.361386
11764, -0.37359
11764.5, -0.37359
11765, -0.336979
11765.5, -0.352234
11766, -0.355285
11766.5, -0.367488
11767, -0.367488
11767.5, -0.367488
11768, -0.330877
11768.5, -0.352234
11769, -0.343081
11769.5, -0.352234
11770, -0.37359
11770.5, -0.358336
11771, -0.364437
11771.5, -0.379692
11772, -0.343081
11772.5, -0.364437
11773, -0.352234
11773.5, -0.34003
11774, -0.379692
11774.5, -0.376641
11775, -0.385794
11775.5, -0.379692
11776, -0.327826
11776.5, -0.361386
11777, -0.349183
11777.5, -0.355285
11778, -0.37359
11778.5, -0.382743
11779, -0.376641
11779.5, -0.343081
11780, -0.336979
11780.5, -0.346132
11781, -0.333928
11781.5, -0.367488
11782, -0.361386
11782.5, -0.385794
11783, -0.401049
11783.5, -0.327826
11784, -0.315622
11784.5, -0.349183
11785, -0.336979
11785.5, -0.370539
11786, -0.388845
11786.5, -0.382743
11787, -0.382743
11787.5, -0.343081
11788, -0.318673
11788.5, -0.364437
11789, -0.34003
11789.5, -0.367488
11790, -0.367488
11790.5, -0.382743
11791, -0.321724
11791.5, -0.333928
11792, -0.346132
11792.5, -0.355285
11793, -0.388845
11793.5, -0.376641
11794, -0.385794
11794.5, -0.379692
11795, -0.333928
11795.5, -0.336979
11796, -0.349183
11796.5, -0.346132
11797, -0.379692
11797.5, -0.364437
11798, -0.385794
11798.5, -0.382743
11799, -0.315622
11799.5, -0.312571
11800, -0.361386
11800.5, -0.343081
11801, -0.376641
11801.5, -0.361386
11802, -0.394947
11802.5, -0.361386
11803, -0.318673
11803.5, -0.346132
11804, -0.315622
11804.5, -0.352234
11805, -0.382743
11805.5, -0.394947
11806, -0.388845
11806.5, -0.346132
11807, -0.315622
11807.5, -0.355285
11808, -0.327826
11808.5, -0.394947
11809, -0.367488
11809.5, -0.379692
11810, -0.376641
11810.5, -0.318673
11811, -0.336979
11811.5, -0.346132
11812, -0.364437
11812.5, -0.370539
11813, -0.370539
11813.5, -0.4041
11814, -0.352234
11814.5, -0.312571
11815, -0.330877
11815.5, -0.327826
11816, -0.367488
11816.5, -0.349183
11817, -0.367488
11817.5, -0.382743
11818, -0.330877
11818.5, -0.30952
11819, -0.352234
11819.5, -0.352234
11820, -0.355285
11820.5, -0.37359
11821, -0.361386
11821.5, -0.388845
11822, -0.364437
11822.5, -0.315622
11823, -0.346132
11823.5, -0.346132
11824, -0.370539
11824.5, -0.379692
11825, -0.37359
11825.5, -0.379692
11826, -0.358336
11826.5, -0.327826
11827, -0.343081
11827.5, -0.34003
11828, -0.370539
11828.5, -0.370539
11829, -0.352234
11829.5, -0.364437
11830, -0.370539
11830.5, -0.352234
11831, -0.355285
11831.5, -0.367488
11832, -0.352234
11832.5, -0.37359
11833, -0.349183
11833.5, -0.327826
11834, -0.358336
11834.5, -0.349183
11835, -0.379692
11835.5, -0.37359
11836, -0.361386
11836.5, -0.379692
11837, -0.343081
11837.5, -0.333928
11838, -0.364437
11838.5, -0.358336
11839, -0.355285
11839.5, -0.355285
11840, -0.358336
11840.5, -0.364437
11841, -0.355285
11841.5, -0.367488
11842, -0.352234
11842.5, -0.361386
11843, -0.358336
11843.5, -0.376641
11844, -0.361386
11844.5, -0.382743
11845, -0.370539
11845.5, -0.333928
11846, -0.364437
11846.5, -0.382743
11847, -0.367488
11847.5, -0.358336
11848, -0.364437
11848.5, -0.370539
11849, -0.376641
11849.5, -0.321724
11850, -0.349183
11850.5, -0.361386
11851, -0.367488
11851.5, -0.376641
11852, -0.349183
11852.5, -0.388845
11853, -0.349183
11853.5, -0.343081
11854, -0.352234
11854.5, -0.358336
11855, -0.367488
11855.5, -0.361386
11856, -0.367488
11856.5, -0.37359
11857, -0.361386
11857.5, -0.358336
11858, -0.349183
11858.5, -0.355285
11859, -0.367488
11859.5, -0.343081
11860, -0.367488
11860.5, -0.367488
11861, -0.343081
11861.5, -0.361386
11862, -0.349183
11862.5, -0.367488
11863, -0.379692
11863.5, -0.358336
11864, -0.37359
11864.5, -0.370539
11865, -0.318673
11865.5, -0.370539
11866, -0.352234
11866.5, -0.364437
11867, -0.370539
11867.5, -0.355285
11868, -0.364437
11868.5, -0.367488
11869, -0.352234
11869.5, -0.355285
11870, -0.370539
11870.5, -0.358336
11871, -0.364437
11871.5, -0.364437
11872, -0.324775
11872.5, -0.34003
11873, -0.343081
11873.5, -0.364437
11874, -0.352234
11874.5, -0.349183
11875, -0.379692
11875.5, -0.37359
11876, -0.343081
11876.5, -0.361386
11877, -0.349183
11877.5, -0.361386
11878, -0.367488
11878.5, -0.361386
11879, -0.376641
11879.5, -0.349183
11880, -0.324775
11880.5, -0.361386
11881, -0.343081
11881.5, -0.358336
11882, -0.37359
11882.5, -0.370539
11883, -0.367488
11883.5, -0.352234
11884, -0.343081
11884.5, -0.361386
11885, -0.343081
11885.5, -0.376641
11886, -0.358336
11886.5, -0.382743
11887, -0.379692
11887.5, -0.364437
11888, -0.346132
11888.5, -0.349183
11889, -0.336979
11889.5, -0.37359
11890, -0.385794
11890.5, -0.370539
11891, -0.379692
11891.5, -0.336979
11892, -0.321724
11892.5, -0.346132
11893, -0.355285
11893.5, -0.397998
11894, -0.364437
11894.5, -0.376641
11895, -0.327826
11895.5, -0.333928
11896, -0.349183
11896.5, -0.349183
11897, -0.37359
11897.5, -0.367488
11898, -0.376641
11898.5, -0.367488
11899, -0.333928
11899.5, -0.343081
11900, -0.324775
11900.5, -0.336979
11901, -0.376641
11901.5, -0.361386
11902, -0.382743
11902.5, -0.355285
11903, -0.34003
11903.5, -0.349183
11904, -0.355285
11904.5, -0.343081
11905, -0.391896
11905.5, -0.361386
11906, -0.385794
11906.5, -0.349183
11907, -0.349183
11907.5, -0.333928
11908, -0.336979
11908.5, -0.367488
11909, -0.379692
11909.5, -0.376641
11910, -0.391896
11910.5, -0.327826
11911, -0.321724
11911.5, -0.324775
11912, -0.330877
11912.5, -0.376641
11913, -0.37359
11913.5, -0.397998
11914, -0.379692
11914.5, -0.343081
11915, -0.352234
11915.5, -0.327826
11916, -0.330877
11916.5, -0.37359
11917, -0.388845
11917.5, -0.379692
11918, -0.37359
11918.5, -0.336979
11919, -0.318673
11919.5, -0.336979
11920, -0.370539
11920.5, -0.358336
11921, -0.376641
11921.5, -0.367488
11922, -0.300367
11922.5, -0.321724
11923, -0.330877
11923.5, -0.327826
11924, -0.388845
11924.5, -0.349183
11925, -0.388845
11925.5, -0.358336
11926, -0.312571
11926.5, -0.333928
11927, -0.321724
11927.5, -0.327826
11928, -0.376641
11928.5, -0.376641
11929, -0.382743
11929.5, -0.388845
11930, -0.333928
11930.5, -0.318673
11931, -0.333928
11931.5, -0.343081
11932, -0.37359
11932.5, -0.376641
11933, -0.367488
11933.5, -0.330877
11934, -0.34003
11934.5, -0.34003
11935, -0.364437
11935.5, -0.382743
11936, -0.37359
11936.5, -0.364437
11937, -0.382743
11937.5, -0.312571
11938, -0.379692
11938.5, -0.361386
11939, -0.346132
11939.5, -0.370539
11940, -0.370539
11940.5, -0.385794
11941, -0.376641
11941.5, -0.333928
11942, -0.330877
11942.5, -0.330877
11943, -0.358336
11943.5, -0.385794
11944, -0.364437
11944.5, -0.367488
11945, -0.364437
11945.5, -0.324775
11946, -0.367488
11946.5, -0.336979
11947, -0.361386
11947.5, -0.397998
11948, -0.361386
11948.5, -0.367488
11949, -0.355285
11949.5, -0.330877
11950, -0.364437
11950.5, -0.346132
11951, -0.364437
11951.5, -0.388845
11952, -0.358336
11952.5, -0.397998
11953, -0.364437
11953.5, -0.346132
11954, -0.367488
11954.5, -0.34003
11955, -0.367488
11955.5, -0.382743
11956, -0.349183
11956.5, -0.388845
11957, -0.352234
11957.5, -0.34003
11958, -0.37359
11958.5, -0.382743
11959, -0.361386
11959.5, -0.370539
11960, -0.364437
11960.5, -0.37359
11961, -0.349183
11961.5, -0.361386
11962, -0.355285
11962.5, -0.379692
11963, -0.358336
11963.5, -0.352234
11964, -0.361386
11964.5, -0.352234
11965, -0.367488
11965.5, -0.358336
11966, -0.355285
11966.5, -0.367488
11967, -0.382743
11967.5, -0.37359
11968, -0.367488
11968.5, -0.343081
11969, -0.361386
11969.5, -0.355285
11970, -0.349183
11970.5, -0.370539
11971, -0.367488
11971.5, -0.355285
11972, -0.358336
11972.5, -0.370539
11973, -0.349183
11973.5, -0.370539
11974, -0.376641
11974.5, -0.367488
11975, -0.358336
11975.5, -0.367488
11976, -0.367488
11976.5, -0.343081
11977, -0.355285
11977.5, -0.367488
11978, -0.364437
11978.5, -0.358336
11979, -0.376641
11979.5, -0.37359
11980, -0.358336
11980.5, -0.330877
11981, -0.336979
11981.5, -0.358336
11982, -0.361386
11982.5, -0.364437
11983, -0.37359
11983.5, -0.370539
11984, -0.330877
11984.5, -0.361386
11985, -0.349183
11985.5, -0.367488
11986, -0.361386
11986.5, -0.358336
11987, -0.376641
11987.5, -0.364437
11988, -0.34003
11988.5, -0.355285
11989, -0.336979
11989.5, -0.367488
11990, -0.367488
11990.5, -0.361386
11991, -0.385794
11991.5, -0.352234
11992, -0.330877
11992.5, -0.358336
11993, -0.352234
11993.5, -0.370539
11994, -0.355285
11994.5, -0.361386
11995, -0.382743
11995.5, -0.370539
11996, -0.346132
11996.5, -0.361386
11997, -0.358336
11997.5, -0.370539
11998, -0.379692
11998.5, -0.370539
11999, -0.333928
11999.5, -0.364437
12000, -0.343081
12000.5, -0.355285
12001, -0.358336
12001.5, -0.364437
12002, -0.376641
12002.5, -0.364437
12003, -0.343081
12003.5, -0.367488
12004, -0.346132
12004.5, -0.346132
12005, -0.376641
12005.5, -0.37359
12006, -0.376641
12006.5, -0.367488
12007, -0.349183
12007.5, -0.361386
12008, -0.34003
12008.5, -0.370539
12009, -0.37359
12009.5, -0.379692
12010, -0.37359
12010.5, -0.343081
12011, -0.321724
12011.5, -0.349183
12012, -0.330877
12012.5, -0.361386
12013, -0.376641
12013.5, -0.376641
12014, -0.379692
12014.5, -0.37359
12015, -0.355285
12015.5, -0.343081
12016, -0.349183
12016.5, -0.355285
12017, -0.385794
12017.5, -0.37359
12018, -0.391896
12018.5, -0.333928
12019, -0.346132
12019.5, -0.343081
12020, -0.330877
12020.5, -0.367488
12021, -0.376641
12021.5, -0.379692
12022, -0.358336
12022.5, -0.34003
12023, -0.352234
12023.5, -0.349183
12024, -0.397998
12024.5, -0.370539
12025, -0.397998
12025.5, -0.379692
12026, -0.306469
12026.5, -0.327826
12027, -0.330877
12027.5, -0.367488
12028, -0.358336
12028.5, -0.367488
12029, -0.370539
12029.5, -0.370539
12030, -0.324775
12030.5, -0.315622
12031, -0.330877
12031.5, -0.330877
12032, -0.382743
12032.5, -0.367488
12033, -0.376641
12033.5, -0.391896
12034, -0.315622
12034.5, -0.321724
12035, -0.352234
12035.5, -0.355285
12036, -0.379692
12036.5, -0.37359
12037, -0.379692
12037.5, -0.333928
12038, -0.30952
12038.5, -0.349183
12039, -0.34003
12039.5, -0.361386
12040, -0.382743
12040.5, -0.379692
12041, -0.376641
12041.5, -0.327826
12042, -0.30952
12042.5, -0.343081
12043, -0.349183
12043.5, -0.364437
12044, -0.4041
12044.5, -0.355285
12045, -0.370539
12045.5, -0.303418
12046, -0.321724
12046.5, -0.346132
12047, -0.346132
12047.5, -0.4041
12048, -0.385794
12048.5, -0.379692
12049, -0.394947
12049.5, -0.318673
12050, -0.346132
12050.5, -0.318673
12051, -0.37359
12051.5, -0.385794
12052, -0.385794
12052.5, -0.385794
12053, -0.352234
12053.5, -0.324775
12054, -0.355285
12054.5, -0.327826
12055, -0.358336
12055.5, -0.401049
12056, -0.370539
12056.5, -0.397998
12057, -0.333928
12057.5, -0.303418
12058, -0.355285
12058.5, -0.333928
12059, -0.361386
12059.5, -0.376641
12060, -0.361386
12060.5, -0.388845
12061, -0.324775
12061.5, -0.315622
12062, -0.361386
12062.5, -0.355285
12063, -0.379692
12063.5, -0.385794
12064, -0.358336
12064.5, -0.321724
12065, -0.364437
12065.5, -0.318673
12066, -0.355285
12066.5, -0.394947
12067, -0.367488
12067.5, -0.382743
12068, -0.370539
12068.5, -0.275959
12069, -0.355285
12069.5, -0.333928
12070, -0.361386
12070.5, -0.385794
12071, -0.358336
12071.5, -0.394947
12072, -0.364437
12072.5, -0.294265
12073, -0.370539
12073.5, -0.336979
12074, -0.358336
12074.5, -0.379692
12075, -0.364437
12075.5, -0.413253
12076, -0.37359
12076.5, -0.349183
12077, -0.355285
12077.5, -0.333928
12078, -0.358336
12078.5, -0.370539
12079, -0.367488
12079.5, -0.382743
12080, -0.361386
12080.5, -0.330877
12081, -0.355285
12081.5, -0.370539
12082, -0.361386
12082.5, -0.37359
12083, -0.358336
12083.5, -0.391896
12084, -0.358336
12084.5, -0.355285
12085, -0.343081
12085.5, -0.367488
12086, -0.364437
12086.5, -0.352234
12087, -0.361386
12087.5, -0.391896
12088, -0.361386
12088.5, -0.318673
12089, -0.343081
12089.5, -0.352234
12090, -0.37359
12090.5, -0.367488
12091, -0.361386
12091.5, -0.34003
12092, -0.37359
12092.5, -0.352234
12093, -0.355285
12093.5, -0.364437
12094, -0.355285
12094.5, -0.382743
12095, -0.364437
12095.5, -0.352234
12096, -0.361386
12096.5, -0.358336
12097, -0.361386
12097.5, -0.37359
12098, -0.379692
12098.5, -0.370539
12099, -0.367488
12099.5, -0.370539
12100, -0.324775
12100.5, -0.367488
12101, -0.361386
12101.5, -0.367488
12102, -0.367488
12102.5, -0.361386
12103, -0.343081
12103.5, -0.370539
12104, -0.358336
12104.5, -0.370539
12105, -0.349183
12105.5, -0.361386
12106, -0.379692
12106.5, -0.361386
12107, -0.352234
12107.5, -0.364437
12108, -0.336979
12108.5, -0.336979
12109, -0.37359
12109.5, -0.370539
12110, -0.37359
12110.5, -0.355285
12111, -0.355285
12111.5, -0.361386
12112, -0.355285
12112.5, -0.367488
12113, -0.376641
12113.5, -0.376641
12114, -0.388845
12114.5, -0.355285
12115, -0.346132
12115.5, -0.355285
12116, -0.352234
12116.5, -0.364437
12117, -0.367488
12117.5, -0.361386
12118, -0.376641
12118.5, -0.364437
12119, -0.324775
12119.5, -0.346132
12120, -0.336979
12120.5, -0.367488
12121, -0.37359
12121.5, -0.367488
12122, -0.376641
12122.5, -0.346132
12123, -0.321724
12123.5, -0.346132
12124, -0.349183
12124.5, -0.358336
12125, -0.376641
12125.5, -0.367488
12126, -0.401049
12126.5, -0.336979
12127, -0.30952
12127.5, -0.367488
12128, -0.349183
12128.5, -0.379692
12129, -0.376641
12129.5, -0.37359
12130, -0.346132
12130.5, -0.367488
12131, -0.346132
12131.5, -0.343081
12132, -0.379692
12132.5, -0.370539
12133, -0.379692
12133.5, -0.379692
12134, -0.333928
12134.5, -0.327826
12135, -0.330877
12135.5, -0.333928
12136, -0.367488
12136.5, -0.37359
12137, -0.388845
12137.5, -0.382743
12138, -0.315622
12138.5, -0.34003
12139, -0.343081
12139.5, -0.352234
12140, -0.376641
12140.5, -0.352234
12141, -0.379692
12141.5, -0.343081
12142, -0.315622
12142.5, -0.343081
12143, -0.346132
12143.5, -0.379692
12144, -0.37359
12144.5, -0.391896
12145, -0.394947
12145.5, -0.321724
12146, -0.294265
12146.5, -0.327826
12147, -0.324775
12147.5, -0.367488
12148, -0.382743
12148.5, -0.379692
12149, -0.397998
12149.5, -0.336979
12150, -0.303418
12150.5, -0.336979
12151, -0.343081
12151.5, -0.382743
12152, -0.364437
12152.5, -0.379692
12153, -0.327826
12153.5, -0.324775
12154, -0.330877
12154.5, -0.34003
12155, -0.385794
12155.5, -0.364437
12156, -0.401049
12156.5, -0.388845
12157, -0.297316
12157.5, -0.327826
12158, -0.34003
12158.5, -0.349183
12159, -0.376641
12159.5, -0.376641
12160, -0.388845
12160.5, -0.391896
12161, -0.297316
12161.5, -0.333928
12162, -0.330877
12162.5, -0.336979
12163, -0.391896
12163.5, -0.37359
12164, -0.382743
12164.5, -0.379692
12165, -0.312571
12165.5, -0.330877
12166, -0.343081
12166.5, -0.364437
12167, -0.391896
12167.5, -0.370539
12168, -0.407151
12168.5, -0.30952
12169, -0.318673
12169.5, -0.324775
12170, -0.336979
12170.5, -0.391896
12171, -0.382743
12171.5, -0.376641
12172, -0.407151
12172.5, -0.343081
12173, -0.349183
12173.5, -0.34003
12174, -0.355285
12174.5, -0.397998
12175, -0.37359
12175.5, -0.394947
12176, -0.394947
12176.5, -0.297316
12177, -0.315622
12177.5, -0.324775
12178, -0.330877
12178.5, -0.394947
12179, -0.361386
12179.5, -0.397998
12180, -0.336979
12180.5, -0.315622
12181, -0.37359
12181.5, -0.333928
12182, -0.385794
12182.5, -0.376641
12183, -0.370539
12183.5, -0.397998
12184, -0.349183
12184.5, -0.315622
12185, -0.364437
12185.5, -0.327826
12186, -0.364437
12186.5, -0.37359
12187, -0.358336
12187.5, -0.382743
12188, -0.367488
12188.5, -0.30952
12189, -0.367488
12189.5, -0.336979
12190, -0.370539
12190.5, -0.385794
12191, -0.367488
12191.5, -0.376641
12192, -0.379692
12192.5, -0.352234
12193, -0.367488
12193.5, -0.391896
12194, -0.379692
12194.5, -0.401049
12195, -0.361386
12195.5, -0.321724
12196, -0.367488
12196.5, -0.355285
12197, -0.361386
12197.5, -0.370539
12198, -0.358336
12198.5, -0.361386
12199, -0.370539
12199.5, -0.321724
12200, -0.358336
12200.5, -0.346132
12201, -0.364437
12201.5, -0.361386
12202, -0.364437
12202.5, -0.376641
12203, -0.358336
12203.5, -0.333928
12204, -0.349183
12204.5, -0.34003
12205, -0.364437
12205.5, -0.364437
12206, -0.376641
12206.5, -0.382743
12207, -0.37359
12207.5, -0.318673
12208, -0.349183
12208.5, -0.364437
12209, -0.379692
12209.5, -0.361386
12210, -0.364437
12210.5, -0.364437
12211, -0.364437
12211.5, -0.355285
12212, -0.367488
12212.5, -0.370539
12213, -0.367488
12213.5, -0.391896
12214, -0.370539
12214.5, -0.370539
12215, -0.370539
12215.5, -0.34003
12216, -0.352234
12216.5, -0.352234
12217, -0.361386
12217.5, -0.37359
12218, -0.37359
12218.5, -0.370539
12219, -0.343081
12219.5, -0.349183
12220, -0.352234
12220.5, -0.370539
12221, -0.376641
12221.5, -0.364437
12222, -0.370539
12222.5, -0.367488
12223, -0.336979
12223.5, -0.361386
12224, -0.358336
12224.5, -0.364437
12225, -0.379692
12225.5, -0.358336
12226, -0.370539
12226.5, -0.364437
12227, -0.34003
12227.5, -0.37359
12228, -0.336979
12228.5, -0.379692
12229, -0.355285
12229.5, -0.361386
12230, -0.388845
12230.5, -0.358336
12231, -0.352234
12231.5, -0.370539
12232, -0.37359
12232.5, -0.388845
12233, -0.382743
12233.5, -0.361386
12234, -0.34003
12234.5, -0.364437
12235, -0.343081
12235.5, -0.349183
12236, -0.376641
12236.5, -0.382743
12237, -0.379692
12237.5, -0.376641
12238, -0.330877
12238.5, -0.352234
12239, -0.343081
12239.5, -0.355285
12240, -0.37359
12240.5, -0.370539
12241, -0.379692
12241.5, -0.361386
12242, -0.324775
12242.5, -0.361386
12243, -0.349183
12243.5, -0.346132
12244, -0.376641
12244.5, -0.364437
12245, -0.382743
12245.5, -0.358336
12246, -0.330877
12246.5, -0.358336
12247, -0.324775
12247.5, -0.37359
12248, -0.379692
12248.5, -0.355285
12249, -0.394947
12249.5, -0.364437
12250, -0.333928
12250.5, -0.333928
12251, -0.343081
12251.5, -0.361386
12252, -0.367488
12252.5, -0.364437
12253, -0.385794
12253.5, -0.324775
12254, -0.333928
12254.5, -0.343081
12255, -0.333928
12255.5, -0.37359
12256, -0.385794
12256.5, -0.370539
12257, -0.318673
12257.5, -0.333928
12258, -0.321724
12258.5, -0.343081
12259, -0.37359
12259.5, -0.346132
12260, -0.385794
12260.5, -0.376641
12261, -0.30952
12261.5, -0.343081
12262, -0.306469
12262.5, -0.346132
12263, -0.407151
12263.5, -0.37359
12264, -0.382743
12264.5, -0.37359
12265, -0.297316
12265.5, -0.318673
12266, -0.330877
12266.5, -0.346132
12267, -0.379692
12267.5, -0.355285
12268, -0.413253
12268.5, -0.361386
12269, -0.306469
12269.5, -0.336979
12270, -0.315622
12270.5, -0.367488
12271, -0.382743
12271.5, -0.376641
12272, -0.401049
12272.5, -0.333928
12273, -0.321724
12273.5, -0.333928
12274, -0.336979
12274.5, -0.376641
12275, -0.376641
12275.5, -0.379692
12276, -0.394947
12276.5, -0.336979
12277, -0.315622
12277.5, -0.34003
12278, -0.343081
12278.5, -0.364437
12279, -0.379692
12279.5, -0.376641
12280, -0.397998
12280.5, -0.336979
12281, -0.312571
12281.5, -0.349183
12282, -0.355285
12282.5, -0.37359
12283, -0.401049
12283.5, -0.376641
12284, -0.291214
12284.5, -0.343081
12285, -0.318673
12285.5, -0.346132
12286, -0.376641
12286.5, -0.355285
12287, -0.382743
12287.5, -0.361386
12288, -0.300367
12288.5, -0.318673
12289, -0.315622
12289.5, -0.343081
12290, -0.388845
12290.5, -0.382743
12291, -0.401049
12291.5, -0.367488
12292, -0.333928
12292.5, -0.321724
12293, -0.358336
12293.5, -0.346132
12294, -0.382743
12294.5, -0.361386
12295, -0.358336
12295.5, -0.333928
12296, -0.315622
12296.5, -0.352234
12297, -0.352234
12297.5, -0.376641
12298, -0.382743
12298.5, -0.401049
12299, -0.379692
12299.5, -0.321724
12300, -0.315622
12300.5, -0.34003
12301, -0.358336
12301.5, -0.370539
12302, -0.358336
12302.5, -0.376641
12303, -0.361386
12303.5, -0.346132
12304, -0.312571
12304.5, -0.330877
12305, -0.352234
12305.5, -0.382743
12306, -0.364437
12306.5, -0.391896
12307, -0.370539
12307.5, -0.318673
12308, -0.327826
12308.5, -0.333928
12309, -0.361386
12309.5, -0.382743
12310, -0.367488
12310.5, -0.364437
12311, -0.358336
12311.5, -0.294265
12312, -0.364437
12312.5, -0.349183
12313, -0.364437
12313.5, -0.379692
12314, -0.358336
12314.5, -0.385794
12315, -0.361386
12315.5, -0.318673
12316, -0.352234
12316.5, -0.358336
12317, -0.367488
12317.5, -0.379692
12318, -0.361386
12318.5, -0.385794
12319, -0.370539
12319.5, -0.315622
12320, -0.367488
12320.5, -0.333928
12321, -0.364437
12321.5, -0.385794
12322, -0.361386
12322.5, -0.34003
12323, -0.355285
12323.5, -0.370539
12324, -0.358336
12324.5, -0.385794
12325, -0.37359
12325.5, -0.37359
12326, -0.37359
12326.5, -0.330877
12327, -0.364437
12327.5, -0.349183
12328, -0.349183
12328.5, -0.379692
12329, -0.370539
12329.5, -0.364437
12330, -0.352234
12330.5, -0.355285
12331, -0.355285
12331.5, -0.355285
12332, -0.364437
12332.5, -0.37359
12333, -0.370539
12333.5, -0.376641
12334, -0.37359
12334.5, -0.336979
12335, -0.349183
12335.5, -0.370539
12336, -0.37359
12336.5, -0.382743
12337, -0.37359
12337.5, -0.376641
12338, -0.370539
12338.5, -0.34003
12339, -0.349183
12339.5, -0.361386
12340, -0.37359
12340.5, -0.349183
12341, -0.370539
12341.5, -0.361386
12342, -0.34003
12342.5, -0.358336
12343, -0.349183
12343.5, -0.367488
12344, -0.37359
12344.5, -0.349183
12345, -0.37359
12345.5, -0.358336
12346, -0.364437
12346.5, -0.346132
12347, -0.358336
12347.5, -0.367488
12348, -0.367488
12348.5, -0.358336
12349, -0.370539
12349.5, -0.361386
12350, -0.358336
12350.5, -0.361386
12351, -0.349183
12351.5, -0.37359
12352, -0.361386
12352.5, -0.355285
12353, -0.385794
12353.5, -0.358336
12354, -0.349183
12354.5, -0.352234
12355, -0.355285
12355.5, -0.376641
12356, -0.364437
12356.5, -0.358336
12357, -0.367488
12357.5, -0.361386
12358, -0.333928
12358.5, -0.358336
12359, -0.355285
12359.5, -0.37359
12360, -0.364437
12360.5, -0.361386
12361, -0.370539
12361.5, -0.367488
12362, -0.330877
12362.5, -0.355285
12363, -0.367488
12363.5, -0.364437
12364, -0.382743
12364.5, -0.364437
12365, -0.312571
12365.5, -0.364437
12366, -0.343081
12366.5, -0.361386
12367, -0.367488
12367.5, -0.361386
12368, -0.379692
12368.5, -0.361386
12369, -0.343081
12369.5, -0.367488
12370, -0.34003
12370.5, -0.352234
12371, -0.364437
12371.5, -0.367488
12372, -0.370539
12372.5, -0.367488
12373, -0.349183
12373.5, -0.321724
12374, -0.358336
12374.5, -0.352234
12375, -0.379692
12375.5, -0.37359
12376, -0.376641
12376.5, -0.333928
12377, -0.330877
12377.5, -0.349183
12378, -0.352234
12378.5, -0.376641
12379, -0.370539
12379.5, -0.367488
12380, -0.401049
12380.5, -0.324775
12381, -0.333928
12381.5, -0.34003
12382, -0.333928
12382.5, -0.364437
12383, -0.367488
12383.5, -0.37359
12384, -0.37359
12384.5, -0.34003
12385, -0.318673
12385.5, -0.349183
12386, -0.361386
12386.5, -0.352234
12387, -0.394947
12387.5, -0.364437
12388, -0.34003
12388.5, -0.34003
12389, -0.330877
12389.5, -0.346132
12390, -0.370539
12390.5, -0.358336
12391, -0.388845
12391.5, -0.376641
12392, -0.306469
12392.5, -0.343081
12393, -0.361386
12393.5, -0.336979
12394, -0.376641
12394.5, -0.364437
12395, -0.391896
12395.5, -0.379692
12396, -0.321724
12396.5, -0.370539
12397, -0.364437
12397.5, -0.343081
12398, -0.382743
12398.5, -0.37359
12399, -0.388845
12399.5, -0.385794
12400, -0.303418
12400.5, -0.352234
12401, -0.324775
12401.5, -0.349183
12402, -0.37359
12402.5, -0.361386
12403, -0.385794
12403.5, -0.349183
12404, -0.318673
12404.5, -0.358336
12405, -0.324775
12405.5, -0.376641
12406, -0.382743
12406.5, -0.364437
12407, -0.394947
12407.5, -0.330877
12408, -0.303418
12408.5, -0.352234
12409, -0.352234
12409.5, -0.367488
12410, -0.370539
12410.5, -0.367488
12411, -0.394947
12411.5, -0.327826
12412, -0.321724
12412.5, -0.343081
12413, -0.355285
12413.5, -0.382743
12414, -0.37359
12414.5, -0.379692
12415, -0.330877
12415.5, -0.315622
12416, -0.370539
12416.5, -0.330877
12417, -0.367488
12417.5, -0.382743
12418, -0.376641
12418.5, -0.407151
12419, -0.361386
12419.5, -0.333928
12420, -0.370539
12420.5, -0.343081
12421, -0.361386
12421.5, -0.37359
12422, -0.361386
12422.5, -0.4041
12423, -0.358336
12423.5, -0.321724
12424, -0.364437
12424.5, -0.346132
12425, -0.379692
12425.5, -0.376641
12426, -0.358336
12426.5, -0.312571
12427, -0.352234
12427.5, -0.343081
12428, -0.367488
12428.5, -0.364437
12429, -0.367488
12429.5, -0.379692
12430, -0.358336
12430.5, -0.324775
12431, -0.34003
12431.5, -0.361386
12432, -0.358336
12432.5, -0.382743
12433, -0.358336
12433.5, -0.391896
12434, -0.361386
12434.5, -0.30952
12435, -0.352234
12435.5, -0.355285
12436, -0.382743
12436.5, -0.394947
12437, -0.346132
12437.5, -0.376641
12438, -0.370539
12438.5, -0.343081
12439, -0.349183
12439.5, -0.333928
12440, -0.37359
12440.5, -0.37359
12441, -0.355285
12441.5, -0.397998
12442, -0.349183
12442.5, -0.367488
12443, -0.361386
12443.5, -0.336979
12444, -0.385794
12444.5, -0.367488
12445, -0.361386
12445.5, -0.358336
12446, -0.358336
12446.5, -0.343081
12447, -0.361386
12447.5, -0.370539
12448, -0.37359
12448.5, -0.361386
12449, -0.367488
12449.5, -0.37359
12450, -0.358336
12450.5, -0.34003
12451, -0.355285
12451.5, -0.367488
12452, -0.355285
12452.5, -0.358336
12453, -0.361386
12453.5, -0.346132
12454, -0.370539
12454.5, -0.34003
12455, -0.336979
12455.5, -0.364437
12456, -0.37359
12456.5, -0.358336
12457, -0.352234
12457.5, -0.333928
12458, -0.37359
12458.5, -0.355285
12459, -0.355285
12459.5, -0.352234
12460, -0.367488
12460.5, -0.388845
12461, -0.364437
12461.5, -0.370539
12462, -0.352234
12462.5, -0.361386
12463, -0.361386
12463.5, -0.364437
12464, -0.385794
12464.5, -0.349183
12465, -0.343081
12465.5, -0.364437
12466, -0.336979
12466.5, -0.376641
12467, -0.370539
12467.5, -0.355285
12468, -0.382743
12468.5, -0.355285
12469, -0.346132
12469.5, -0.364437
12470, -0.355285
12470.5, -0.364437
12471, -0.352234
12471.5, -0.370539
12472, -0.370539
12472.5, -0.367488
12473, -0.346132
12473.5, -0.336979
12474, -0.346132
12474.5, -0.349183
12475, -0.361386
12475.5, -0.367488
12476, -0.37359
12476.5, -0.352234
12477, -0.349183
12477.5, -0.361386
12478, -0.343081
12478.5, -0.355285
12479, -0.367488
12479.5, -0.361386
12480, -0.367488
12480.5, -0.370539
12481, -0.349183
12481.5, -0.358336
12482, -0.355285
12482.5, -0.370539
12483, -0.385794
12483.5, -0.379692
12484, -0.379692
12484.5, -0.367488
12485, -0.333928
12485.5, -0.358336
12486, -0.346132
12486.5, -0.37359
12487, -0.370539
12487.5, -0.379692
12488, -0.37359
12488.5, -0.349183
12489, -0.318673
12489.5, -0.349183
12490, -0.355285
12490.5, -0.367488
12491, -0.370539
12491.5, -0.376641
12492, -0.346132
12492.5, -0.355285
12493, -0.336979
12493.5, -0.349183
12494, -0.376641
12494.5, -0.367488
12495, -0.364437
12495.5, -0.376641
12496, -0.318673
12496.5, -0.318673
12497, -0.330877
12497.5, -0.346132
12498, -0.370539
12498.5, -0.364437
12499, -0.358336
12499.5, -0.37359
12500, -0.318673
12500.5, -0.346132
12501, -0.352234
12501.5, -0.355285
12502, -0.382743
12502.5, -0.370539
12503, -0.37359
12503.5, -0.336979
12504, -0.315622
12504.5, -0.34003
12505, -0.330877
12505.5, -0.358336
12506, -0.376641
12506.5, -0.370539
12507, -0.394947
12507.5, -0.349183
12508, -0.336979
12508.5, -0.349183
12509, -0.343081
12509.5, -0.37359
12510, -0.364437
12510.5, -0.37359
12511, -0.382743
12511.5, -0.315622
12512, -0.327826
12512.5, -0.346132
12513, -0.330877
12513.5, -0.364437
12514, -0.355285
12514.5, -0.379692
12515, -0.4041
12515.5, -0.34003
12516, -0.330877
12516.5, -0.333928
12517, -0.364437
12517.5, -0.361386
12518, -0.391896
12518.5, -0.382743
12519, -0.327826
12519.5, -0.352234
12520, -0.34003
12520.5, -0.346132
12521, -0.388845
12521.5, -0.379692
12522, -0.391896
12522.5, -0.385794
12523, -0.327826
12523.5, -0.352234
12524, -0.330877
12524.5, -0.349183
12525, -0.361386
12525.5, -0.367488
12526, -0.401049
12526.5, -0.385794
12527, -0.336979
12527.5, -0.327826
12528, -0.330877
12528.5, -0.346132
12529, -0.379692
12529.5, -0.376641
12530, -0.4041
12530.5, -0.364437
12531, -0.303418
12531.5, -0.321724
12532, -0.34003
12532.5, -0.376641
12533, -0.376641
12533.5, -0.370539
12534, -0.391896
12534.5, -0.312571
12535, -0.333928
12535.5, -0.333928
12536, -0.330877
12536.5, -0.385794
12537, -0.379692
12537.5, -0.370539
12538, -0.379692
12538.5, -0.343081
12539, -0.346132
12539.5, -0.324775
12540, -0.370539
12540.5, -0.370539
12541, -0.355285
12541.5, -0.379692
12542, -0.364437
12542.5, -0.324775
12543, -0.349183
12543.5, -0.333928
12544, -0.370539
12544.5, -0.376641
12545, -0.370539
12545.5, -0.394947
12546, -0.352234
12546.5, -0.330877
12547, -0.349183
12547.5, -0.34003
12548, -0.361386
12548.5, -0.385794
12549, -0.367488
12549.5, -0.401049
12550, -0.358336
12550.5, -0.324775
12551, -0.358336
12551.5, -0.330877
12552, -0.37359
12552.5, -0.379692
12553, -0.364437
12553.5, -0.394947
12554, -0.364437
12554.5, -0.355285
12555, -0.361386
12555.5, -0.376641
12556, -0.37359
12556.5, -0.394947
12557, -0.358336
12557.5, -0.346132
12558, -0.376641
12558.5, -0.343081
12559, -0.370539
12559.5, -0.379692
12560, -0.361386
12560.5, -0.394947
12561, -0.355285
12561.5, -0.333928
12562, -0.355285
12562.5, -0.367488
12563, -0.355285
12563.5, -0.364437
12564, -0.376641
12564.5, -0.388845
12565, -0.367488
12565.5, -0.367488
12566, -0.343081
12566.5, -0.358336
12567, -0.361386
12567.5, -0.352234
12568, -0.361386
12568.5, -0.37359
12569, -0.358336
12569.5, -0.355285
12570, -0.349183
12570.5, -0.37359
12571, -0.355285
12571.5, -0.370539
12572, -0.361386
12572.5, -0.37359
12573, -0.361386
12573.5, -0.349183
12574, -0.352234
12574.5, -0.355285
12575, -0.361386
12575.5, -0.361386
12576, -0.361386
12576.5, -0.367488
12577, -0.364437
12577.5, -0.358336
12578, -0.349183
12578.5, -0.376641
12579, -0.361386
12579.5, -0.370539
12580, -0.364437
12580.5, -0.37359
12581, -0.361386
12581.5, -0.367488
12582, -0.355285
12582.5, -0.361386
12583, -0.367488
12583.5, -0.370539
12584, -0.37359
12584.5, -0.382743
12585, -0.349183
12585.5, -0.367488
12586, -0.349183
12586.5, -0.364437
12587, -0.367488
12587.5, -0.352234
12588, -0.364437
12588.5, -0.306469
12589, -0.321724
12589.5, -0.358336
12590, -0.343081
12590.5, -0.364437
12591, -0.376641
12591.5, -0.361386
12592, -0.382743
12592.5, -0.352234
12593, -0.355285
12593.5, -0.355285
12594, -0.355285
12594.5, -0.358336
12595, -0.370539
12595.5, -0.367488
12596, -0.34003
12596.5, -0.364437
12597, -0.349183
12597.5, -0.352234
12598, -0.376641
12598.5, -0.376641
12599, -0.361386
12599.5, -0.343081
12600, -0.343081
12600.5, -0.364437
12601, -0.343081
12601.5, -0.352234
12602, -0.382743
12602.5, -0.352234
12603, -0.370539
12603.5, -0.370539
12604, -0.333928
12604.5, -0.358336
12605, -0.355285
12605.5, -0.349183
12606, -0.361386
12606.5, -0.352234
12607, -0.376641
12607.5, -0.361386
12608, -0.327826
12608.5, -0.346132
12609, -0.352234
12609.5, -0.37359
12610, -0.376641
12610.5, -0.364437
12611, -0.379692
12611.5, -0.361386
12612, -0.333928
12612.5, -0.343081
12613, -0.343081
12613.5, -0.367488
12614, -0.367488
12614.5, -0.379692
12615, -0.397998
12615.5, -0.361386
12616, -0.327826
12616.5, -0.364437
12617, -0.355285
12617.5, -0.370539
12618, -0.37359
12618.5, -0.376641
12619, -0.355285
12619.5, -0.330877
12620, -0.352234
12620.5, -0.358336
12621, -0.391896
12621.5, -0.361386
12622, -0.370539
12622.5, -0.370539
12623, -0.318673
12623.5, -0.346132
12624, -0.355285
12624.5, -0.34003
12625, -0.346132
12625.5, -0.358336
12626, -0.376641
12626.5, -0.382743
12627, -0.30952
12627.5, -0.349183
12628, -0.34003
12628.5, -0.367488
12629, -0.379692
12629.5, -0.370539
12630, -0.391896
12630.5, -0.382743
12631, -0.306469
12631.5, -0.34003
12632, -0.333928
12632.5, -0.361386
12633, -0.349183
12633.5, -0.370539
12634, -0.382743
12634.5, -0.321724
12635, -0.312571
12635.5, -0.358336
12636, -0.333928
12636.5, -0.37359
12637, -0.382743
12637.5, -0.37359
12638, -0.385794
12638.5, -0.333928
12639, -0.318673
12639.5, -0.336979
12640, -0.333928
12640.5, -0.37359
12641, -0.370539
12641.5, -0.385794
12642, -0.379692
12642.5, -0.34003
12643, -0.321724
12643.5, -0.358336
12644, -0.333928
12644.5, -0.364437
12645, -0.385794
12645.5, -0.382743
12646, -0.34003
12646.5, -0.333928
12647, -0.336979
12647.5, -0.355285
12648, -0.376641
12648.5, -0.355285
12649, -0.37359
12649.5, -0.37359
12650, -0.321724
12650.5, -0.34003
12651, -0.358336
12651.5, -0.336979
12652, -0.391896
12652.5, -0.385794
12653, -0.364437
12653.5, -0.361386
12654, -0.306469
12654.5, -0.336979
12655, -0.34003
12655.5, -0.336979
12656, -0.385794
12656.5, -0.388845
12657, -0.364437
12657.5, -0.379692
12658, -0.330877
12658.5, -0.333928
12659, -0.355285
12659.5, -0.367488
12660, -0.370539
12660.5, -0.385794
12661, -0.361386
12661.5, -0.333928
12662, -0.352234
12662.5, -0.336979
12663, -0.358336
12663.5, -0.376641
12664, -0.37359
12664.5, -0.379692
12665, -0.367488
12665.5, -0.349183
12666, -0.358336
12666.5, -0.349183
12667, -0.367488
12667.5, -0.367488
12668, -0.376641
12668.5, -0.379692
12669, -0.382743
12669.5, -0.30952
12670, -0.370539
12670.5, -0.333928
12671, -0.361386
12671.5, -0.37359
12672, -0.361386
12672.5, -0.37359
12673, -0.349183
12673.5, -0.336979
12674, -0.361386
12674.5, -0.324775
12675, -0.349183
12675.5, -0.379692
12676, -0.355285
12676.5, -0.370539
12677, -0.367488
12677.5, -0.343081
12678, -0.346132
12678.5, -0.318673
12679, -0.361386
12679.5, -0.367488
12680, -0.355285
12680.5, -0.370539
12681, -0.367488
12681.5, -0.333928
12682, -0.370539
12682.5, -0.34003
12683, -0.367488
12683.5, -0.367488
12684, -0.364437
12684.5, -0.367488
12685, -0.364437
12685.5, -0.364437
12686, -0.367488
12686.5, -0.379692
12687, -0.358336
12687.5, -0.37359
12688, -0.370539
12688.5, -0.34003
12689, -0.364437
12689.5, -0.358336
12690, -0.361386
12690.5, -0.388845
12691, -0.364437
12691.5, -0.367488
12692, -0.358336
12692.5, -0.364437
12693, -0.367488
12693.5, -0.346132
12694, -0.352234
12694.5, -0.370539
12695, -0.376641
12695.5, -0.364437
12696, -0.349183
12696.5, -0.358336
12697, -0.358336
12697.5, -0.358336
12698, -0.379692
12698.5, -0.37359
12699, -0.352234
12699.5, -0.367488
12700, -0.37359
12700.5, -0.367488
12701, -0.349183
12701.5, -0.355285
12702, -0.37359
12702.5, -0.358336
12703, -0.370539
12703.5, -0.370539
12704, -0.34003
12704.5, -0.364437
12705, -0.34003
12705.5, -0.358336
12706, -0.370539
12706.5, -0.355285
12707, -0.358336
12707.5, -0.358336
12708, -0.336979
12708.5, -0.367488
12709, -0.355285
12709.5, -0.346132
12710, -0.361386
12710.5, -0.355285
12711, -0.367488
12711.5, -0.355285
12712, -0.327826
12712.5, -0.361386
12713, -0.343081
12713.5, -0.358336
12714, -0.370539
12714.5, -0.37359
12715, -0.367488
12715.5, -0.358336
12716, -0.343081
12716.5, -0.343081
12717, -0.312571
12717.5, -0.370539
12718, -0.367488
12718.5, -0.367488
12719, -0.37359
12719.5, -0.376641
12720, -0.358336
12720.5, -0.355285
12721, -0.349183
12721.5, -0.355285
12722, -0.370539
12722.5, -0.361386
12723, -0.358336
12723.5, -0.376641
12724, -0.349183
12724.5, -0.343081
12725, -0.376641
12725.5, -0.379692
12726, -0.376641
12726.5, -0.358336
12727, -0.333928
12727.5, -0.355285
12728, -0.321724
12728.5, -0.352234
12729, -0.352234
12729.5, -0.367488
12730, -0.394947
12730.5, -0.364437
12731, -0.330877
12731.5, -0.343081
12732, -0.346132
12732.5, -0.346132
12733, -0.358336
12733.5, -0.37359
12734, -0.385794
12734.5, -0.370539
12735, -0.333928
12735.5, -0.352234
12736, -0.336979
12736.5, -0.367488
12737, -0.358336
12737.5, -0.37359
12738, -0.370539
12738.5, -0.315622
12739, -0.346132
12739.5, -0.343081
12740, -0.343081
12740.5, -0.367488
12741, -0.364437
12741.5, -0.391896
12742, -0.385794
12742.5, -0.336979
12743, -0.312571
12743.5, -0.346132
12744, -0.349183
12744.5, -0.349183
12745, -0.361386
12745.5, -0.364437
12746, -0.379692
12746.5, -0.336979
12747, -0.312571
12747.5, -0.352234
12748, -0.333928
12748.5, -0.349183
12749, -0.385794
12749.5, -0.361386
12750, -0.330877
12750.5, -0.346132
12751, -0.327826
12751.5, -0.336979
12752, -0.379692
12752.5, -0.379692
12753, -0.382743
12753.5, -0.364437
12754, -0.358336
12754.5, -0.346132
12755, -0.343081
12755.5, -0.358336
12756, -0.376641
12756.5, -0.379692
12757, -0.397998
12757.5, -0.37359
12758, -0.330877
12758.5, -0.324775
12759, -0.34003
12759.5, -0.352234
12760, -0.379692
12760.5, -0.367488
12761, -0.394947
12761.5, -0.388845
12762, -0.327826
12762.5, -0.333928
12763, -0.34003
12763.5, -0.367488
12764, -0.382743
12764.5, -0.367488
12765, -0.376641
12765.5, -0.346132
12766, -0.30952
12766.5, -0.358336
12767, -0.34003
12767.5, -0.37359
12768, -0.376641
12768.5, -0.367488
12769, -0.382743
12769.5, -0.330877
12770, -0.312571
12770.5, -0.336979
12771, -0.37359
12771.5, -0.367488
12772, -0.385794
12772.5, -0.376641
12773, -0.391896
12773.5, -0.336979
12774, -0.349183
12774.5, -0.315622
12775, -0.352234
12775.5, -0.358336
12776, -0.370539
12776.5, -0.385794
12777, -0.346132
12777.5, -0.30952
12778, -0.37359
12778.5, -0.327826
12779, -0.379692
12779.5, -0.37359
12780, -0.361386
12780.5, -0.379692
12781, -0.361386
12781.5, -0.306469
12782, -0.358336
12782.5, -0.333928
12783, -0.355285
12783.5, -0.358336
12784, -0.370539
12784.5, -0.397998
12785, -0.352234
12785.5, -0.312571
12786, -0.352234
12786.5, -0.343081
12787, -0.364437
12787.5, -0.379692
12788, -0.364437
12788.5, -0.315622
12789, -0.358336
12789.5, -0.34003
12790, -0.364437
12790.5, -0.385794
12791, -0.361386
12791.5, -0.37359
12792, -0.361386
12792.5, -0.324775
12793, -0.370539
12793.5, -0.367488
12794, -0.352234
12794.5, -0.376641
12795, -0.349183
12795.5, -0.391896
12796, -0.376641
12796.5, -0.300367
12797, -0.361386
12797.5, -0.34003
12798, -0.37359
12798.5, -0.370539
12799, -0.370539
12799.5, -0.394947
12800, -0.349183
12800.5, -0.343081
12801, -0.352234
12801.5, -0.358336
12802, -0.364437
12802.5, -0.382743
12803, -0.364437
12803.5, -0.370539
12804, -0.355285
12804.5, -0.358336
12805, -0.34003
12805.5, -0.364437
12806, -0.364437
12806.5, -0.364437
12807, -0.349183
12807.5, -0.391896
12808, -0.364437
12808.5, -0.346132
12809, -0.358336
12809.5, -0.361386
12810, -0.361386
12810.5, -0.358336
12811, -0.376641
12811.5, -0.364437
12812, -0.370539
12812.5, -0.355285
12813, -0.336979
12813.5, -0.367488
12814, -0.37359
12814.5, -0.361386
12815, -0.37359
12815.5, -0.346132
12816, -0.358336
12816.5, -0.358336
12817, -0.343081
12817.5, -0.364437
12818, -0.364437
12818.5, -0.355285
12819, -0.37359
12819.5, -0.370539
12820, -0.376641
12820.5, -0.355285
12821, -0.349183
12821.5, -0.358336
12822, -0.367488
12822.5, -0.358336
12823, -0.355285
12823.5, -0.364437
12824, -0.343081
12824.5, -0.352234
12825, -0.349183
12825.5, -0.364437
12826, -0.364437
12826.5, -0.358336
12827, -0.333928
12827.5, -0.367488
12828, -0.343081
12828.5, -0.352234
12829, -0.358336
12829.5, -0.367488
12830, -0.388845
12830.5, -0.355285
12831, -0.361386
12831.5, -0.367488
12832, -0.34003
12832.5, -0.346132
12833, -0.370539
12833.5, -0.358336
12834, -0.388845
12834.5, -0.364437
12835, -0.358336
12835.5, -0.361386
12836, -0.361386
12836.5, -0.361386
12837, -0.364437
12837.5, -0.37359
12838, -0.379692
12838.5, -0.370539
12839, -0.352234
12839.5, -0.352234
12840, -0.349183
12840.5, -0.367488
12841, -0.358336
12841.5, -0.379692
12842, -0.364437
12842.5, -0.382743
12843, -0.321724
12843.5, -0.352234
12844, -0.358336
12844.5, -0.364437
12845, -0.376641
12845.5, -0.364437
12846, -0.37359
12846.5, -0.355285
12847, -0.352234
12847.5, -0.361386
12848, -0.358336
12848.5, -0.370539
12849, -0.37359
12849.5, -0.379692
12850, -0.382743
12850.5, -0.370539
12851, -0.330877
12851.5, -0.355285
12852, -0.352234
12852.5, -0.379692
12853, -0.376641
12853.5, -0.382743
12854, -0.321724
12854.5, -0.333928
12855, -0.336979
12855.5, -0.355285
12856, -0.382743
12856.5, -0.349183
12857, -0.370539
12857.5, -0.391896
12858, -0.343081
12858.5, -0.355285
12859, -0.361386
12859.5, -0.352234
12860, -0.370539
12860.5, -0.382743
12861, -0.37359
12861.5, -0.388845
12862, -0.34003
12862.5, -0.346132
12863, -0.361386
12863.5, -0.34003
12864, -0.37359
12864.5, -0.376641
12865, -0.367488
12865.5, -0.391896
12866, -0.318673
12866.5, -0.352234
12867, -0.336979
12867.5, -0.361386
12868, -0.385794
12868.5, -0.370539
12869, -0.407151
12869.5, -0.34003
12870, -0.318673
12870.5, -0.327826
12871, -0.327826
12871.5, -0.358336
12872, -0.376641
12872.5, -0.361386
12873, -0.385794
12873.5, -0.346132
12874, -0.30952
12874.5, -0.352234
12875, -0.349183
12875.5, -0.358336
12876, -0.364437
12876.5, -0.361386
12877, -0.382743
12877.5, -0.321724
12878, -0.336979
12878.5, -0.364437
12879, -0.358336
12879.5, -0.370539
12880, -0.385794
12880.5, -0.37359
12881, -0.336979
12881.5, -0.346132
12882, -0.336979
12882.5, -0.346132
12883, -0.388845
12883.5, -0.364437
12884, -0.382743
12884.5, -0.37359
12885, -0.312571
12885.5, -0.336979
12886, -0.333928
12886.5, -0.358336
12887, -0.376641
12887.5, -0.37359
12888, -0.385794
12888.5, -0.367488
12889, -0.324775
12889.5, -0.358336
12890, -0.34003
12890.5, -0.343081
12891, -0.376641
12891.5, -0.358336
12892, -0.385794
12892.5, -0.327826
12893, -0.343081
12893.5, -0.333928
12894, -0.37359
12894.5, -0.370539
12895, -0.352234
12895.5, -0.367488
12896, -0.382743
12896.5, -0.321724
12897, -0.346132
12897.5, -0.352234
12898, -0.343081
12898.5, -0.385794
12899, -0.358336
12899.5, -0.394947
12900, -0.382743
12900.5, -0.312571
12901, -0.361386
12901.5, -0.321724
12902, -0.361386
12902.5, -0.382743
12903, -0.352234
12903.5, -0.388845
12904, -0.361386
12904.5, -0.324775
12905, -0.343081
12905.5, -0.336979
12906, -0.376641
12906.5, -0.370539
12907, -0.358336
12907.5, -0.397998
12908, -0.37359
12908.5, -0.34003
12909, -0.352234
12909.5, -0.324775
12910, -0.358336
12910.5, -0.382743
12911, -0.361386
12911.5, -0.382743
12912, -0.349183
12912.5, -0.30952
12913, -0.358336
12913.5, -0.343081
12914, -0.355285
12914.5, -0.37359
12915, -0.361386
12915.5, -0.388845
12916, -0.358336
12916.5, -0.336979
12917, -0.352234
12917.5, -0.355285
12918, -0.361386
12918.5, -0.379692
12919, -0.358336
12919.5, -0.358336
12920, -0.370539
12920.5, -0.343081
12921, -0.37359
12921.5, -0.388845
12922, -0.355285
12922.5, -0.361386
12923, -0.361386
12923.5, -0.321724
12924, -0.355285
12924.5, -0.364437
12925, -0.355285
12925.5, -0.385794
12926, -0.367488
12926.5, -0.364437
12927, -0.361386
12927.5, -0.358336
12928, -0.349183
12928.5, -0.367488
12929, -0.349183
12929.5, -0.370539
12930, -0.37359
12930.5, -0.355285
12931, -0.361386
12931.5, -0.346132
12932, -0.352234
12932.5, -0.370539
12933, -0.367488
12933.5, -0.358336
12934, -0.358336
12934.5, -0.361386
12935, -0.343081
12935.5, -0.346132
12936, -0.336979
12936.5, -0.361386
12937, -0.361386
12937.5, -0.355285
12938, -0.361386
12938.5, -0.37359
12939, -0.346132
12939.5, -0.352234
12940, -0.367488
12940.5, -0.321724
12941, -0.361386
12941.5, -0.352234
12942, -0.367488
12942.5, -0.370539
12943, -0.352234
12943.5, -0.358336
12944, -0.349183
12944.5, -0.358336
12945, -0.37359
12945.5, -0.358336
12946, -0.37359
12946.5, -0.367488
12947, -0.358336
12947.5, -0.352234
12948, -0.355285
12948.5, -0.361386
12949, -0.382743
12949.5, -0.358336
12950, -0.382743
12950.5, -0.358336
12951, -0.324775
12951.5, -0.355285
12952, -0.352234
12952.5, -0.361386
12953, -0.370539
12953.5, -0.364437
12954, -0.388845
12954.5, -0.358336
12955, -0.333928
12955.5, -0.352234
12956, -0.343081
12956.5, -0.364437
12957, -0.367488
12957.5, -0.349183
12958, -0.343081
12958.5, -0.34003
12959, -0.355285
12959.5, -0.349183
12960, -0.37359
12960.5, -0.361386
12961, -0.361386
12961.5, -0.364437
12962, -0.330877
12962.5, -0.358336
12963, -0.355285
12963.5, -0.364437
12964, -0.370539
12964.5, -0.379692
12965, -0.364437
12965.5, -0.370539
12966, -0.321724
12966.5, -0.376641
12967, -0.355285
12967.5, -0.352234
12968, -0.364437
12968.5, -0.358336
12969, -0.382743
12969.5, -0.336979
12970, -0.336979
12970.5, -0.358336
12971, -0.346132
12971.5, -0.388845
12972, -0.358336
12972.5, -0.364437
12973, -0.385794
12973.5, -0.358336
12974, -0.330877
12974.5, -0.349183
12975, -0.352234
12975.5, -0.376641
12976, -0.382743
12976.5, -0.37359
12977, -0.37359
12977.5, -0.327826
12978, -0.349183
12978.5, -0.355285
12979, -0.343081
12979.5, -0.379692
12980, -0.382743
12980.5, -0.367488
12981, -0.37359
12981.5, -0.346132
12982, -0.349183
12982.5, -0.34003
12983, -0.367488
12983.5, -0.37359
12984, -0.382743
12984.5, -0.364437
12985, -0.330877
12985.5, -0.330877
12986, -0.327826
12986.5, -0.349183
12987, -0.388845
12987.5, -0.352234
12988, -0.397998
12988.5, -0.37359
12989, -0.346132
12989.5, -0.336979
12990, -0.333928
12990.5, -0.349183
12991, -0.376641
12991.5, -0.37359
12992, -0.401049
12992.5, -0.382743
12993, -0.300367
12993.5, -0.318673
12994, -0.333928
12994.5, -0.355285
12995, -0.382743
12995.5, -0.379692
12996, -0.376641
12996.5, -0.352234
12997, -0.324775
12997.5, -0.333928
12998, -0.327826
12998.5, -0.361386
12999, -0.388845
12999.5, -0.382743
13000, -0.394947
13000.5, -0.333928
13001, -0.318673
13001.5, -0.343081
13002, -0.336979
13002.5, -0.382743
13003, -0.379692
13003.5, -0.370539
13004, -0.376641
13004.5, -0.370539
13005, -0.364437
13005.5, -0.327826
13006, -0.361386
13006.5, -0.367488
13007, -0.394947
13007.5, -0.379692
13008, -0.379692
13008.5, -0.349183
13009, -0.34003
13009.5, -0.349183
13010, -0.352234
13010.5, -0.37359
13011, -0.370539
13011.5, -0.385794
13012, -0.346132
13012.5, -0.34003
13013, -0.349183
13013.5, -0.343081
13014, -0.367488
13014.5, -0.352234
13015, -0.379692
13015.5, -0.388845
13016, -0.352234
13016.5, -0.321724
13017, -0.349183
13017.5, -0.336979
13018, -0.364437
13018.5, -0.382743
13019, -0.37359
13019.5, -0.4041
13020, -0.364437
13020.5, -0.312571
13021, -0.358336
13021.5, -0.355285
13022, -0.376641
13022.5, -0.382743
13023, -0.352234
13023.5, -0.327826
13024, -0.346132
13024.5, -0.327826
13025, -0.37359
13025.5, -0.370539
13026, -0.376641
13026.5, -0.391896
13027, -0.355285
13027.5, -0.349183
13028, -0.355285
13028.5, -0.346132
13029, -0.376641
13029.5, -0.388845
13030, -0.358336
13030.5, -0.388845
13031, -0.364437
13031.5, -0.324775
13032, -0.361386
13032.5, -0.361386
13033, -0.361386
13033.5, -0.37359
13034, -0.367488
13034.5, -0.37359
13035, -0.361386
13035.5, -0.327826
13036, -0.358336
13036.5, -0.367488
13037, -0.37359
13037.5, -0.385794
13038, -0.358336
13038.5, -0.370539
13039, -0.352234
13039.5, -0.333928
13040, -0.355285
13040.5, -0.34003
13041, -0.367488
13041.5, -0.364437
13042, -0.358336
13042.5, -0.388845
13043, -0.358336
13043.5, -0.370539
13044, -0.361386
13044.5, -0.367488
13045, -0.376641
13045.5, -0.379692
13046, -0.352234
13046.5, -0.349183
13047, -0.364437
13047.5, -0.355285
13048, -0.343081
13048.5, -0.364437
13049, -0.379692
13049.5, -0.352234
13050, -0.370539
13050.5, -0.355285
13051, -0.358336
13051.5, -0.355285
13052, -0.349183
13052.5, -0.370539
13053, -0.370539
13053.5, -0.367488
13054, -0.355285
13054.5, -0.349183
13055, -0.336979
13055.5, -0.358336
13056, -0.346132
13056.5, -0.361386
13057, -0.355285
13057.5, -0.367488
13058, -0.37359
13058.5, -0.352234
13059, -0.349183
13059.5, -0.355285
13060, -0.358336
13060.5, -0.367488
13061, -0.361386
13061.5, -0.361386
13062, -0.330877
13062.5, -0.364437
13063, -0.349183
13063.5, -0.346132
13064, -0.37359
13064.5, -0.358336
13065, -0.358336
13065.5, -0.367488
13066, -0.355285
13066.5, -0.361386
13067, -0.346132
13067.5, -0.364437
13068, -0.388845
13068.5, -0.361386
13069, -0.379692
13069.5, -0.364437
13070, -0.336979
13070.5, -0.367488
13071, -0.34003
13071.5, -0.355285
13072, -0.37359
13072.5, -0.361386
13073, -0.37359
13073.5, -0.361386
13074, -0.349183
13074.5, -0.352234
13075, -0.318673
13075.5, -0.358336
13076, -0.352234
13076.5, -0.382743
13077, -0.37359
13077.5, -0.364437
13078, -0.34003
13078.5, -0.352234
13079, -0.346132
13079.5, -0.370539
13080, -0.37359
13080.5, -0.37359
13081, -0.370539
13081.5, -0.364437
13082, -0.349183
13082.5, -0.34003
13083, -0.343081
13083.5, -0.358336
13084, -0.364437
13084.5, -0.358336
13085, -0.364437
13085.5, -0.346132
13086, -0.349183
13086.5, -0.352234
13087, -0.343081
13087.5, -0.37359
13088, -0.370539
13088.5, -0.352234
13089, -0.34003
13089.5, -0.364437
13090, -0.352234
13090.5, -0.346132
13091, -0.364437
13091.5, -0.352234
13092, -0.370539
13092.5, -0.379692
13093, -0.349183
13093.5, -0.346132
13094, -0.343081
13094.5, -0.352234
13095, -0.364437
13095.5, -0.367488
13096, -0.37359
13096.5, -0.361386
13097, -0.343081
13097.5, -0.358336
13098, -0.346132
13098.5, -0.349183
13099, -0.382743
13099.5, -0.364437
13100, -0.370539
13100.5, -0.358336
13101, -0.318673
13101.5, -0.333928
13102, -0.358336
13102.5, -0.376641
13103, -0.367488
13103.5, -0.382743
13104, -0.37359
13104.5, -0.327826
13105, -0.315622
13105.5, -0.352234
13106, -0.361386
13106.5, -0.352234
13107, -0.382743
13107.5, -0.367488
13108, -0.370539
13108.5, -0.343081
13109, -0.30952
13109.5, -0.355285
13110, -0.333928
13110.5, -0.361386
13111, -0.379692
13111.5, -0.385794
13112, -0.355285
13112.5, -0.34003
13113, -0.324775
13113.5, -0.352234
13114, -0.385794
13114.5, -0.361386
13115, -0.397998
13115.5, -0.367488
13116, -0.333928
13116.5, -0.327826
13117, -0.321724
13117.5, -0.346132
13118, -0.388845
13118.5, -0.376641
13119, -0.394947
13119.5, -0.385794
13120, -0.336979
13120.5, -0.336979
13121, -0.327826
13121.5, -0.321724
13122, -0.382743
13122.5, -0.37359
13123, -0.379692
13123.5, -0.37359
13124, -0.315622
13124.5, -0.318673
13125, -0.349183
13125.5, -0.333928
13126, -0.391896
13126.5, -0.379692
13127, -0.37359
13127.5, -0.333928
13128, -0.349183
13128.5, -0.361386
13129, -0.349183
13129.5, -0.382743
13130, -0.379692
13130.5, -0.364437
13131, -0.385794
13131.5, -0.30952
13132, -0.343081
13132.5, -0.355285
13133, -0.364437
13133.5, -0.376641
13134, -0.364437
13134.5, -0.379692
13135, -0.385794
13135.5, -0.312571
13136, -0.34003
13136.5, -0.327826
13137, -0.370539
13137.5, -0.376641
13138, -0.352234
13138.5, -0.382743
13139, -0.376641
13139.5, -0.315622
13140, -0.364437
13140.5, -0.336979
13141, -0.376641
13141.5, -0.388845
13142, -0.370539
13142.5, -0.391896
13143, -0.364437
13143.5, -0.327826
13144, -0.370539
13144.5, -0.333928
13145, -0.367488
13145.5, -0.370539
13146, -0.361386
13146.5, -0.388845
13147, -0.343081
13147.5, -0.336979
13148, -0.361386
13148.5, -0.349183
13149, -0.37359
13149.5, -0.37359
13150, -0.364437
13150.5, -0.388845
13151, -0.358336
13151.5, -0.343081
13152, -0.358336
13152.5, -0.361386
13153, -0.34003
13153.5, -0.382743
13154, -0.355285
13154.5, -0.349183
13155, -0.361386
13155.5, -0.346132
13156, -0.367488
13156.5, -0.382743
13157, -0.358336
13157.5, -0.382743
13158, -0.361386
13158.5, -0.352234
13159, -0.361386
13159.5, -0.352234
13160, -0.358336
13160.5, -0.358336
13161, -0.367488
13161.5, -0.388845
13162, -0.352234
13162.5, -0.321724
13163, -0.358336
13163.5, -0.34003
13164, -0.358336
13164.5, -0.367488
13165, -0.364437
13165.5, -0.364437
13166, -0.361386
13166.5, -0.336979
13167, -0.358336
13167.5, -0.364437
13168, -0.367488
13168.5, -0.361386
13169, -0.355285
13169.5, -0.379692
13170, -0.352234
13170.5, -0.355285
13171, -0.349183
13171.5, -0.382743
13172, -0.37359
13172.5, -0.364437
13173, -0.355285
13173.5, -0.364437
13174, -0.352234
13174.5, -0.343081
13175, -0.349183
13175.5, -0.367488
13176, -0.364437
13176.5, -0.355285
13177, -0.367488
13177.5, -0.364437
13178, -0.382743
13178.5, -0.361386
13179, -0.361386
13179.5, -0.355285
13180, -0.379692
13180.5, -0.367488
13181, -0.370539
13181.5, -0.361386
13182, -0.343081
13182.5, -0.367488
13183, -0.355285
13183.5, -0.361386
13184, -0.379692
13184.5, -0.358336
13185, -0.358336
13185.5, -0.358336
13186, -0.330877
13186.5, -0.355285
13187, -0.349183
13187.5, -0.361386
13188, -0.364437
13188.5, -0.361386
13189, -0.37359
13189.5, -0.37359
13190, -0.346132
13190.5, -0.361386
13191, -0.349183
13191.5, -0.367488
13192, -0.382743
13192.5, -0.355285
13193, -0.355285
13193.5, -0.361386
13194, -0.34003
13194.5, -0.349183
13195, -0.355285
13195.5, -0.367488
13196, -0.370539
13196.5, -0.37359
13197, -0.343081
13197.5, -0.361386
13198, -0.352234
13198.5, -0.34003
13199, -0.370539
13199.5, -0.37359
13200, -0.361386
13200.5, -0.355285
13201, -0.333928
13201.5, -0.34003
13202, -0.361386
13202.5, -0.346132
13203, -0.364437
13203.5, -0.364437
13204, -0.355285
13204.5, -0.343081
13205, -0.346132
13205.5, -0.346132
13206, -0.34003
13206.5, -0.364437
13207, -0.376641
13207.5, -0.370539
13208, -0.370539
13208.5, -0.364437
13209, -0.349183
13209.5, -0.352234
13210, -0.34003
13210.5, -0.367488
13211, -0.370539
13211.5, -0.358336
13212, -0.367488
13212.5, -0.336979
13213, -0.346132
13213.5, -0.364437
13214, -0.346132
13214.5, -0.382743
13215, -0.358336
13215.5, -0.358336
13216, -0.355285
13216.5, -0.343081
13217, -0.349183
13217.5, -0.346132
13218, -0.364437
13218.5, -0.385794
13219, -0.37359
13219.5, -0.382743
13220, -0.321724
13220.5, -0.318673
13221, -0.349183
13221.5, -0.327826
13222, -0.382743
13222.5, -0.376641
13223, -0.379692
13223.5, -0.382743
13224, -0.318673
13224.5, -0.34003
13225, -0.333928
13225.5, -0.346132
13226, -0.382743
13226.5, -0.37359
13227, -0.385794
13227.5, -0.391896
13228, -0.315622
13228.5, -0.364437
13229, -0.324775
13229.5, -0.349183
13230, -0.379692
13230.5, -0.379692
13231, -0.379692
13231.5, -0.327826
13232, -0.321724
13232.5, -0.343081
13233, -0.34003
13233.5, -0.376641
13234, -0.385794
13234.5, -0.385794
13235, -0.391896
13235.5, -0.34003
13236, -0.324775
13236.5, -0.343081
13237, -0.355285
13237.5, -0.379692
13238, -0.376641
13238.5, -0.385794
13239, -0.397998
13239.5, -0.312571
13240, -0.343081
13240.5, -0.34003
13241, -0.358336
13241.5, -0.382743
13242, -0.382743
13242.5, -0.385794
13243, -0.327826
13243.5, -0.333928
13244, -0.330877
13244.5, -0.330877
13245, -0.391896
13245.5, -0.379692
13246, -0.388845
13246.5, -0.388845
13247, -0.315622
13247.5, -0.312571
13248, -0.361386
13248.5, -0.349183
13249, -0.388845
13249.5, -0.367488
13250, -0.385794
13250.5, -0.397998
13251, -0.358336
13251.5, -0.315622
13252, -0.349183
13252.5, -0.346132
13253, -0.37359
13253.5, -0.379692
13254, -0.379692
13254.5, -0.352234
13255, -0.343081
13255.5, -0.324775
13256, -0.376641
13256.5, -0.379692
13257, -0.37359
13257.5, -0.394947
13258, -0.379692
13258.5, -0.300367
13259, -0.37359
13259.5, -0.336979
13260, -0.364437
13260.5, -0.370539
13261, -0.355285
13261.5, -0.397998
13262, -0.355285
13262.5, -0.315622
13263, -0.34003
13263.5, -0.327826
13264, -0.364437
13264.5, -0.382743
13265, -0.361386
13265.5, -0.4041
13266, -0.349183
13266.5, -0.306469
13267, -0.370539
13267.5, -0.330877
13268, -0.370539
13268.5, -0.385794
13269, -0.358336
13269.5, -0.397998
13270, -0.349183
13270.5, -0.303418
13271, -0.361386
13271.5, -0.324775
13272, -0.376641
13272.5, -0.370539
13273, -0.37359
13273.5, -0.4041
13274, -0.361386
13274.5, -0.327826
13275, -0.355285
13275.5, -0.330877
13276, -0.361386
13276.5, -0.388845
13277, -0.364437
13277.5, -0.379692
13278, -0.361386
13278.5, -0.30952
13279, -0.358336
13279.5, -0.336979
13280, -0.355285
13280.5, -0.382743
13281, -0.361386
13281.5, -0.379692
13282, -0.361386
13282.5, -0.318673
13283, -0.370539
13283.5, -0.379692
13284, -0.367488
13284.5, -0.382743
13285, -0.367488
13285.5, -0.355285
13286, -0.367488
13286.5, -0.34003
13287, -0.358336
13287.5, -0.379692
13288, -0.367488
13288.5, -0.364437
13289, -0.364437
13289.5, -0.312571
13290, -0.376641
13290.5, -0.361386
13291, -0.358336
13291.5, -0.379692
13292, -0.37359
13292.5, -0.37359
13293, -0.385794
13293.5, -0.336979
13294, -0.364437
13294.5, -0.361386
13295, -0.352234
13295.5, -0.376641
13296, -0.364437
13296.5, -0.370539
13297, -0.361386
13297.5, -0.358336
13298, -0.336979
13298.5, -0.388845
13299, -0.367488
13299.5, -0.376641
13300, -0.361386
13300.5, -0.367488
13301, -0.349183
13301.5, -0.355285
13302, -0.346132
13302.5, -0.358336
13303, -0.385794
13303.5, -0.385794
13304, -0.385794
13304.5, -0.370539
13305, -0.361386
13305.5, -0.349183
13306, -0.349183
13306.5, -0.361386
13307, -0.37359
13307.5, -0.37359
13308, -0.391896
13308.5, -0.376641
13309, -0.330877
13309.5, -0.361386
13310, -0.34003
13310.5, -0.367488
13311, -0.370539
13311.5, -0.361386
13312, -0.379692
13312.5, -0.382743
13313, -0.343081
13313.5, -0.361386
13314, -0.349183
13314.5, -0.376641
13315, -0.370539
13315.5, -0.370539
13316, -0.391896
13316.5, -0.355285
13317, -0.333928
13317.5, -0.370539
13318, -0.343081
13318.5, -0.379692
13319, -0.37359
13319.5, -0.376641
13320, -0.397998
13320.5, -0.37359
13321, -0.333928
13321.5, -0.361386
13322, -0.367488
13322.5, -0.367488
13323, -0.385794
13323.5, -0.382743
13324, -0.330877
13324.5, -0.364437
13325, -0.336979
13325.5, -0.352234
13326, -0.376641
13326.5, -0.37359
13327, -0.379692
13327.5, -0.376641
13328, -0.330877
13328.5, -0.364437
13329, -0.349183
13329.5, -0.364437
13330, -0.379692
13330.5, -0.364437
13331, -0.379692
13331.5, -0.367488
13332, -0.324775
13332.5, -0.336979
13333, -0.312571
13333.5, -0.349183
13334, -0.382743
13334.5, -0.385794
13335, -0.379692
13335.5, -0.355285
13336, -0.333928
13336.5, -0.333928
13337, -0.336979
13337.5, -0.37359
13338, -0.352234
13338.5, -0.37359
13339, -0.388845
13339.5, -0.352234
13340, -0.327826
13340.5, -0.330877
13341, -0.349183
13341.5, -0.379692
13342, -0.376641
13342.5, -0.382743
13343, -0.376641
13343.5, -0.349183
13344, -0.34003
13344.5, -0.343081
13345, -0.330877
13345.5, -0.382743
13346, -0.397998
13346.5, -0.370539
13347, -0.358336
13347.5, -0.346132
13348, -0.321724
13348.5, -0.343081
13349, -0.385794
13349.5, -0.361386
13350, -0.385794
13350.5, -0.385794
13351, -0.306469
13351.5, -0.330877
13352, -0.34003
13352.5, -0.346132
13353, -0.388845
13353.5, -0.361386
13354, -0.4041
13354.5, -0.382743
13355, -0.315622
13355.5, -0.306469
13356, -0.327826
13356.5, -0.361386
13357, -0.376641
13357.5, -0.376641
13358, -0.413253
13358.5, -0.376641
13359, -0.343081
13359.5, -0.330877
13360, -0.336979
13360.5, -0.355285
13361, -0.370539
13361.5, -0.394947
13362, -0.385794
13362.5, -0.324775
13363, -0.306469
13363.5, -0.324775
13364, -0.355285
13364.5, -0.37359
13365, -0.382743
13365.5, -0.379692
13366, -0.413253
13366.5, -0.343081
13367, -0.318673
13367.5, -0.315622
13368, -0.321724
13368.5, -0.391896
13369, -0.391896
13369.5, -0.379692
13370, -0.382743
13370.5, -0.303418
13371, -0.306469
13371.5, -0.336979
13372, -0.358336
13372.5, -0.391896
13373, -0.391896
13373.5, -0.376641
13374, -0.355285
13374.5, -0.312571
13375, -0.349183
13375.5, -0.327826
13376, -0.379692
13376.5, -0.388845
13377, -0.358336
13377.5, -0.388845
13378, -0.324775
13378.5, -0.300367
13379, -0.364437
13379.5, -0.349183
13380, -0.382743
13380.5, -0.382743
13381, -0.397998
13381.5, -0.401049
13382, -0.343081
13382.5, -0.324775
13383, -0.355285
13383.5, -0.343081
13384, -0.379692
13384.5, -0.397998
13385, -0.355285
13385.5, -0.358336
13386, -0.324775
13386.5, -0.306469
13387, -0.364437
13387.5, -0.367488
13388, -0.376641
13388.5, -0.352234
13389, -0.364437
13389.5, -0.303418
13390, -0.336979
13390.5, -0.346132
13391, -0.370539
13391.5, -0.391896
13392, -0.379692
13392.5, -0.391896
13393, -0.37359
13393.5, -0.312571
13394, -0.355285
13394.5, -0.330877
13395, -0.358336
13395.5, -0.391896
13396, -0.367488
13396.5, -0.394947
13397, -0.370539
13397.5, -0.294265
13398, -0.361386
13398.5, -0.361386
13399, -0.352234
13399.5, -0.397998
13400, -0.355285
13400.5, -0.379692
13401, -0.361386
13401.5, -0.318673
13402, -0.364437
13402.5, -0.346132
13403, -0.355285
13403.5, -0.385794
13404, -0.355285
13404.5, -0.401049
13405, -0.358336
13405.5, -0.312571
13406, -0.367488
13406.5, -0.355285
13407, -0.370539
13407.5, -0.382743
13408, -0.349183
13408.5, -0.364437
13409, -0.361386
13409.5, -0.318673
13410, -0.352234
13410.5, -0.349183
13411, -0.370539
13411.5, -0.37359
13412, -0.358336
13412.5, -0.376641
13413, -0.358336
13413.5, -0.361386
13414, -0.346132
13414.5, -0.364437
13415, -0.370539
13415.5, -0.358336
13416, -0.370539
13416.5, -0.352234
13417, -0.330877
13417.5, -0.358336
13418, -0.34003
13418.5, -0.367488
13419, -0.382743
13419.5, -0.358336
13420, -0.364437
13420.5, -0.330877
13421, -0.355285
13421.5, -0.370539
13422, -0.355285
13422.5, -0.358336
13423, -0.364437
13423.5, -0.364437
13424, -0.37359
13424.5, -0.364437
13425, -0.343081
13425.5, -0.346132
13426, -0.379692
13426.5, -0.355285
13427, -0.388845
13427.5, -0.361386
13428, -0.349183
13428.5, -0.358336
13429, -0.355285
13429.5, -0.370539
13430, -0.37359
13430.5, -0.352234
13431, -0.379692
13431.5, -0.358336
13432, -0.346132
13432.5, -0.358336
13433, -0.349183
13433.5, -0.364437
13434, -0.37359
13434.5, -0.367488
13435, -0.379692
13435.5, -0.361386
13436, -0.336979
13436.5, -0.364437
13437, -0.343081
13437.5, -0.361386
13438, -0.361386
13438.5, -0.379692
13439, -0.385794
13439.5, -0.355285
13440, -0.343081
13440.5, -0.355285
13441, -0.361386
13441.5, -0.358336
13442, -0.376641
13442.5, -0.364437
13443, -0.370539
13443.5, -0.364437
13444, -0.333928
13444.5, -0.355285
13445, -0.34003
13445.5, -0.367488
13446, -0.367488
13446.5, -0.361386
13447, -0.379692
13447.5, -0.379692
13448, -0.330877
13448.5, -0.355285
13449, -0.352234
13449.5, -0.358336
13450, -0.37359
13450.5, -0.358336
13451, -0.333928
13451.5, -0.364437
13452, -0.346132
13452.5, -0.379692
13453, -0.391896
13453.5, -0.370539
13454, -0.376641
13454.5, -0.379692
13455, -0.306469
13455.5, -0.361386
13456, -0.333928
13456.5, -0.352234
13457, -0.364437
13457.5, -0.370539
13458, -0.376641
13458.5, -0.37359
13459, -0.330877
13459.5, -0.336979
13460, -0.324775
13460.5, -0.370539
13461, -0.370539
13461.5, -0.37359
13462, -0.394947
13462.5, -0.382743
13463, -0.321724
13463.5, -0.336979
13464, -0.333928
13464.5, -0.370539
13465, -0.379692
13465.5, -0.37359
13466, -0.413253
13466.5, -0.364437
13467, -0.315622
13467.5, -0.352234
13468, -0.324775
13468.5, -0.355285
13469, -0.388845
13469.5, -0.364437
13470, -0.370539
13470.5, -0.349183
13471, -0.330877
13471.5, -0.358336
13472, -0.34003
13472.5, -0.37359
13473, -0.388845
13473.5, -0.379692
13474, -0.379692
13474.5, -0.333928
13475, -0.288163
13475.5, -0.343081
13476, -0.318673
13476.5, -0.361386
13477, -0.379692
13477.5, -0.37359
13478, -0.336979
13478.5, -0.330877
13479, -0.343081
13479.5, -0.361386
13480, -0.4041
13480.5, -0.367488
13481, -0.376641
13481.5, -0.385794
13482, -0.315622
13482.5, -0.336979
13483, -0.330877
13483.5, -0.34003
13484, -0.379692
13484.5, -0.355285
13485, -0.367488
13485.5, -0.401049
13486, -0.327826
13486.5, -0.324775
13487, -0.327826
13487.5, -0.324775
13488, -0.382743
13488.5, -0.37359
13489, -0.37359
13489.5, -0.37359
13490, -0.34003
13490.5, -0.352234
13491, -0.349183
13491.5, -0.367488
13492, -0.379692
13492.5, -0.361386
13493, -0.407151
13493.5, -0.321724
13494, -0.346132
13494.5, -0.352234
13495, -0.346132
13495.5, -0.385794
13496, -0.394947
13496.5, -0.37359
13497, -0.364437
13497.5, -0.315622
13498, -0.349183
13498.5, -0.349183
13499, -0.367488
13499.5, -0.388845
13500, -0.355285
13500.5, -0.37359
13501, -0.385794
13501.5, -0.30952
13502, -0.358336
13502.5, -0.34003
13503, -0.37359
13503.5, -0.358336
13504, -0.361386
13504.5, -0.385794
13505, -0.349183
13505.5, -0.303418
13506, -0.358336
13506.5, -0.330877
13507, -0.37359
13507.5, -0.367488
13508, -0.364437
13508.5, -0.382743
13509, -0.324775
13509.5, -0.315622
13510, -0.358336
13510.5, -0.343081
13511, -0.355285
13511.5, -0.376641
13512, -0.361386
13512.5, -0.382743
13513, -0.37359
13513.5, -0.30952
13514, -0.352234
13514.5, -0.34003
13515, -0.367488
13515.5, -0.352234
13516, -0.361386
13516.5, -0.343081
13517, -0.349183
13517.5, -0.343081
13518, -0.349183
13518.5, -0.37359
13519, -0.370539
13519.5, -0.388845
13520, -0.367488
13520.5, -0.321724
13521, -0.367488
13521.5, -0.34003
13522, -0.355285
13522.5, -0.379692
13523, -0.367488
13523.5, -0.370539
13524, -0.361386
13524.5, -0.321724
13525, -0.361386
13525.5, -0.352234
13526, -0.361386
13526.5, -0.379692
13527, -0.367488
13527.5, -0.37359
13528, -0.352234
13528.5, -0.343081
13529, -0.358336
13529.5, -0.346132
13530, -0.358336
13530.5, -0.352234
13531, -0.355285
13531.5, -0.391896
13532, -0.367488
13532.5, -0.376641
13533, -0.361386
13533.5, -0.364437
13534, -0.364437
13534.5, -0.376641
13535, -0.358336
13535.5, -0.352234
13536, -0.352234
13536.5, -0.349183
13537, -0.34003
13537.5, -0.37359
13538, -0.336979
13538.5, -0.37359
13539, -0.37359
13539.5, -0.379692
13540, -0.358336
13540.5, -0.358336
13541, -0.333928
13541.5, -0.376641
13542, -0.376641
13542.5, -0.364437
13543, -0.34003
13543.5, -0.370539
13544, -0.352234
13544.5, -0.349183
13545, -0.358336
13545.5, -0.367488
13546, -0.367488
13546.5, -0.361386
13547, -0.358336
13547.5, -0.361386
13548, -0.346132
13548.5, -0.330877
13549, -0.370539
13549.5, -0.355285
13550, -0.376641
13550.5, -0.358336
13551, -0.367488
13551.5, -0.370539
13552, -0.361386
13552.5, -0.37359
13553, -0.355285
13553.5, -0.361386
13554, -0.367488
13554.5, -0.352234
13555, -0.367488
13555.5, -0.364437
13556, -0.343081
13556.5, -0.346132
13557, -0.370539
13557.5, -0.352234
13558, -0.391896
13558.5, -0.349183
13559, -0.346132
13559.5, -0.364437
13560, -0.343081
13560.5, -0.367488
13561, -0.370539
13561.5, -0.370539
13562, -0.37359
13562.5, -0.361386
13563, -0.336979
13563.5, -0.364437
13564, -0.343081
13564.5, -0.364437
13565, -0.376641
13565.5, -0.37359
13566, -0.376641
13566.5, -0.364437
13567, -0.346132
13567.5, -0.361386
13568, -0.349183
13568.5, -0.34003
13569, -0.370539
13569.5, -0.355285
13570, -0.376641
13570.5, -0.349183
13571, -0.330877
13571.5, -0.355285
13572, -0.336979
13572.5, -0.361386
13573, -0.37359
13573.5, -0.343081
13574, -0.364437
13574.5, -0.349183
13575, -0.318673
13575.5, -0.358336
13576, -0.321724
13576.5, -0.376641
13577, -0.376641
13577.5, -0.37359
13578, -0.376641
13578.5, -0.336979
13579, -0.330877
13579.5, -0.346132
13580, -0.352234
13580.5, -0.361386
13581, -0.385794
13581.5, -0.358336
13582, -0.358336
13582.5, -0.318673
13583, -0.349183
13583.5, -0.349183
13584, -0.370539
13584.5, -0.367488
13585, -0.382743
13585.5, -0.376641
13586, -0.336979
13586.5, -0.34003
13587, -0.34003
13587.5, -0.34003
13588, -0.370539
13588.5, -0.364437
13589, -0.382743
13589.5, -0.385794
13590, -0.30952
13590.5, -0.30952
13591, -0.364437
13591.5, -0.355285
13592, -0.370539
13592.5, -0.361386
13593, -0.391896
13593.5, -0.376641
13594, -0.321724
13594.5, -0.330877
13595, -0.330877
13595.5, -0.376641
13596, -0.388845
13596.5, -0.382743
13597, -0.382743
13597.5, -0.324775
13598, -0.315622
13598.5, -0.333928
13599, -0.321724
13599.5, -0.379692
13600, -0.382743
13600.5, -0.376641
13601, -0.401049
13601.5, -0.333928
13602, -0.312571
13602.5, -0.34003
13603, -0.343081
13603.5, -0.379692
13604, -0.376641
13604.5, -0.382743
13605, -0.397998
13605.5, -0.321724
13606, -0.303418
13606.5, -0.34003
13607, -0.364437
13607.5, -0.361386
13608, -0.413253
13608.5, -0.382743
13609, -0.321724
13609.5, -0.306469
13610, -0.34003
13610.5, -0.34003
13611, -0.370539
13611.5, -0.364437
13612, -0.376641
13612.5, -0.388845
13613, -0.358336
13613.5, -0.333928
13614, -0.336979
13614.5, -0.330877
13615, -0.385794
13615.5, -0.376641
13616, -0.379692
13616.5, -0.367488
13617, -0.352234
13617.5, -0.346132
13618, -0.321724
13618.5, -0.330877
13619, -0.379692
13619.5, -0.376641
13620, -0.385794
13620.5, -0.358336
13621, -0.346132
13621.5, -0.324775
13622, -0.343081
13622.5, -0.367488
13623, -0.379692
13623.5, -0.385794
13624, -0.364437
13624.5, -0.306469
13625, -0.349183
13625.5, -0.349183
13626, -0.361386
13626.5, -0.385794
13627, -0.361386
13627.5, -0.388845
13628, -0.361386
13628.5, -0.336979
13629, -0.318673
13629.5, -0.343081
13630, -0.361386
13630.5, -0.367488
13631, -0.37359
13631.5, -0.391896
13632, -0.367488
13632.5, -0.330877
13633, -0.361386
13633.5, -0.346132
13634, -0.37359
13634.5, -0.370539
13635, -0.361386
13635.5, -0.397998
13636, -0.382743
13636.5, -0.336979
13637, -0.352234
13637.5, -0.358336
13638, -0.361386
13638.5, -0.385794
13639, -0.367488
13639.5, -0.397998
13640, -0.361386
13640.5, -0.343081
13641, -0.355285
13641.5, -0.358336
13642, -0.361386
13642.5, -0.388845
13643, -0.355285
13643.5, -0.364437
13644, -0.358336
13644.5, -0.330877
13645, -0.355285
13645.5, -0.364437
13646, -0.364437
13646.5, -0.388845
13647, -0.346132
13647.5, -0.361386
13648, -0.355285
13648.5, -0.361386
13649, -0.355285
13649.5, -0.361386
13650, -0.370539
13650.5, -0.382743
13651, -0.352234
13651.5, -0.364437
13652, -0.361386
13652.5, -0.358336
13653, -0.352234
13653.5, -0.364437
13654, -0.367488
13654.5, -0.346132
13655, -0.358336
13655.5, -0.352234
13656, -0.349183
13656.5, -0.361386
13657, -0.349183
13657.5, -0.361386
13658, -0.370539
13658.5, -0.382743
13659, -0.358336
13659.5, -0.333928
13660, -0.343081
13660.5, -0.367488
13661, -0.355285
13661.5, -0.367488
13662, -0.355285
13662.5, -0.37359
13663, -0.361386
13663.5, -0.355285
13664, -0.346132
13664.5, -0.364437
13665, -0.370539
13665.5, -0.358336
13666, -0.355285
13666.5, -0.37359
13667, -0.364437
13667.5, -0.355285
13668, -0.346132
13668.5, -0.352234
13669, -0.370539
13669.5, -0.358336
13670, -0.349183
13670.5, -0.370539
13671, -0.367488
13671.5, -0.361386
13672, -0.346132
13672.5, -0.367488
13673, -0.376641
13673.5, -0.355285
13674, -0.361386
13674.5, -0.376641
13675, -0.358336
13675.5, -0.352234
13676, -0.352234
13676.5, -0.382743
13677, -0.364437
13677.5, -0.361386
13678, -0.382743
13678.5, -0.346132
13679, -0.352234
13679.5, -0.367488
13680, -0.34003
13680.5, -0.376641
13681, -0.367488
13681.5, -0.349183
13682, -0.367488
13682.5, -0.355285
13683, -0.34003
13683.5, -0.343081
13684, -0.355285
13684.5, -0.361386
13685, -0.358336
13685.5, -0.370539
13686, -0.364437
13686.5, -0.364437
13687, -0.327826
13687.5, -0.333928
13688, -0.385794
13688.5, -0.358336
13689, -0.37359
13689.5, -0.37359
13690, -0.34003
13690.5, -0.352234
13691, -0.34003
13691.5, -0.343081
13692, -0.376641
13692.5, -0.367488
13693, -0.379692
13693.5, -0.361386
13694, -0.349183
13694.5, -0.355285
13695, -0.333928
13695.5, -0.349183
13696, -0.367488
13696.5, -0.376641
13697, -0.37359
13697.5, -0.370539
13698, -0.343081
13698.5, -0.361386
13699, -0.352234
13699.5, -0.355285
13700, -0.385794
13700.5, -0.37359
13701, -0.391896
13701.5, -0.346132
13702, -0.330877
13702.5, -0.34003
13703, -0.327826
13703.5, -0.376641
13704, -0.382743
13704.5, -0.367488
13705, -0.385794
13705.5, -0.336979
13706, -0.343081
13706.5, -0.355285
13707, -0.324775
13707.5, -0.367488
13708, -0.379692
13708.5, -0.367488
13709, -0.385794
13709.5, -0.346132
13710, -0.318673
13710.5, -0.34003
13711, -0.355285
13711.5, -0.358336
13712, -0.391896
13712.5, -0.379692
13713, -0.333928
13713.5, -0.34003
13714, -0.327826
13714.5, -0.355285
13715, -0.385794
13715.5, -0.376641
13716, -0.397998
13716.5, -0.370539
13717, -0.321724
13717.5, -0.333928
13718, -0.34003
13718.5, -0.352234
13719, -0.382743
13719.5, -0.349183
13720, -0.391896
13720.5, -0.370539
13721, -0.312571
13721.5, -0.336979
13722, -0.34003
13722.5, -0.352234
13723, -0.37359
13723.5, -0.382743
13724, -0.376641
13724.5, -0.370539
13725, -0.312571
13725.5, -0.336979
13726, -0.364437
13726.5, -0.358336
13727, -0.367488
13727.5, -0.367488
13728, -0.397998
13728.5, -0.318673
13729, -0.324775
13729.5, -0.324775
13730, -0.361386
13730.5, -0.358336
13731, -0.385794
13731.5, -0.361386
13732, -0.388845
13732.5, -0.315622
13733, -0.315622
13733.5, -0.327826
13734, -0.361386
13734.5, -0.358336
13735, -0.379692
13735.5, -0.388845
13736, -0.355285
13736.5, -0.352234
13737, -0.315622
13737.5, -0.352234
13738, -0.355285
13738.5, -0.370539
13739, -0.388845
13739.5, -0.376641
13740, -0.355285
13740.5, -0.324775
13741, -0.367488
13741.5, -0.352234
13742, -0.376641
13742.5, -0.385794
13743, -0.352234
13743.5, -0.385794
13744, -0.336979
13744.5, -0.303418
13745, -0.364437
13745.5, -0.352234
13746, -0.376641
13746.5, -0.394947
13747, -0.352234
13747.5, -0.388845
13748, -0.355285
13748.5, -0.321724
13749, -0.379692
13749.5, -0.343081
13750, -0.364437
13750.5, -0.37359
13751, -0.355285
13751.5, -0.327826
13752, -0.34003
13752.5, -0.324775
13753, -0.361386
13753.5, -0.379692
13754, -0.367488
13754.5, -0.385794
13755, -0.361386
13755.5, -0.330877
13756, -0.361386
13756.5, -0.352234
13757, -0.355285
13757.5, -0.382743
13758, -0.364437
13758.5, -0.367488
13759, -0.358336
13759.5, -0.30952
13760, -0.355285
13760.5, -0.352234
13761, -0.358336
13761.5, -0.382743
13762, -0.346132
13762.5, -0.391896
13763, -0.370539
13763.5, -0.303418
13764, -0.367488
13764.5, -0.349183
13765, -0.370539
13765.5, -0.37359
13766, -0.352234
13766.5, -0.376641
13767, -0.370539
13767.5, -0.333928
13768, -0.352234
13768.5, -0.330877
13769, -0.376641
13769.5, -0.370539
13770, -0.358336
13770.5, -0.382743
13771, -0.361386
13771.5, -0.361386
13772, -0.352234
13772.5, -0.355285
13773, -0.388845
13773.5, -0.379692
13774, -0.358336
13774.5, -0.361386
13775, -0.37359
13775.5, -0.367488
13776, -0.349183
13776.5, -0.349183
13777, -0.388845
13777.5, -0.346132
13778, -0.358336
13778.5, -0.330877
13779, -0.355285
13779.5, -0.358336
13780, -0.343081
13780.5, -0.382743
13781, -0.361386
13781.5, -0.355285
13782, -0.379692
13782.5, -0.358336
13783, -0.349183
13783.5, -0.355285
13784, -0.361386
13784.5, -0.37359
13785, -0.352234
13785.5, -0.37359
13786, -0.37359
13786.5, -0.367488
13787, -0.346132
13787.5, -0.37359
13788, -0.370539
13788.5, -0.367488
13789, -0.364437
13789.5, -0.367488
13790, -0.367488
13790.5, -0.361386
13791, -0.355285
13791.5, -0.343081
13792, -0.376641
13792.5, -0.379692
13793, -0.367488
13793.5, -0.361386
13794, -0.330877
13794.5, -0.364437
13795, -0.343081
13795.5, -0.367488
13796, -0.370539
13796.5, -0.361386
13797, -0.382743
13797.5, -0.361386
13798, -0.349183
13798.5, -0.358336
13799, -0.336979
13799.5, -0.37359
13800, -0.370539
13800.5, -0.37359
13801, -0.37359
13801.5, -0.370539
13802, -0.34003
13802.5, -0.361386
13803, -0.352234
13803.5, -0.379692
13804, -0.370539
13804.5, -0.370539
13805, -0.379692
13805.5, -0.361386
13806, -0.333928
13806.5, -0.352234
13807, -0.333928
13807.5, -0.358336
13808, -0.352234
13808.5, -0.37359
13809, -0.379692
13809.5, -0.346132
13810, -0.349183
13810.5, -0.352234
13811, -0.34003
13811.5, -0.355285
13812, -0.370539
13812.5, -0.358336
13813, -0.370539
13813.5, -0.367488
13814, -0.321724
13814.5, -0.346132
13815, -0.352234
13815.5, -0.349183
13816, -0.376641
13816.5, -0.379692
13817, -0.333928
13817.5, -0.327826
13818, -0.352234
13818.5, -0.358336
13819, -0.355285
13819.5, -0.37359
13820, -0.358336
13820.5, -0.382743
13821, -0.321724
13821.5, -0.346132
13822, -0.327826
13822.5, -0.352234
13823, -0.364437
13823.5, -0.37359
13824, -0.385794
13824.5, -0.37359
13825, -0.321724
13825.5, -0.330877
13826, -0.349183
13826.5, -0.346132
13827, -0.367488
13827.5, -0.367488
13828, -0.370539
13828.5, -0.376641
13829, -0.333928
13829.5, -0.349183
13830, -0.336979
13830.5, -0.37359
13831, -0.358336
13831.5, -0.367488
13832, -0.379692
13832.5, -0.34003
13833, -0.324775
13833.5, -0.343081
13834, -0.343081
13834.5, -0.37359
13835, -0.391896
13835.5, -0.361386
13836, -0.394947
13836.5, -0.376641
13837, -0.315622
13837.5, -0.343081
13838, -0.355285
13838.5, -0.364437
13839, -0.388845
13839.5, -0.370539
13840, -0.397998
13840.5, -0.346132
13841, -0.315622
13841.5, -0.343081
13842, -0.358336
13842.5, -0.379692
13843, -0.401049
13843.5, -0.376641
13844, -0.34003
13844.5, -0.343081
13845, -0.352234
13845.5, -0.349183
13846, -0.382743
13846.5, -0.37359
13847, -0.379692
13847.5, -0.379692
13848, -0.333928
13848.5, -0.343081
13849, -0.34003
13849.5, -0.355285
13850, -0.376641
13850.5, -0.388845
13851, -0.370539
13851.5, -0.376641
13852, -0.294265
13852.5, -0.346132
13853, -0.346132
13853.5, -0.330877
13854, -0.394947
13854.5, -0.370539
13855, -0.394947
13855.5, -0.343081
13856, -0.285112
13856.5, -0.336979
13857, -0.327826
13857.5, -0.382743
13858, -0.361386
13858.5, -0.376641
13859, -0.376641
13859.5, -0.324775
13860, -0.327826
13860.5, -0.336979
13861, -0.352234
13861.5, -0.361386
13862, -0.367488
13862.5, -0.401049
13863, -0.367488
13863.5, -0.321724
13864, -0.361386
13864.5, -0.312571
13865, -0.361386
13865.5, -0.379692
13866, -0.361386
13866.5, -0.379692
13867, -0.364437
13867.5, -0.336979
13868, -0.34003
13868.5, -0.321724
13869, -0.361386
13869.5, -0.349183
13870, -0.358336
13870.5, -0.385794
13871, -0.352234
13871.5, -0.327826
13872, -0.355285
13872.5, -0.321724
13873, -0.358336
13873.5, -0.388845
13874, -0.37359
13874.5, -0.367488
13875, -0.370539
13875.5, -0.324775
13876, -0.367488
13876.5, -0.330877
13877, -0.364437
13877.5, -0.385794
13878, -0.355285
13878.5, -0.388845
13879, -0.355285
13879.5, -0.321724
13880, -0.34003
13880.5, -0.370539
13881, -0.358336
13881.5, -0.385794
13882, -0.370539
13882.5, -0.330877
13883, -0.370539
13883.5, -0.355285
13884, -0.364437
13884.5, -0.391896
13885, -0.370539
13885.5, -0.361386
13886, -0.370539
13886.5, -0.336979
13887, -0.376641
13887.5, -0.336979
13888, -0.370539
13888.5, -0.37359
13889, -0.379692
13889.5, -0.379692
13890, -0.370539
13890.5, -0.330877
13891, -0.367488
13891.5, -0.367488
13892, -0.364437
13892.5, -0.355285
13893, -0.358336
13893.5, -0.367488
13894, -0.355285
13894.5, -0.352234
13895, -0.352234
13895.5, -0.364437
13896, -0.355285
13896.5, -0.367488
13897, -0.355285
13897.5, -0.361386
13898, -0.361386
13898.5, -0.355285
13899, -0.349183
13899.5, -0.358336
13900, -0.364437
13900.5, -0.37359
13901, -0.376641
13901.5, -0.352234
13902, -0.364437
13902.5, -0.361386
13903, -0.364437
13903.5, -0.361386
13904, -0.385794
13904.5, -0.364437
13905, -0.379692
13905.5, -0.370539
13906, -0.355285
13906.5, -0.364437
13907, -0.352234
13907.5, -0.361386
13908, -0.367488
13908.5, -0.361386
13909, -0.364437
13909.5, -0.367488
13910, -0.349183
13910.5, -0.364437
13911, -0.355285
13911.5, -0.364437
13912, -0.355285
13912.5, -0.364437
13913, -0.376641
13913.5, -0.367488
13914, -0.330877
13914.5, -0.358336
13915, -0.330877
13915.5, -0.37359
13916, -0.376641
13916.5, -0.352234
13917, -0.382743
13917.5, -0.358336
13918, -0.336979
13918.5, -0.364437
13919, -0.336979
13919.5, -0.349183
13920, -0.379692
13920.5, -0.370539
13921, -0.37359
13921.5, -0.367488
13922, -0.34003
13922.5, -0.367488
13923, -0.358336
13923.5, -0.379692
13924, -0.364437
13924.5, -0.361386
13925, -0.343081
13925.5, -0.364437
13926, -0.358336
13926.5, -0.346132
13927, -0.385794
13927.5, -0.361386
13928, -0.37359
13928.5, -0.367488
13929, -0.355285
13929.5, -0.355285
13930, -0.361386
13930.5, -0.349183
13931, -0.364437
13931.5, -0.370539
13932, -0.37359
13932.5, -0.370539
13933, -0.321724
13933.5, -0.37359
13934, -0.352234
13934.5, -0.367488
13935, -0.382743
13935.5, -0.370539
13936, -0.385794
13936.5, -0.343081
13937, -0.333928
13937.5, -0.352234
13938, -0.34003
13938.5, -0.370539
13939, -0.382743
13939.5, -0.370539
13940, -0.382743
13940.5, -0.34003
13941, -0.312571
13941.5, -0.352234
13942, -0.346132
13942.5, -0.361386
13943, -0.367488
13943.5, -0.382743
13944, -0.37359
13944.5, -0.343081
13945, -0.318673
13945.5, -0.352234
13946, -0.349183
13946.5, -0.370539
13947, -0.370539
13947.5, -0.379692
13948, -0.34003
13948.5, -0.349183
13949, -0.349183
13949.5, -0.349183
13950, -0.388845
13950.5, -0.367488
13951, -0.382743
13951.5, -0.37359
13952, -0.336979
13952.5, -0.327826
13953, -0.336979
13953.5, -0.333928
13954, -0.385794
13954.5, -0.361386
13955, -0.391896
13955.5, -0.385794
13956, -0.315622
13956.5, -0.321724
13957, -0.330877
13957.5, -0.343081
13958, -0.376641
13958.5, -0.367488
13959, -0.388845
13959.5, -0.370539
13960, -0.315622
13960.5, -0.34003
13961, -0.330877
13961.5, -0.376641
13962, -0.367488
13962.5, -0.370539
13963, -0.388845
13963.5, -0.336979
13964, -0.321724
13964.5, -0.355285
13965, -0.349183
13965.5, -0.355285
13966, -0.379692
13966.5, -0.37359
13967, -0.388845
13967.5, -0.34003
13968, -0.330877
13968.5, -0.333928
13969, -0.364437
13969.5, -0.37359
13970, -0.367488
13970.5, -0.391896
13971, -0.37359
13971.5, -0.321724
13972, -0.349183
13972.5, -0.346132
13973, -0.370539
13973.5, -0.370539
13974, -0.367488
13974.5, -0.385794
13975, -0.346132
13975.5, -0.34003
13976, -0.355285
13976.5, -0.333928
13977, -0.349183
13977.5, -0.352234
13978, -0.391896
13978.5, -0.385794
13979, -0.358336
13979.5, -0.355285
13980, -0.367488
13980.5, -0.349183
13981, -0.367488
13981.5, -0.388845
13982, -0.358336
13982.5, -0.37359
13983, -0.355285
13983.5, -0.324775
13984, -0.358336
13984.5, -0.358336
13985, -0.355285
13985.5, -0.385794
13986, -0.370539
13986.5, -0.37359
13987, -0.330877
13987.5, -0.346132
13988, -0.364437
13988.5, -0.385794
13989, -0.370539
13989.5, -0.391896
13990, -0.349183
13990.5, -0.312571
13991, -0.361386
13991.5, -0.343081
13992, -0.358336
13992.5, -0.364437
13993, -0.364437
13993.5, -0.37359
13994, -0.358336
13994.5, -0.324775
13995, -0.358336
13995.5, -0.349183
13996, -0.364437
13996.5, -0.349183
13997, -0.358336
13997.5, -0.370539
13998, -0.364437
13998.5, -0.327826
13999, -0.352234
13999.5, -0.388845
14000, -0.361386
14000.5, -0.376641
14001, -0.355285
14001.5, -0.379692
14002, -0.376641
14002.5, -0.294265
14003, -0.358336
14003.5, -0.34003
14004, -0.361386
14004.5, -0.349183
14005, -0.358336
14005.5, -0.352234
14006, -0.367488
14006.5, -0.346132
14007, -0.346132
14007.5, -0.349183
14008, -0.349183
14008.5, -0.352234
14009, -0.370539
14009.5, -0.376641
14010, -0.370539
14010.5, -0.34003
14011, -0.358336
14011.5, -0.346132
14012, -0.37359
14012.5, -0.37359
14013, -0.361386
14013.5, -0.364437
14014, -0.361386
14014.5, -0.37359
14015, -0.346132
14015.5, -0.367488
14016, -0.358336
14016.5, -0.361386
14017, -0.382743
14017.5, -0.346132
14018, -0.361386
14018.5, -0.349183
14019, -0.34003
14019.5, -0.370539
14020, -0.364437
14020.5, -0.361386
14021, -0.376641
14021.5, -0.358336
14022, -0.370539
14022.5, -0.358336
14023, -0.336979
14023.5, -0.370539
14024, -0.361386
14024.5, -0.364437
14025, -0.352234
14025.5, -0.370539
14026, -0.343081
14026.5, -0.367488
14027, -0.376641
14027.5, -0.364437
14028, -0.379692
14028.5, -0.382743
14029, -0.327826
14029.5, -0.355285
14030, -0.355285
14030.5, -0.358336
14031, -0.361386
14031.5, -0.361386
14032, -0.361386
14032.5, -0.358336
14033, -0.370539
14033.5, -0.349183
14034, -0.349183
14034.5, -0.355285
14035, -0.391896
14035.5, -0.361386
14036, -0.367488
14036.5, -0.358336
14037, -0.336979
14037.5, -0.367488
14038, -0.355285
14038.5, -0.364437
14039, -0.352234
14039.5, -0.358336
14040, -0.37359
14040.5, -0.364437
14041, -0.352234
14041.5, -0.352234
14042, -0.330877
14042.5, -0.367488
14043, -0.361386
14043.5, -0.355285
14044, -0.379692
14044.5, -0.361386
14045, -0.315622
14045.5, -0.336979
14046, -0.343081
14046.5, -0.376641
14047, -0.364437
14047.5, -0.370539
14048, -0.37359
14048.5, -0.346132
14049, -0.333928
14049.5, -0.352234
14050, -0.355285
14050.5, -0.37359
14051, -0.361386
14051.5, -0.376641
14052, -0.336979
14052.5, -0.364437
14053, -0.346132
14053.5, -0.346132
14054, -0.370539
14054.5, -0.367488
14055, -0.385794
14055.5, -0.37359
14056, -0.30952
14056.5, -0.361386
14057, -0.349183
14057.5, -0.349183
14058, -0.367488
14058.5, -0.379692
14059, -0.355285
14059.5, -0.361386
14060, -0.336979
14060.5, -0.352234
14061, -0.321724
14061.5, -0.352234
14062, -0.367488
14062.5, -0.358336
14063, -0.37359
14063.5, -0.376641
14064, -0.30952
14064.5, -0.355285
14065, -0.34003
14065.5, -0.364437
14066, -0.376641
14066.5, -0.379692
14067, -0.376641
14067.5, -0.352234
14068, -0.315622
14068.5, -0.349183
14069, -0.336979
14069.5, -0.370539
14070, -0.379692
14070.5, -0.376641
14071, -0.388845
14071.5, -0.327826
14072, -0.327826
14072.5, -0.34003
14073, -0.330877
14073.5, -0.364437
14074, -0.376641
14074.5, -0.382743
14075, -0.382743
14075.5, -0.336979
14076, -0.30952
14076.5, -0.333928
14077, -0.355285
14077.5, -0.364437
14078, -0.388845
14078.5, -0.385794
14079, -0.324775
14079.5, -0.330877
14080, -0.34003
14080.5, -0.346132
14081, -0.37359
14081.5, -0.379692
14082, -0.413253
14082.5, -0.379692
14083, -0.343081
14083.5, -0.321724
14084, -0.333928
14084.5, -0.358336
14085, -0.379692
14085.5, -0.376641
14086, -0.376641
14086.5, -0.358336
14087, -0.321724
14087.5, -0.361386
14088, -0.352234
14088.5, -0.349183
14089, -0.370539
14089.5, -0.37359
14090, -0.376641
14090.5, -0.367488
14091, -0.336979
14091.5, -0.346132
14092, -0.343081
14092.5, -0.37359
14093, -0.361386
14093.5, -0.385794
14094, -0.379692
14094.5, -0.346132
14095, -0.330877
14095.5, -0.333928
14096, -0.343081
14096.5, -0.376641
14097, -0.379692
14097.5, -0.379692
14098, -0.379692
14098.5, -0.321724
14099, -0.364437
14099.5, -0.327826
14100, -0.358336
14100.5, -0.379692
14101, -0.376641
14101.5, -0.382743
14102, -0.391896
14102.5, -0.300367
14103, -0.361386
14103.5, -0.321724
14104, -0.37359
14104.5, -0.382743
14105, -0.355285
14105.5, -0.388845
14106, -0.355285
14106.5, -0.300367
14107, -0.370539
14107.5, -0.336979
14108, -0.355285
14108.5, -0.385794
14109, -0.355285
14109.5, -0.376641
14110, -0.352234
14110.5, -0.30952
14111, -0.364437
14111.5, -0.349183
14112, -0.385794
14112.5, -0.382743
14113, -0.358336
14113.5, -0.382743
14114, -0.346132
14114.5, -0.321724
14115, -0.343081
14115.5, -0.349183
14116, -0.361386
14116.5, -0.376641
14117, -0.367488
14117.5, -0.358336
14118, -0.349183
14118.5, -0.333928
14119, -0.364437
14119.5, -0.379692
14120, -0.370539
14120.5, -0.391896
14121, -0.376641
14121.5, -0.358336
14122, -0.355285
14122.5, -0.352234
14123, -0.318673
14123.5, -0.379692
14124, -0.358336
14124.5, -0.394947
14125, -0.364437
14125.5, -0.34003
14126, -0.358336
14126.5, -0.349183
14127, -0.355285
14127.5, -0.397998
14128, -0.352234
14128.5, -0.379692
14129, -0.355285
14129.5, -0.321724
14130, -0.352234
14130.5, -0.343081
14131, -0.364437
14131.5, -0.379692
14132, -0.37359
14132.5, -0.367488
14133, -0.358336
14133.5, -0.346132
14134, -0.346132
14134.5, -0.346132
14135, -0.367488
14135.5, -0.358336
14136, -0.370539
14136.5, -0.364437
14137, -0.361386
14137.5, -0.343081
14138, -0.349183
14138.5, -0.364437
14139, -0.376641
14139.5, -0.349183
14140, -0.355285
14140.5, -0.352234
14141, -0.370539
14141.5, -0.361386
14142, -0.355285
14142.5, -0.370539
14143, -0.370539
14143.5, -0.343081
14144, -0.376641
14144.5, -0.361386
14145, -0.37359
14145.5, -0.361386
14146, -0.349183
14146.5, -0.358336
14147, -0.361386
14147.5, -0.355285
14148, -0.370539
14148.5, -0.367488
14149, -0.30952
14149.5, -0.352234
14150, -0.361386
14150.5, -0.361386
14151, -0.370539
14151.5, -0.361386
14152, -0.364437
14152.5, -0.370539
14153, -0.349183
14153.5, -0.343081
14154, -0.349183
14154.5, -0.358336
14155, -0.361386
14155.5, -0.385794
14156, -0.349183
14156.5, -0.336979
14157, -0.318673
14157.5, -0.358336
14158, -0.361386
14158.5, -0.349183
14159, -0.376641
14159.5, -0.352234
14160, -0.343081
14160.5, -0.364437
14161, -0.358336
14161.5, -0.358336
14162, -0.364437
14162.5, -0.355285
14163, -0.397998
14163.5, -0.364437
14164, -0.346132
14164.5, -0.358336
14165, -0.330877
14165.5, -0.361386
14166, -0.358336
14166.5, -0.37359
14167, -0.376641
14167.5, -0.367488
14168, -0.352234
14168.5, -0.346132
14169, -0.330877
14169.5, -0.364437
14170, -0.355285
14170.5, -0.376641
14171, -0.376641
14171.5, -0.34003
14172, -0.343081
14172.5, -0.358336
14173, -0.358336
14173.5, -0.352234
14174, -0.37359
14174.5, -0.370539
14175, -0.364437
14175.5, -0.364437
14176, -0.343081
14176.5, -0.349183
14177, -0.349183
14177.5, -0.367488
14178, -0.367488
14178.5, -0.367488
14179, -0.385794
14179.5, -0.358336
14180, -0.327826
14180.5, -0.346132
14181, -0.349183
14181.5, -0.385794
14182, -0.364437
14182.5, -0.367488
14183, -0.370539
14183.5, -0.349183
14184, -0.336979
14184.5, -0.34003
14185, -0.37359
14185.5, -0.379692
14186, -0.370539
14186.5, -0.376641
14187, -0.370539
14187.5, -0.318673
14188, -0.327826
14188.5, -0.333928
14189, -0.37359
14189.5, -0.367488
14190, -0.37359
14190.5, -0.367488
14191, -0.34003
14191.5, -0.321724
14192, -0.333928
14192.5, -0.343081
14193, -0.382743
14193.5, -0.388845
14194, -0.376641
14194.5, -0.37359
14195, -0.321724
14195.5, -0.346132
14196, -0.343081
14196.5, -0.367488
14197, -0.391896
14197.5, -0.364437
14198, -0.385794
14198.5, -0.336979
14199, -0.300367
14199.5, -0.355285
14200, -0.346132
14200.5, -0.358336
14201, -0.379692
14201.5, -0.37359
14202, -0.391896
14202.5, -0.336979
14203, -0.312571
14203.5, -0.355285
14204, -0.333928
14204.5, -0.367488
14205, -0.379692
14205.5, -0.391896
14206, -0.382743
14206.5, -0.318673
14207, -0.315622
14207.5, -0.336979
14208, -0.34003
14208.5, -0.364437
14209, -0.376641
14209.5, -0.370539
14210, -0.364437
14210.5, -0.330877
14211, -0.358336
14211.5, -0.336979
14212, -0.382743
14212.5, -0.376641
14213, -0.361386
14213.5, -0.394947
14214, -0.352234
14214.5, -0.34003
14215, -0.352234
14215.5, -0.352234
14216, -0.388845
14216.5, -0.37359
14217, -0.388845
14217.5, -0.388845
14218, -0.343081
14218.5, -0.34003
14219, -0.336979
14219.5, -0.315622
14220, -0.355285
14220.5, -0.355285
14221, -0.364437
14221.5, -0.370539
14222, -0.358336
14222.5, -0.352234
14223, -0.358336
14223.5, -0.385794
14224, -0.361386
14224.5, -0.379692
14225, -0.352234
14225.5, -0.315622
14226, -0.349183
14226.5, -0.333928
14227, -0.355285
14227.5, -0.385794
14228, -0.361386
14228.5, -0.385794
14229, -0.361386
14229.5, -0.297316
14230, -0.367488
14230.5, -0.34003
14231, -0.364437
14231.5, -0.379692
14232, -0.355285
14232.5, -0.388845
14233, -0.355285
14233.5, -0.30952
14234, -0.361386
14234.5, -0.349183
14235, -0.370539
14235.5, -0.376641
14236, -0.364437
14236.5, -0.388845
14237, -0.358336
14237.5, -0.312571
14238, -0.355285
14238.5, -0.364437
14239, -0.361386
14239.5, -0.391896
14240, -0.358336
14240.5, -0.361386
14241, -0.364437
14241.5, -0.318673
14242, -0.346132
14242.5, -0.352234
14243, -0.355285
14243.5, -0.358336
14244, -0.361386
14244.5, -0.370539
14245, -0.370539
14245.5, -0.34003
14246, -0.364437
14246.5, -0.358336
14247, -0.361386
14247.5, -0.355285
14248, -0.355285
14248.5, -0.355285
14249, -0.37359
14249.5, -0.346132
14250, -0.352234
14250.5, -0.361386
14251, -0.364437
14251.5, -0.358336
14252, -0.352234
14252.5, -0.321724
14253, -0.333928
14253.5, -0.352234
14254, -0.361386
14254.5, -0.358336
14255, -0.37359
14255.5, -0.361386
14256, -0.364437
14256.5, -0.355285
14257, -0.346132
14257.5, -0.355285
14258, -0.367488
14258.5, -0.352234
14259, -0.361386
14259.5, -0.355285
14260, -0.358336
14260.5, -0.358336
14261, -0.358336
14261.5, -0.367488
14262, -0.358336
14262.5, -0.355285
14263, -0.364437
14263.5, -0.352234
14264, -0.34003
14264.5, -0.367488
14265, -0.34003
14265.5, -0.37359
14266, -0.367488
14266.5, -0.361386
14267, -0.37359
14267.5, -0.352234
14268, -0.370539
14268.5, -0.352234
14269, -0.343081
14269.5, -0.358336
14270, -0.367488
14270.5, -0.367488
14271, -0.358336
14271.5, -0.364437
14272, -0.352234
14272.5, -0.361386
14273, -0.355285
14273.5, -0.355285
14274, -0.367488
14274.5, -0.364437
14275, -0.361386
14275.5, -0.367488
14276, -0.346132
14276.5, -0.346132
14277, -0.364437
14277.5, -0.364437
14278, -0.364437
14278.5, -0.349183
14279, -0.37359
14279.5, -0.367488
14280, -0.346132
14280.5, -0.349183
14281, -0.352234
14281.5, -0.370539
14282, -0.37359
14282.5, -0.361386
14283, -0.376641
14283.5, -0.358336
14284, -0.346132
14284.5, -0.349183
14285, -0.346132
14285.5, -0.361386
14286, -0.370539
14286.5, -0.355285
14287, -0.370539
14287.5, -0.364437
14288, -0.361386
14288.5, -0.352234
14289, -0.361386
14289.5, -0.367488
14290, -0.379692
14290.5, -0.355285
14291, -0.343081
14291.5, -0.352234
14292, -0.355285
14292.5, -0.355285
14293, -0.382743
14293.5, -0.355285
14294, -0.367488
14294.5, -0.361386
14295, -0.349183
14295.5, -0.349183
14296, -0.34003
14296.5, -0.358336
14297, -0.370539
14297.5, -0.37359
14298, -0.361386
14298.5, -0.382743
14299, -0.315622
14299.5, -0.355285
14300, -0.343081
14300.5, -0.346132
14301, -0.385794
14301.5, -0.367488
14302, -0.37359
14302.5, -0.333928
14303, -0.321724
14303.5, -0.343081
14304, -0.327826
14304.5, -0.376641
14305, -0.37359
14305.5, -0.376641
14306, -0.379692
14306.5, -0.336979
14307, -0.330877
14307.5, -0.352234
14308, -0.34003
14308.5, -0.376641
14309, -0.382743
14309.5, -0.379692
14310, -0.367488
14310.5, -0.346132
14311, -0.306469
14311.5, -0.352234
14312, -0.327826
14312.5, -0.370539
14313, -0.385794
14313.5, -0.382743
14314, -0.376641
14314.5, -0.346132
14315, -0.346132
14315.5, -0.336979
14316, -0.376641
14316.5, -0.367488
14317, -0.391896
14317.5, -0.367488
14318, -0.312571
14318.5, -0.34003
14319, -0.315622
14319.5, -0.349183
14320, -0.367488
14320.5, -0.355285
14321, -0.376641
14321.5, -0.382743
14322, -0.303418
14322.5, -0.333928
14323, -0.336979
14323.5, -0.352234
14324, -0.388845
14324.5, -0.367488
14325, -0.385794
14325.5, -0.370539
14326, -0.34003
14326.5, -0.343081
14327, -0.321724
14327.5, -0.364437
14328, -0.37359
14328.5, -0.370539
14329, -0.376641
14329.5, -0.30952
14330, -0.352234
14330.5, -0.34003
14331, -0.349183
14331.5, -0.352234
14332, -0.37359
14332.5, -0.379692
14333, -0.388845
14333.5, -0.346132
14334, -0.336979
14334.5, -0.330877
14335, -0.367488
14335.5, -0.382743
14336, -0.370539
14336.5, -0.388845
14337, -0.385794
14337.5, -0.327826
14338, -0.355285
14338.5, -0.333928
14339, -0.349183
14339.5, -0.385794
14340, -0.370539
14340.5, -0.394947
14341, -0.318673
14341.5, -0.312571
14342, -0.352234
14342.5, -0.333928
14343, -0.379692
14343.5, -0.385794
14344, -0.385794
14344.5, -0.394947
14345, -0.355285
14345.5, -0.312571
14346, -0.37359
14346.5, -0.333928
14347, -0.364437
14347.5, -0.388845
14348, -0.364437
14348.5, -0.370539
14349, -0.388845
14349.5, -0.303418
14350, -0.370539
14350.5, -0.336979
14351, -0.361386
14351.5, -0.37359
14352, -0.358336
14352.5, -0.367488
14353, -0.364437
14353.5, -0.346132
14354, -0.367488
14354.5, -0.352234
14355, -0.367488
14355.5, -0.394947
14356, -0.349183
14356.5, -0.30952
14357, -0.361386
14357.5, -0.358336
14358, -0.346132
14358.5, -0.382743
14359, -0.367488
14359.5, -0.385794
14360, -0.37359
14360.5, -0.336979
14361, -0.355285
14361.5, -0.367488
14362, -0.352234
14362.5, -0.358336
14363, -0.370539
14363.5, -0.394947
14364, -0.370539
14364.5, -0.306469
14365, -0.364437
14365.5, -0.364437
14366, -0.361386
14366.5, -0.364437
14367, -0.358336
14367.5, -0.361386
14368, -0.367488
14368.5, -0.321724
14369, -0.361386
14369.5, -0.364437
14370, -0.349183
14370.5, -0.382743
14371, -0.355285
14371.5, -0.37359
14372, -0.352234
14372.5, -0.358336
14373, -0.364437
14373.5, -0.364437
14374, -0.370539
14374.5, -0.361386
14375, -0.361386
14375.5, -0.37359
14376, -0.346132
14376.5, -0.349183
14377, -0.346132
14377.5, -0.367488
14378, -0.379692
14378.5, -0.349183
14379, -0.407151
14379.5, -0.376641
14380, -0.346132
14380.5, -0.330877
14381, -0.349183
14381.5, -0.358336
14382, -0.364437
14382.5, -0.361386
14383, -0.361386
14383.5, -0.358336
14384, -0.336979
14384.5, -0.367488
14385, -0.343081
14385.5, -0.367488
14386, -0.370539
14386.5, -0.367488
14387, -0.370539
14387.5, -0.364437
14388, -0.349183
14388.5, -0.367488
14389, -0.333928
14389.5, -0.367488
14390, -0.370539
14390.5, -0.364437
14391, -0.370539
14391.5, -0.364437
14392, -0.355285
14392.5, -0.358336
14393, -0.364437
14393.5, -0.361386
14394, -0.370539
14394.5, -0.358336
14395, -0.349183
14395.5, -0.367488
14396, -0.333928
14396.5, -0.349183
14397, -0.376641
14397.5, -0.367488
14398, -0.37359
14398.5, -0.376641
14399, -0.336979
14399.5, -0.379692
14400, -0.349183
14400.5, -0.361386
14401, -0.367488
14401.5, -0.370539
14402, -0.379692
14402.5, -0.385794
14403, -0.333928
14403.5, -0.370539
14404, -0.330877
14404.5, -0.364437
14405, -0.370539
14405.5, -0.370539
14406, -0.388845
14406.5, -0.379692
14407, -0.330877
14407.5, -0.361386
14408, -0.346132
14408.5, -0.367488
14409, -0.370539
14409.5, -0.379692
14410, -0.376641
14410.5, -0.361386
14411, -0.367488
14411.5, -0.352234
14412, -0.349183
14412.5, -0.361386
14413, -0.37359
14413.5, -0.37359
14414, -0.370539
14414.5, -0.370539
14415, -0.352234
14415.5, -0.34003
14416, -0.336979
14416.5, -0.376641
14417, -0.379692
14417.5, -0.355285
14418, -0.367488
14418.5, -0.346132
14419, -0.333928
14419.5, -0.346132
14420, -0.379692
14420.5, -0.367488
14421, -0.382743
14421.5, -0.367488
14422, -0.336979
14422.5, -0.364437
14423, -0.333928
14423.5, -0.352234
14424, -0.385794
14424.5, -0.37359
14425, -0.376641
14425.5, -0.364437
14426, -0.312571
14426.5, -0.330877
14427, -0.330877
14427.5, -0.349183
14428, -0.382743
14428.5, -0.382743
14429, -0.388845
14429.5, -0.385794
14430, -0.327826
14430.5, -0.324775
14431, -0.318673
14431.5, -0.346132
14432, -0.382743
14432.5, -0.382743
14433, -0.391896
14433.5, -0.346132
14434, -0.324775
14434.5, -0.352234
14435, -0.349183
14435.5, -0.37359
14436, -0.37359
14436.5, -0.370539
14437, -0.382743
14437.5, -0.336979
14438, -0.315622
14438.5, -0.34003
14439, -0.336979
14439.5, -0.382743
14440, -0.388845
14440.5, -0.376641
14441, -0.37359
14441.5, -0.34003
14442, -0.306469
14442.5, -0.352234
14443, -0.352234
14443.5, -0.37359
14444, -0.376641
14444.5, -0.388845
14445, -0.376641
14445.5, -0.34003
14446, -0.330877
14446.5, -0.327826
14447, -0.37359
14447.5, -0.385794
14448, -0.367488
14448.5, -0.394947
14449, -0.324775
14449.5, -0.318673
14450, -0.358336
14450.5, -0.34003
14451, -0.379692
14451.5, -0.391896
14452, -0.391896
14452.5, -0.388845
14453, -0.346132
14453.5, -0.321724
14454, -0.361386
14454.5, -0.34003
14455, -0.367488
14455.5, -0.367488
14456, -0.370539
14456.5, -0.388845
14457, -0.336979
14457.5, -0.343081
14458, -0.376641
14458.5, -0.352234
14459, -0.370539
14459.5, -0.376641
14460, -0.367488
14460.5, -0.336979
14461, -0.343081
14461.5, -0.327826
14462, -0.364437
14462.5, -0.388845
14463, -0.385794
14463.5, -0.4041
14464, -0.370539
14464.5, -0.300367
14465, -0.355285
14465.5, -0.315622
14466, -0.364437
14466.5, -0.388845
14467, -0.358336
14467.5, -0.391896
14468, -0.367488
14468.5, -0.291214
14469, -0.376641
14469.5, -0.312571
14470, -0.358336
14470.5, -0.379692
14471, -0.355285
14471.5, -0.388845
14472, -0.376641
14472.5, -0.312571
14473, -0.361386
14473.5, -0.324775
14474, -0.364437
14474.5, -0.397998
14475, -0.376641
14475.5, -0.391896
14476, -0.358336
14476.5, -0.343081
14477, -0.355285
14477.5, -0.349183
14478, -0.370539
14478.5, -0.370539
14479, -0.370539
14479.5, -0.410202
14480, -0.376641
14480.5, -0.294265
14481, -0.361386
14481.5, -0.358336
14482, -0.37359
14482.5, -0.379692
14483, -0.367488
14483.5, -0.4041
14484, -0.364437
14484.5, -0.321724
14485, -0.352234
14485.5, -0.358336
14486, -0.37359
14486.5, -0.367488
14487, -0.355285
14487.5, -0.349183
14488, -0.370539
14488.5, -0.349183
14489, -0.346132
14489.5, -0.385794
14490, -0.364437
14490.5, -0.391896
14491, -0.364437
14491.5, -0.315622
14492, -0.364437
14492.5, -0.364437
14493, -0.349183
14493.5, -0.376641
14494, -0.370539
14494.5, -0.370539
14495, -0.370539
14495.5, -0.321724
14496, -0.370539
14496.5, -0.343081
14497, -0.346132
14497.5, -0.364437
14498, -0.364437
14498.5, -0.361386
14499, -0.330877
14499.5, -0.364437
14500, -0.349183
14500.5, -0.370539
14501, -0.37359
14501.5, -0.379692
14502, -0.364437
14502.5, -0.358336
14503, -0.355285
14503.5, -0.361386
14504, -0.346132
14504.5, -0.364437
14505, -0.370539
14505.5, -0.361386
14506, -0.370539
14506.5, -0.355285
14507, -0.367488
14507.5, -0.349183
14508, -0.346132
14508.5, -0.355285
14509, -0.352234
14509.5, -0.367488
14510, -0.370539
14510.5, -0.364437
14511, -0.349183
14511.5, -0.358336
14512, -0.355285
14512.5, -0.364437
14513, -0.370539
14513.5, -0.364437
14514, -0.358336
14514.5, -0.367488
14515, -0.330877
14515.5, -0.352234
14516, -0.355285
14516.5, -0.358336
14517, -0.382743
14517.5, -0.370539
14518, -0.370539
14518.5, -0.367488
14519, -0.34003
14519.5, -0.364437
14520, -0.349183
14520.5, -0.358336
14521, -0.385794
14521.5, -0.361386
14522, -0.394947
14522.5, -0.382743
14523, -0.327826
14523.5, -0.370539
14524, -0.34003
14524.5, -0.370539
14525, -0.382743
14525.5, -0.37359
14526, -0.346132
14526.5, -0.346132
14527, -0.346132
14527.5, -0.358336
14528, -0.370539
14528.5, -0.37359
14529, -0.388845
14529.5, -0.355285
14530, -0.327826
14530.5, -0.358336
14531, -0.343081
14531.5, -0.358336
14532, -0.394947
14532.5, -0.385794
14533, -0.376641
14533.5, -0.376641
14534, -0.312571
14534.5, -0.364437
14535, -0.352234
14535.5, -0.333928
14536, -0.382743
14536.5, -0.37359
14537, -0.379692
14537.5, -0.346132
14538, -0.330877
14538.5, -0.355285
14539, -0.367488
14539.5, -0.364437
14540, -0.382743
14540.5, -0.361386
14541, -0.388845
14541.5, -0.343081
14542, -0.321724
14542.5, -0.333928
14543, -0.346132
14543.5, -0.367488
14544, -0.361386
14544.5, -0.370539
14545, -0.394947
14545.5, -0.361386
14546, -0.34003
14546.5, -0.34003
14547, -0.343081
14547.5, -0.367488
14548, -0.370539
14548.5, -0.37359
14549, -0.394947
14549.5, -0.336979
14550, -0.327826
14550.5, -0.346132
14551, -0.333928
14551.5, -0.388845
14552, -0.370539
14552.5, -0.367488
14553, -0.321724
14553.5, -0.324775
14554, -0.330877
14554.5, -0.333928
14555, -0.376641
14555.5, -0.382743
14556, -0.379692
14556.5, -0.385794
14557, -0.330877
14557.5, -0.30952
14558, -0.321724
14558.5, -0.333928
14559, -0.382743
14559.5, -0.376641
14560, -0.394947
14560.5, -0.367488
14561, -0.294265
14561.5, -0.330877
14562, -0.336979
14562.5, -0.343081
14563, -0.385794
14563.5, -0.376641
14564, -0.401049
14564.5, -0.343081
14565, -0.327826
14565.5, -0.330877
14566, -0.349183
14566.5, -0.355285
14567, -0.388845
14567.5, -0.376641
14568, -0.401049
14568.5, -0.327826
14569, -0.312571
14569.5, -0.336979
14570, -0.34003
14570.5, -0.388845
14571, -0.370539
14571.5, -0.394947
14572, -0.401049
14572.5, -0.324775
14573, -0.370539
14573.5, -0.34003
14574, -0.349183
14574.5, -0.364437
14575, -0.385794
14575.5, -0.394947
14576, -0.370539
14576.5, -0.300367
14577, -0.306469
14577.5, -0.330877
14578, -0.367488
14578.5, -0.379692
14579, -0.361386
14579.5, -0.397998
14580, -0.346132
14580.5, -0.336979
14581, -0.336979
14581.5, -0.318673
14582, -0.376641
14582.5, -0.355285
14583, -0.401049
14583.5, -0.401049
14584, -0.343081
14584.5, -0.300367
14585, -0.358336
14585.5, -0.330877
14586, -0.358336
14586.5, -0.367488
14587, -0.37359
14587.5, -0.385794
14588, -0.346132
14588.5, -0.300367
14589, -0.352234
14589.5, -0.321724
14590, -0.361386
14590.5, -0.382743
14591, -0.349183
14591.5, -0.336979
14592, -0.349183
14592.5, -0.318673
14593, -0.376641
14593.5, -0.379692
14594, -0.367488
14594.5, -0.394947
14595, -0.361386
14595.5, -0.315622
14596, -0.364437
14596.5, -0.324775
14597, -0.37359
14597.5, -0.391896
14598, -0.361386
14598.5, -0.361386
14599, -0.358336
14599.5, -0.312571
14600, -0.367488
14600.5, -0.361386
14601, -0.355285
14601.5, -0.388845
14602, -0.361386
14602.5, -0.358336
14603, -0.391896
14603.5, -0.361386
14604, -0.355285
14604.5, -0.343081
14605, -0.352234
14605.5, -0.382743
14606, -0.358336
14606.5, -0.355285
14607, -0.358336
14607.5, -0.318673
14608, -0.352234
14608.5, -0.370539
14609, -0.358336
14609.5, -0.394947
14610, -0.364437
14610.5, -0.355285
14611, -0.358336
14611.5, -0.355285
14612, -0.358336
14612.5, -0.370539
14613, -0.37359
14613.5, -0.37359
14614, -0.352234
14614.5, -0.358336
14615, -0.346132
14615.5, -0.327826
14616, -0.358336
14616.5, -0.358336
14617, -0.37359
14617.5, -0.364437
14618, -0.352234
14618.5, -0.370539
14619, -0.349183
14619.5, -0.346132
14620, -0.358336
14620.5, -0.370539
14621, -0.367488
14621.5, -0.358336
14622, -0.385794
14622.5, -0.336979
14623, -0.346132
14623.5, -0.352234
14624, -0.352234
14624.5, -0.358336
14625, -0.382743
14625.5, -0.364437
14626, -0.364437
14626.5, -0.355285
14627, -0.370539
14627.5, -0.367488
14628, -0.352234
14628.5, -0.361386
14629, -0.367488
14629.5, -0.346132
14630, -0.336979
14630.5, -0.355285
14631, -0.336979
14631.5, -0.355285
14632, -0.364437
14632.5, -0.364437
14633, -0.37359
14633.5, -0.370539
14634, -0.355285
14634.5, -0.355285
14635, -0.376641
14635.5, -0.358336
14636, -0.385794
14636.5, -0.379692
14637, -0.367488
14637.5, -0.355285
14638, -0.324775
14638.5, -0.352234
14639, -0.352234
14639.5, -0.346132
14640, -0.370539
14640.5, -0.355285
14641, -0.364437
14641.5, -0.37359
14642, -0.330877
14642.5, -0.349183
14643, -0.346132
14643.5, -0.364437
14644, -0.364437
14644.5, -0.355285
14645, -0.379692
14645.5, -0.367488
14646, -0.324775
14646.5, -0.349183
14647, -0.330877
14647.5, -0.370539
14648, -0.382743
14648.5, -0.367488
14649, -0.379692
14649.5, -0.346132
14650, -0.333928
14650.5, -0.364437
14651, -0.343081
14651.5, -0.37359
14652, -0.367488
14652.5, -0.364437
14653, -0.391896
14653.5, -0.34003
14654, -0.352234
14654.5, -0.355285
14655, -0.346132
14655.5, -0.376641
14656, -0.358336
14656.5, -0.379692
14657, -0.364437
14657.5, -0.355285
14658, -0.312571
14658.5, -0.361386
14659, -0.364437
14659.5, -0.37359
14660, -0.391896
14660.5, -0.376641
14661, -0.324775
14661.5, -0.352234
14662, -0.346132
14662.5, -0.327826
14663, -0.401049
14663.5, -0.367488
14664, -0.388845
14664.5, -0.382743
14665, -0.312571
14665.5, -0.364437
14666, -0.343081
14666.5, -0.349183
14667, -0.364437
14667.5, -0.367488
14668, -0.382743
14668.5, -0.361386
14669, -0.327826
14669.5, -0.34003
14670, -0.333928
14670.5, -0.352234
14671, -0.361386
14671.5, -0.364437
14672, -0.385794
14672.5, -0.318673
14673, -0.300367
14673.5, -0.343081
14674, -0.321724
14674.5, -0.361386
14675, -0.385794
14675.5, -0.385794
14676, -0.388845
14676.5, -0.346132
14677, -0.306469
14677.5, -0.333928
14678, -0.349183
14678.5, -0.37359
14679, -0.376641
14679.5, -0.391896
14680, -0.391896
14680.5, -0.327826
14681, -0.312571
14681.5, -0.346132
14682, -0.343081
14682.5, -0.370539
14683, -0.391896
14683.5, -0.364437
14684, -0.364437
14684.5, -0.346132
14685, -0.318673
14685.5, -0.327826
14686, -0.370539
14686.5, -0.382743
14687, -0.394947
14687.5, -0.367488
14688, -0.297316
14688.5, -0.321724
14689, -0.324775
14689.5, -0.358336
14690, -0.370539
14690.5, -0.370539
14691, -0.367488
14691.5, -0.367488
14692, -0.312571
14692.5, -0.306469
14693, -0.349183
14693.5, -0.346132
14694, -0.376641
14694.5, -0.382743
14695, -0.364437
14695.5, -0.379692
14696, -0.336979
14696.5, -0.333928
14697, -0.34003
14697.5, -0.358336
14698, -0.370539
14698.5, -0.37359
14699, -0.382743
14699.5, -0.330877
14700, -0.336979
14700.5, -0.349183
14701, -0.379692
14701.5, -0.361386
14702, -0.382743
14702.5, -0.382743
14703, -0.358336
14703.5, -0.318673
14704, -0.324775
14704.5, -0.346132
14705, -0.336979
14705.5, -0.37359
14706, -0.367488
14706.5, -0.376641
14707, -0.37359
14707.5, -0.364437
14708, -0.327826
14708.5, -0.352234
14709, -0.352234
14709.5, -0.367488
14710, -0.358336
14710.5, -0.376641
14711, -0.37359
14711.5, -0.315622
14712, -0.355285
14712.5, -0.346132
14713, -0.346132
14713.5, -0.382743
14714, -0.364437
14714.5, -0.407151
14715, -0.367488
14715.5, -0.315622
14716, -0.355285
14716.5, -0.327826
14717, -0.367488
14717.5, -0.376641
14718, -0.361386
14718.5, -0.397998
14719, -0.34003
14719.5, -0.330877
14720, -0.367488
14720.5, -0.358336
14721, -0.364437
14721.5, -0.391896
14722, -0.361386
14722.5, -0.367488
14723, -0.361386
14723.5, -0.336979
14724, -0.361386
14724.5, -0.379692
14725, -0.361386
14725.5, -0.370539
14726, -0.358336
14726.5, -0.318673
14727, -0.367488
14727.5, -0.346132
14728, -0.355285
14728.5, -0.388845
14729, -0.358336
14729.5, -0.37359
14730, -0.370539
14730.5, -0.330877
14731, -0.303418
14731.5, -0.34003
14732, -0.364437
14732.5, -0.401049
14733, -0.376641
14733.5, -0.370539
14734, -0.361386
14734.5, -0.349183
14735, -0.352234
14735.5, -0.352234
14736, -0.364437
14736.5, -0.385794
14737, -0.352234
14737.5, -0.349183
14738, -0.349183
14738.5, -0.355285
14739, -0.34003
14739.5, -0.376641
14740, -0.376641
14740.5, -0.364437
14741, -0.361386
14741.5, -0.370539
14742, -0.37359
14742.5, -0.367488
14743, -0.349183
14743.5, -0.376641
14744, -0.388845
14744.5, -0.367488
14745, -0.358336
14745.5, -0.358336
14746, -0.34003
14746.5, -0.370539
14747, -0.355285
14747.5, -0.358336
14748, -0.367488
14748.5, -0.352234
14749, -0.358336
14749.5, -0.355285
14750, -0.355285
14750.5, -0.367488
14751, -0.352234
14751.5, -0.370539
14752, -0.358336
14752.5, -0.361386
14753, -0.367488
14753.5, -0.355285
14754, -0.343081
14754.5, -0.367488
14755, -0.336979
14755.5, -0.37359
14756, -0.349183
14756.5, -0.370539
14757, -0.379692
14757.5, -0.355285
14758, -0.367488
14758.5, -0.361386
14759, -0.343081
14759.5, -0.364437
14760, -0.361386
14760.5, -0.364437
14761, -0.382743
14761.5, -0.367488
14762, -0.358336
14762.5, -0.352234
14763, -0.364437
14763.5, -0.361386
14764, -0.385794
14764.5, -0.358336
14765, -0.343081
14765.5, -0.370539
14766, -0.352234
14766.5, -0.355285
14767, -0.352234
14767.5, -0.370539
14768, -0.367488
14768.5, -0.370539
14769, -0.336979
14769.5, -0.336979
14770, -0.333928
14770.5, -0.358336
14771, -0.361386
14771.5, -0.358336
14772, -0.379692
14772.5, -0.361386
14773, -0.324775
14773.5, -0.34003
14774, -0.336979
14774.5, -0.364437
14775, -0.355285
14775.5, -0.376641
14776, -0.358336
14776.5, -0.379692
14777, -0.327826
14777.5, -0.346132
14778, -0.34003
14778.5, -0.379692
14779, -0.379692
14779.5, -0.37359
14780, -0.370539
14780.5, -0.367488
14781, -0.321724
14781.5, -0.361386
14782, -0.336979
14782.5, -0.367488
14783, -0.358336
14783.5, -0.385794
14784, -0.382743
14784.5, -0.358336
14785, -0.333928
14785.5, -0.361386
14786, -0.346132
14786.5, -0.370539
14787, -0.370539
14787.5, -0.379692
14788, -0.388845
14788.5, -0.343081
14789, -0.30952
14789.5, -0.343081
14790, -0.355285
14790.5, -0.358336
14791, -0.37359
14791.5, -0.370539
14792, -0.312571
14792.5, -0.343081
14793, -0.327826
14793.5, -0.34003
14794, -0.37359
14794.5, -0.364437
14795, -0.358336
14795.5, -0.379692
14796, -0.321724
14796.5, -0.330877
14797, -0.37359
14797.5, -0.336979
14798, -0.370539
14798.5, -0.364437
14799, -0.379692
14799.5, -0.37359
14800, -0.312571
14800.5, -0.34003
14801, -0.352234
14801.5, -0.355285
14802, -0.385794
14802.5, -0.367488
14803, -0.391896
14803.5, -0.364437
14804, -0.30952
14804.5, -0.34003
14805, -0.336979
14805.5, -0.370539
14806, -0.385794
14806.5, -0.367488
14807, -0.4041
14807.5, -0.330877
14808, -0.324775
14808.5, -0.364437
14809, -0.324775
14809.5, -0.376641
14810, -0.379692
14810.5, -0.382743
14811, -0.379692
14811.5, -0.343081
14812, -0.321724
14812.5, -0.346132
14813, -0.343081
14813.5, -0.364437
14814, -0.394947
14814.5, -0.379692
14815, -0.397998
14815.5, -0.336979
14816, -0.358336
14816.5, -0.330877
14817, -0.370539
14817.5, -0.361386
14818, -0.361386
14818.5, -0.385794
14819, -0.312571
14819.5, -0.333928
14820, -0.367488
14820.5, -0.349183
14821, -0.370539
14821.5, -0.37359
14822, -0.388845
14822.5, -0.382743
14823, -0.343081
14823.5, -0.324775
14824, -0.361386
14824.5, -0.343081
14825, -0.364437
14825.5, -0.379692
14826, -0.385794
14826.5, -0.382743
14827, -0.324775
14827.5, -0.336979
14828, -0.349183
14828.5, -0.355285
14829, -0.367488
14829.5, -0.388845
14830, -0.352234
14830.5, -0.352234
14831, -0.330877
14831.5, -0.343081
14832, -0.361386
14832.5, -0.385794
14833, -0.361386
14833.5, -0.382743
14834, -0.364437
14834.5, -0.30952
14835, -0.352234
14835.5, -0.336979
14836, -0.358336
14836.5, -0.379692
14837, -0.355285
14837.5, -0.391896
14838, -0.370539
14838.5, -0.330877
14839, -0.358336
14839.5, -0.346132
14840, -0.358336
14840.5, -0.370539
14841, -0.364437
14841.5, -0.388845
14842, -0.361386
14842.5, -0.324775
14843, -0.352234
14843.5, -0.370539
14844, -0.370539
14844.5, -0.37359
14845, -0.355285
14845.5, -0.376641
14846, -0.370539
14846.5, -0.346132
14847, -0.343081
14847.5, -0.355285
14848, -0.367488
14848.5, -0.382743
14849, -0.349183
14849.5, -0.358336
14850, -0.358336
14850.5, -0.346132
14851, -0.358336
14851.5, -0.352234
14852, -0.358336
14852.5, -0.370539
14853, -0.370539
14853.5, -0.382743
14854, -0.367488
14854.5, -0.367488
14855, -0.352234
14855.5, -0.364437
14856, -0.355285
14856.5, -0.370539
14857, -0.352234
14857.5, -0.330877
14858, -0.364437
14858.5, -0.349183
14859, -0.358336
14859.5, -0.379692
14860, -0.361386
14860.5, -0.391896
14861, -0.367488
14861.5, -0.367488
14862, -0.358336
14862.5, -0.355285
14863, -0.355285
14863.5, -0.367488
14864, -0.367488
14864.5, -0.37359
14865, -0.367488
14865.5, -0.370539
14866, -0.358336
14866.5, -0.355285
14867, -0.355285
14867.5, -0.361386
14868, -0.376641
14868.5, -0.355285
14869, -0.367488
14869.5, -0.367488
14870, -0.349183
14870.5, -0.367488
14871, -0.37359
14871.5, -0.367488
14872, -0.379692
14872.5, -0.346132
14873, -0.37359
14873.5, -0.358336
14874, -0.358336
14874.5, -0.364437
14875, -0.352234
14875.5, -0.367488
14876, -0.364437
14876.5, -0.352234
14877, -0.358336
14877.5, -0.358336
14878, -0.343081
14878.5, -0.358336
14879, -0.367488
14879.5, -0.361386
14880, -0.379692
14880.5, -0.364437
14881, -0.346132
14881.5, -0.358336
14882, -0.355285
14882.5, -0.355285
14883, -0.37359
14883.5, -0.361386
14884, -0.364437
14884.5, -0.367488
14885, -0.324775
14885.5, -0.361386
14886, -0.336979
14886.5, -0.37359
14887, -0.37359
14887.5, -0.361386
14888, -0.397998
14888.5, -0.367488
14889, -0.321724
14889.5, -0.358336
14890, -0.349183
14890.5, -0.361386
14891, -0.364437
14891.5, -0.355285
14892, -0.394947
14892.5, -0.358336
14893, -0.306469
14893.5, -0.367488
14894, -0.349183
14894.5, -0.37359
14895, -0.370539
14895.5, -0.352234
14896, -0.346132
14896.5, -0.367488
14897, -0.336979
14897.5, -0.349183
14898, -0.379692
14898.5, -0.370539
14899, -0.367488
14899.5, -0.37359
14900, -0.327826
14900.5, -0.355285
14901, -0.346132
14901.5, -0.346132
14902, -0.37359
14902.5, -0.355285
14903, -0.388845
14903.5, -0.376641
14904, -0.352234
14904.5, -0.358336
14905, -0.333928
14905.5, -0.358336
14906, -0.391896
14906.5, -0.352234
14907, -0.391896
14907.5, -0.376641
14908, -0.318673
14908.5, -0.358336
14909, -0.336979
14909.5, -0.358336
14910, -0.376641
14910.5, -0.37359
14911, -0.397998
14911.5, -0.349183
14912, -0.355285
14912.5, -0.349183
14913, -0.336979
14913.5, -0.385794
14914, -0.379692
14914.5, -0.376641
14915, -0.382743
14915.5, -0.327826
14916, -0.315622
14916.5, -0.34003
14917, -0.321724
14917.5, -0.379692
14918, -0.376641
14918.5, -0.382743
14919, -0.388845
14919.5, -0.336979
14920, -0.324775
14920.5, -0.343081
14921, -0.333928
14921.5, -0.367488
14922, -0.397998
14922.5, -0.379692
14923, -0.34003
14923.5, -0.327826
14924, -0.327826
14924.5, -0.34003
14925, -0.37359
14925.5, -0.361386
14926, -0.379692
14926.5, -0.379692
14927, -0.303418
14927.5, -0.330877
14928, -0.343081
14928.5, -0.343081
14929, -0.379692
14929.5, -0.364437
14930, -0.367488
14930.5, -0.376641
14931, -0.327826
14931.5, -0.333928
14932, -0.34003
14932.5, -0.355285
14933, -0.385794
14933.5, -0.370539
14934, -0.382743
14934.5, -0.361386
14935, -0.355285
14935.5, -0.355285
14936, -0.327826
14936.5, -0.361386
14937, -0.382743
14937.5, -0.385794
14938, -0.376641
14938.5, -0.34003
14939, -0.352234
14939.5, -0.352234
14940, -0.379692
14940.5, -0.376641
14941, -0.382743
14941.5, -0.385794
14942, -0.376641
14942.5, -0.349183
14943, -0.333928
14943.5, -0.327826
14944, -0.361386
14944.5, -0.370539
14945, -0.355285
14945.5, -0.394947
14946, -0.37359
14946.5, -0.333928
14947, -0.330877
14947.5, -0.346132
14948, -0.364437
14948.5, -0.364437
14949, -0.367488
14949.5, -0.385794
14950, -0.349183
14950.5, -0.315622
14951, -0.355285
14951.5, -0.318673
14952, -0.361386
14952.5, -0.379692
14953, -0.364437
14953.5, -0.385794
14954, -0.367488
14954.5, -0.303418
14955, -0.324775
14955.5, -0.355285
14956, -0.358336
14956.5, -0.358336
14957, -0.349183
14957.5, -0.382743
14958, -0.364437
14958.5, -0.327826
14959, -0.364437
14959.5, -0.355285
14960, -0.370539
14960.5, -0.391896
14961, -0.364437
14961.5, -0.349183
14962, -0.364437
14962.5, -0.333928
14963, -0.37359
14963.5, -0.379692
14964, -0.355285
14964.5, -0.364437
14965, -0.343081
14965.5, -0.349183
14966, -0.361386
14966.5, -0.333928
14967, -0.352234
14967.5, -0.376641
14968, -0.376641
14968.5, -0.379692
14969, -0.355285
14969.5, -0.324775
14970, -0.355285
14970.5, -0.376641
14971, -0.361386
14971.5, -0.382743
14972, -0.367488
14972.5, -0.367488
14973, -0.364437
14973.5, -0.343081
14974, -0.346132
14974.5, -0.349183
14975, -0.361386
14975.5, -0.364437
14976, -0.367488
14976.5, -0.370539
14977, -0.364437
14977.5, -0.324775
14978, -0.370539
14978.5, -0.361386
14979, -0.361386
14979.5, -0.349183
14980, -0.355285
14980.5, -0.361386
14981, -0.367488
14981.5, -0.333928
14982, -0.349183
14982.5, -0.37359
14983, -0.376641
14983.5, -0.370539
14984, -0.370539
14984.5, -0.37359
14985, -0.361386
14985.5, -0.358336
14986, -0.34003
14986.5, -0.367488
14987, -0.379692
14987.5, -0.349183
14988, -0.358336
14988.5, -0.321724
14989, -0.34003
14989.5, -0.370539
14990, -0.352234
14990.5, -0.364437
14991, -0.37359
14991.5, -0.364437
14992, -0.37359
14992.5, -0.358336
14993, -0.355285
14993.5, -0.355285
14994, -0.343081
14994.5, -0.364437
14995, -0.367488
14995.5, -0.358336
14996, -0.382743
14996.5, -0.358336
14997, -0.346132
14997.5, -0.355285
14998, -0.346132
14998.5, -0.367488
14999, -0.37359
14999.5, -0.355285
15000, -0.379692
15000.5, -0.352234
15001, -0.352234
15001.5, -0.346132
15002, -0.37359
15002.5, -0.367488
15003, -0.370539
15003.5, -0.367488
15004, -0.352234
15004.5, -0.367488
15005, -0.34003
15005.5, -0.333928
15006, -0.382743
15006.5, -0.355285
15007, -0.379692
15007.5, -0.349183
15008, -0.336979
15008.5, -0.382743
15009, -0.34003
15009.5, -0.358336
15010, -0.358336
15010.5, -0.370539
15011, -0.391896
15011.5, -0.364437
15012, -0.327826
15012.5, -0.364437
15013, -0.336979
15013.5, -0.364437
15014, -0.376641
15014.5, -0.346132
15015, -0.382743
15015.5, -0.364437
15016, -0.333928
15016.5, -0.346132
15017, -0.34003
15017.5, -0.370539
15018, -0.349183
15018.5, -0.361386
15019, -0.370539
15019.5, -0.358336
15020, -0.34003
15020.5, -0.346132
15021, -0.336979
15021.5, -0.388845
15022, -0.358336
15022.5, -0.367488
15023, -0.376641
15023.5, -0.361386
15024, -0.34003
15024.5, -0.343081
15025, -0.349183
15025.5, -0.367488
15026, -0.364437
15026.5, -0.37359
15027, -0.364437
15027.5, -0.358336
15028, -0.327826
15028.5, -0.34003
15029, -0.37359
15029.5, -0.376641
15030, -0.37359
15030.5, -0.370539
15031, -0.30952
15031.5, -0.336979
15032, -0.343081
15032.5, -0.352234
15033, -0.382743
15033.5, -0.379692
15034, -0.388845
15034.5, -0.367488
15035, -0.315622
15035.5, -0.34003
15036, -0.330877
15036.5, -0.361386
15037, -0.379692
15037.5, -0.361386
15038, -0.385794
15038.5, -0.376641
15039, -0.30952
15039.5, -0.336979
15040, -0.324775
15040.5, -0.358336
15041, -0.379692
15041.5, -0.367488
15042, -0.391896
15042.5, -0.30952
15043, -0.336979
15043.5, -0.336979
15044, -0.330877
15044.5, -0.358336
15045, -0.385794
15045.5, -0.382743
15046, -0.385794
15046.5, -0.346132
15047, -0.30952
15047.5, -0.343081
15048, -0.333928
15048.5, -0.364437
15049, -0.376641
15049.5, -0.361386
15050, -0.394947
15050.5, -0.352234
15051, -0.324775
15051.5, -0.343081
15052, -0.333928
15052.5, -0.37359
15053, -0.370539
15053.5, -0.391896
15054, -0.370539
15054.5, -0.327826
15055, -0.333928
15055.5, -0.367488
15056, -0.37359
15056.5, -0.379692
15057, -0.379692
15057.5, -0.391896
15058, -0.327826
15058.5, -0.30952
15059, -0.358336
15059.5, -0.321724
15060, -0.361386
15060.5, -0.355285
15061, -0.37359
15061.5, -0.37359
15062, -0.355285
15062.5, -0.333928
15063, -0.361386
15063.5, -0.327826
15064, -0.361386
15064.5, -0.379692
15065, -0.364437
15065.5, -0.37359
15066, -0.358336
15066.5, -0.327826
15067, -0.364437
15067.5, -0.370539
15068, -0.367488
15068.5, -0.382743
15069, -0.361386
15069.5, -0.306469
15070, -0.367488
15070.5, -0.349183
15071, -0.358336
15071.5, -0.379692
15072, -0.349183
15072.5, -0.37359
15073, -0.361386
15073.5, -0.318673
15074, -0.358336
15074.5, -0.361386
15075, -0.349183
15075.5, -0.385794
15076, -0.361386
15076.5, -0.364437
15077, -0.370539
15077.5, -0.34003
15078, -0.361386
15078.5, -0.361386
15079, -0.358336
15079.5, -0.385794
15080, -0.358336
15080.5, -0.376641
15081, -0.352234
15081.5, -0.327826
15082, -0.358336
15082.5, -0.358336
15083, -0.370539
15083.5, -0.382743
15084, -0.364437
15084.5, -0.364437
15085, -0.330877
15085.5, -0.333928
15086, -0.358336
15086.5, -0.367488
15087, -0.391896
15087.5, -0.382743
15088, -0.367488
15088.5, -0.370539
15089, -0.358336
15089.5, -0.34003
15090, -0.349183
15090.5, -0.370539
15091, -0.358336
15091.5, -0.364437
15092, -0.367488
15092.5, -0.376641
15093, -0.367488
15093.5, -0.358336
15094, -0.355285
15094.5, -0.364437
15095, -0.358336
15095.5, -0.37359
15096, -0.361386
15096.5, -0.364437
15097, -0.352234
15097.5, -0.364437
15098, -0.355285
15098.5, -0.367488
15099, -0.355285
15099.5, -0.367488
15100, -0.361386
15100.5, -0.349183
15101, -0.346132
15101.5, -0.358336
15102, -0.355285
15102.5, -0.361386
15103, -0.364437
15103.5, -0.361386
15104, -0.364437
15104.5, -0.361386
15105, -0.361386
15105.5, -0.358336
15106, -0.370539
15106.5, -0.370539
15107, -0.367488
15107.5, -0.364437
15108, -0.346132
15108.5, -0.361386
15109, -0.336979
15109.5, -0.349183
15110, -0.37359
15110.5, -0.355285
15111, -0.376641
15111.5, -0.361386
15112, -0.346132
15112.5, -0.379692
15113, -0.349183
15113.5, -0.364437
15114, -0.370539
15114.5, -0.358336
15115, -0.370539
15115.5, -0.361386
15116, -0.343081
15116.5, -0.318673
15117, -0.343081
15117.5, -0.361386
15118, -0.358336
15118.5, -0.367488
15119, -0.370539
15119.5, -0.370539
15120, -0.336979
15120.5, -0.346132
15121, -0.333928
15121.5, -0.367488
15122, -0.364437
15122.5, -0.355285
15123, -0.385794
15123.5, -0.370539
15124, -0.321724
15124.5, -0.352234
15125, -0.349183
15125.5, -0.361386
15126, -0.367488
15126.5, -0.358336
15127, -0.376641
15127.5, -0.352234
15128, -0.34003
15128.5, -0.34003
15129, -0.349183
15129.5, -0.367488
15130, -0.352234
15130.5, -0.37359
15131, -0.379692
15131.5, -0.367488
15132, -0.330877
15132.5, -0.355285
15133, -0.346132
15133.5, -0.37359
15134, -0.364437
15134.5, -0.367488
15135, -0.358336
15135.5, -0.370539
15136, -0.321724
15136.5, -0.346132
15137, -0.361386
15137.5, -0.364437
15138, -0.367488
15138.5, -0.367488
15139, -0.349183
15139.5, -0.361386
15140, -0.349183
15140.5, -0.358336
15141, -0.343081
15141.5, -0.370539
15142, -0.370539
15142.5, -0.361386
15143, -0.346132
15143.5, -0.34003
15144, -0.336979
15144.5, -0.352234
15145, -0.364437
15145.5, -0.367488
15146, -0.388845
15146.5, -0.34003
15147, -0.336979
15147.5, -0.355285
15148, -0.358336
15148.5, -0.379692
15149, -0.391896
15149.5, -0.364437
15150, -0.376641
15150.5, -0.336979
15151, -0.327826
15151.5, -0.336979
15152, -0.327826
15152.5, -0.370539
15153, -0.361386
15153.5, -0.370539
15154, -0.376641
15154.5, -0.324775
15155, -0.324775
15155.5, -0.343081
15156, -0.330877
15156.5, -0.364437
15157, -0.385794
15157.5, -0.379692
15158, -0.379692
15158.5, -0.34003
15159, -0.330877
15159.5, -0.34003
15160, -0.349183
15160.5, -0.376641
15161, -0.391896
15161.5, -0.37359
15162, -0.312571
15162.5, -0.327826
15163, -0.346132
15163.5, -0.343081
15164, -0.370539
15164.5, -0.367488
15165, -0.37359
15165.5, -0.370539
15166, -0.315622
15166.5, -0.321724
15167, -0.343081
15167.5, -0.346132
15168, -0.367488
15168.5, -0.355285
15169, -0.388845
15169.5, -0.388845
15170, -0.312571
15170.5, -0.346132
15171, -0.34003
15171.5, -0.358336
15172, -0.376641
15172.5, -0.382743
15173, -0.388845
15173.5, -0.355285
15174, -0.333928
15174.5, -0.321724
15175, -0.327826
15175.5, -0.388845
15176, -0.355285
15176.5, -0.37359
15177, -0.37359
15177.5, -0.336979
15178, -0.321724
15178.5, -0.343081
15179, -0.324775
15179.5, -0.385794
15180, -0.37359
15180.5, -0.358336
15181, -0.367488
15181.5, -0.306469
15182, -0.34003
15182.5, -0.343081
15183, -0.367488
15183.5, -0.37359
15184, -0.346132
15184.5, -0.376641
15185, -0.355285
15185.5, -0.318673
15186, -0.343081
15186.5, -0.34003
15187, -0.367488
15187.5, -0.382743
15188, -0.358336
15188.5, -0.394947
15189, -0.349183
15189.5, -0.312571
15190, -0.361386
15190.5, -0.330877
15191, -0.391896
15191.5, -0.385794
15192, -0.355285
15192.5, -0.376641
15193, -0.358336
15193.5, -0.324775
15194, -0.355285
15194.5, -0.349183
15195, -0.349183
15195.5, -0.37359
15196, -0.367488
15196.5, -0.382743
15197, -0.361386
15197.5, -0.346132
15198, -0.364437
15198.5, -0.336979
15199, -0.355285
15199.5, -0.391896
15200, -0.37359
15200.5, -0.315622
15201, -0.361386
15201.5, -0.330877
15202, -0.358336
15202.5, -0.376641
15203, -0.355285
15203.5, -0.364437
15204, -0.358336
15204.5, -0.318673
15205, -0.37359
15205.5, -0.355285
15206, -0.361386
15206.5, -0.382743
15207, -0.364437
15207.5, -0.37359
15208, -0.346132
15208.5, -0.349183
15209, -0.358336
15209.5, -0.358336
15210, -0.364437
15210.5, -0.367488
15211, -0.382743
15211.5, -0.370539
15212, -0.346132
15212.5, -0.315622
15213, -0.343081
15213.5, -0.364437
15214, -0.379692
15214.5, -0.37359
15215, -0.355285
15215.5, -0.349183
15216, -0.376641
15216.5, -0.352234
15217, -0.352234
15217.5, -0.364437
15218, -0.355285
15218.5, -0.361386
15219, -0.352234
15219.5, -0.352234
15220, -0.367488
15220.5, -0.355285
15221, -0.355285
15221.5, -0.376641
15222, -0.358336
15222.5, -0.367488
15223, -0.364437
15223.5, -0.364437
15224, -0.367488
15224.5, -0.358336
15225, -0.355285
15225.5, -0.355285
15226, -0.37359
15226.5, -0.370539
15227, -0.355285
15227.5, -0.364437
15228, -0.355285
15228.5, -0.364437
15229, -0.355285
15229.5, -0.361386
15230, -0.37359
15230.5, -0.361386
15231, -0.370539
15231.5, -0.361386
15232, -0.346132
15232.5, -0.349183
15233, -0.352234
15233.5, -0.346132
15234, -0.37359
15234.5, -0.355285
15235, -0.382743
15235.5, -0.361386
15236, -0.349183
15236.5, -0.352234
15237, -0.343081
15237.5, -0.364437
15238, -0.376641
15238.5, -0.355285
15239, -0.367488
15239.5, -0.364437
15240, -0.352234
15240.5, -0.352234
15241, -0.364437
15241.5, -0.37359
15242, -0.37359
15242.5, -0.358336
15243, -0.336979
15243.5, -0.361386
15244, -0.343081
15244.5, -0.336979
15245, -0.37359
15245.5, -0.358336
15246, -0.379692
15246.5, -0.37359
15247, -0.327826
15247.5, -0.358336
15248, -0.352234
15248.5, -0.346132
15249, -0.382743
15249.5, -0.370539
15250, -0.379692
15250.5, -0.376641
15251, -0.349183
15251.5, -0.364437
15252, -0.343081
15252.5, -0.370539
15253, -0.361386
15253.5, -0.346132
15254, -0.385794
15254.5, -0.349183
15255, -0.324775
15255.5, -0.364437
15256, -0.346132
15256.5, -0.37359
15257, -0.355285
15257.5, -0.361386
15258, -0.370539
15258.5, -0.37359
15259, -0.330877
15259.5, -0.346132
15260, -0.358336
15260.5, -0.370539
15261, -0.361386
15261.5, -0.361386
15262, -0.382743
15262.5, -0.34003
15263, -0.358336
15263.5, -0.346132
15264, -0.346132
15264.5, -0.37359
15265, -0.379692
15265.5, -0.382743
15266, -0.364437
15266.5, -0.336979
15267, -0.352234
15267.5, -0.355285
15268, -0.364437
15268.5, -0.367488
15269, -0.382743
15269.5, -0.376641
15270, -0.336979
15270.5, -0.358336
15271, -0.346132
15271.5, -0.355285
15272, -0.382743
15272.5, -0.367488
15273, -0.382743
15273.5, -0.382743
15274, -0.30952
15274.5, -0.330877
15275, -0.34003
15275.5, -0.336979
15276, -0.361386
15276.5, -0.364437
15277, -0.37359
15277.5, -0.37359
15278, -0.318673
15278.5, -0.336979
15279, -0.336979
15279.5, -0.346132
15280, -0.37359
15280.5, -0.382743
15281, -0.388845
15281.5, -0.330877
15282, -0.333928
15282.5, -0.349183
15283, -0.330877
15283.5, -0.367488
15284, -0.370539
15284.5, -0.379692
15285, -0.397998
15285.5, -0.346132
15286, -0.30952
15286.5, -0.343081
15287, -0.34003
15287.5, -0.376641
15288, -0.388845
15288.5, -0.391896
15289, -0.385794
15289.5, -0.336979
15290, -0.34003
15290.5, -0.333928
15291, -0.352234
15291.5, -0.367488
15292, -0.382743
15292.5, -0.37359
15293, -0.34003
15293.5, -0.358336
15294, -0.349183
15294.5, -0.352234
15295, -0.385794
15295.5, -0.364437
15296, -0.367488
15296.5, -0.361386
15297, -0.315622
15297.5, -0.294265
15298, -0.330877
15298.5, -0.364437
15299, -0.376641
15299.5, -0.385794
15300, -0.358336
15300.5, -0.37359
15301, -0.361386
15301.5, -0.336979
15302, -0.358336
15302.5, -0.34003
15303, -0.367488
15303.5, -0.382743
15304, -0.358336
15304.5, -0.394947
15305, -0.327826
15305.5, -0.315622
15306, -0.355285
15306.5, -0.367488
15307, -0.370539
15307.5, -0.379692
15308, -0.355285
15308.5, -0.346132
15309, -0.358336
15309.5, -0.358336
15310, -0.355285
15310.5, -0.361386
15311, -0.37359
15311.5, -0.388845
15312, -0.379692
15312.5, -0.34003
15313, -0.364437
15313.5, -0.333928
15314, -0.358336
15314.5, -0.376641
15315, -0.364437
15315.5, -0.376641
15316, -0.355285
15316.5, -0.327826
15317, -0.370539
15317.5, -0.327826
15318, -0.361386
15318.5, -0.4041
15319, -0.364437
15319.5, -0.391896
15320, -0.367488
15320.5, -0.349183
15321, -0.349183
15321.5, -0.352234
15322, -0.352234
15322.5, -0.385794
15323, -0.349183
15323.5, -0.358336
15324, -0.367488
15324.5, -0.361386
15325, -0.358336
15325.5, -0.355285
15326, -0.361386
15326.5, -0.361386
15327, -0.358336
15327.5, -0.385794
15328, -0.367488
15328.5, -0.37359
15329, -0.361386
15329.5, -0.364437
15330, -0.367488
15330.5, -0.376641
15331, -0.355285
15331.5, -0.388845
15332, -0.358336
15332.5, -0.370539
15333, -0.358336
15333.5, -0.361386
15334, -0.364437
15334.5, -0.364437
15335, -0.370539
15335.5, -0.336979
15336, -0.361386
15336.5, -0.37359
15337, -0.370539
15337.5, -0.370539
15338, -0.361386
15338.5, -0.361386
15339, -0.370539
15339.5, -0.34003
15340, -0.364437
15340.5, -0.333928
15341, -0.34003
15341.5, -0.34003
15342, -0.355285
15342.5, -0.352234
15343, -0.37359
15343.5, -0.346132
15344, -0.349183
15344.5, -0.358336
15345, -0.358336
15345.5, -0.361386
15346, -0.367488
15346.5, -0.361386
15347, -0.343081
15347.5, -0.352234
15348, -0.361386
15348.5, -0.358336
15349, -0.376641
15349.5, -0.361386
15350, -0.352234
15350.5, -0.358336
15351, -0.37359
15351.5, -0.370539
15352, -0.336979
15352.5, -0.355285
15353, -0.361386
15353.5, -0.367488
15354, -0.376641
15354.5, -0.364437
15355, -0.34003
15355.5, -0.370539
15356, -0.34003
15356.5, -0.349183
15357, -0.361386
15357.5, -0.370539
15358, -0.379692
15358.5, -0.352234
15359, -0.343081
15359.5, -0.349183
15360, -0.343081
15360.5, -0.358336
15361, -0.361386
15361.5, -0.358336
15362, -0.385794
15362.5, -0.358336
15363, -0.330877
15363.5, -0.343081
15364, -0.364437
15364.5, -0.358336
15365, -0.352234
15365.5, -0.355285
15366, -0.367488
15366.5, -0.370539
15367, -0.355285
15367.5, -0.355285
15368, -0.352234
15368.5, -0.355285
15369, -0.364437
15369.5, -0.355285
15370, -0.37359
15370.5, -0.364437
15371, -0.321724
15371.5, -0.352234
15372, -0.358336
15372.5, -0.376641
15373, -0.370539
15373.5, -0.361386
15374, -0.352234
15374.5, -0.336979
15375, -0.346132
15375.5, -0.355285
15376, -0.379692
15376.5, -0.367488
15377, -0.385794
15377.5, -0.367488
15378, -0.349183
15378.5, -0.370539
15379, -0.318673
15379.5, -0.352234
15380, -0.376641
15380.5, -0.385794
15381, -0.376641
15381.5, -0.367488
15382, -0.349183
15382.5, -0.333928
15383, -0.330877
15383.5, -0.361386
15384, -0.370539
15384.5, -0.376641
15385, -0.367488
15385.5, -0.364437
15386, -0.336979
15386.5, -0.352234
15387, -0.330877
15387.5, -0.361386
15388, -0.355285
15388.5, -0.385794
15389, -0.379692
15389.5, -0.346132
15390, -0.333928
15390.5, -0.346132
15391, -0.352234
15391.5, -0.367488
15392, -0.382743
15392.5, -0.37359
15393, -0.37359
15393.5, -0.346132
15394, -0.318673
15394.5, -0.336979
15395, -0.336979
15395.5, -0.367488
15396, -0.388845
15396.5, -0.37359
15397, -0.382743
15397.5, -0.330877
15398, -0.312571
15398.5, -0.34003
15399, -0.367488
15399.5, -0.370539
15400, -0.361386
15400.5, -0.367488
15401, -0.312571
15401.5, -0.336979
15402, -0.330877
15402.5, -0.352234
15403, -0.379692
15403.5, -0.367488
15404, -0.379692
15404.5, -0.364437
15405, -0.346132
15405.5, -0.327826
15406, -0.349183
15406.5, -0.352234
15407, -0.370539
15407.5, -0.367488
15408, -0.370539
15408.5, -0.379692
15409, -0.318673
15409.5, -0.306469
15410, -0.346132
15410.5, -0.327826
15411, -0.376641
15411.5, -0.385794
15412, -0.37359
15412.5, -0.34003
15413, -0.336979
15413.5, -0.355285
15414, -0.330877
15414.5, -0.355285
15415, -0.391896
15415.5, -0.391896
15416, -0.370539
15416.5, -0.343081
15417, -0.34003
15417.5, -0.355285
15418, -0.343081
15418.5, -0.364437
15419, -0.37359
15419.5, -0.367488
15420, -0.361386
15420.5, -0.315622
15421, -0.364437
15421.5, -0.349183
15422, -0.367488
15422.5, -0.385794
15423, -0.385794
15423.5, -0.388845
15424, -0.370539
15424.5, -0.324775
15425, -0.349183
15425.5, -0.349183
15426, -0.355285
15426.5, -0.382743
15427, -0.367488
15427.5, -0.401049
15428, -0.352234
15428.5, -0.333928
15429, -0.37359
15429.5, -0.315622
15430, -0.37359
15430.5, -0.379692
15431, -0.355285
15431.5, -0.391896
15432, -0.352234
15432.5, -0.336979
15433, -0.349183
15433.5, -0.343081
15434, -0.382743
15434.5, -0.385794
15435, -0.376641
15435.5, -0.382743
15436, -0.367488
15436.5, -0.333928
15437, -0.352234
15437.5, -0.367488
15438, -0.361386
15438.5, -0.379692
15439, -0.361386
15439.5, -0.336979
15440, -0.367488
15440.5, -0.343081
15441, -0.358336
15441.5, -0.379692
15442, -0.361386
15442.5, -0.352234
15443, -0.364437
15443.5, -0.346132
15444, -0.367488
15444.5, -0.327826
15445, -0.355285
15445.5, -0.361386
15446, -0.352234
15446.5, -0.385794
15447, -0.364437
15447.5, -0.318673
15448, -0.352234
15448.5, -0.364437
15449, -0.355285
15449.5, -0.358336
15450, -0.352234
15450.5, -0.370539
15451, -0.367488
15451.5, -0.333928
15452, -0.358336
15452.5, -0.370539
15453, -0.364437
15453.5, -0.355285
15454, -0.361386
15454.5, -0.37359
15455, -0.321724
15455.5, -0.324775
15456, -0.352234
15456.5, -0.370539
15457, -0.370539
15457.5, -0.364437
15458, -0.367488
15458.5, -0.349183
15459, -0.346132
15459.5, -0.349183
15460, -0.349183
15460.5, -0.370539
15461, -0.379692
15461.5, -0.376641
15462, -0.364437
15462.5, -0.349183
15463, -0.364437
15463.5, -0.343081
15464, -0.343081
15464.5, -0.364437
15465, -0.361386
15465.5, -0.355285
15466, -0.355285
15466.5, -0.349183
15467, -0.352234
15467.5, -0.352234
15468, -0.364437
15468.5, -0.382743
15469, -0.361386
15469.5, -0.370539
15470, -0.352234
15470.5, -0.352234
15471, -0.34003
15471.5, -0.352234
15472, -0.367488
15472.5, -0.361386
15473, -0.37359
15473.5, -0.361386
15474, -0.370539
15474.5, -0.364437
15475, -0.343081
15475.5, -0.358336
15476, -0.34003
15476.5, -0.355285
15477, -0.376641
15477.5, -0.358336
15478, -0.352234
15478.5, -0.358336
15479, -0.343081
15479.5, -0.361386
15480, -0.370539
15480.5, -0.361386
15481, -0.388845
15481.5, -0.358336
15482, -0.352234
15482.5, -0.364437
15483, -0.352234
15483.5, -0.346132
15484, -0.364437
15484.5, -0.358336
15485, -0.370539
15485.5, -0.355285
15486, -0.346132
15486.5, -0.349183
15487, -0.367488
15487.5, -0.336979
15488, -0.358336
15488.5, -0.367488
15489, -0.376641
15489.5, -0.370539
15490, -0.352234
15490.5, -0.343081
15491, -0.346132
15491.5, -0.367488
15492, -0.37359
15492.5, -0.376641
15493, -0.361386
15493.5, -0.349183
15494, -0.306469
15494.5, -0.336979
15495, -0.336979
15495.5, -0.364437
15496, -0.367488
15496.5, -0.349183
15497, -0.376641
15497.5, -0.361386
15498, -0.343081
15498.5, -0.367488
15499, -0.343081
15499.5, -0.364437
15500, -0.364437
15500.5, -0.397998
15501, -0.397998
15501.5, -0.333928
15502, -0.327826
15502.5, -0.361386
15503, -0.349183
15503.5, -0.364437
15504, -0.370539
15504.5, -0.37359
15505, -0.376641
15505.5, -0.352234
15506, -0.333928
15506.5, -0.343081
15507, -0.382743
15507.5, -0.367488
15508, -0.379692
15508.5, -0.37359
15509, -0.315622
15509.5, -0.343081
15510, -0.315622
15510.5, -0.343081
15511, -0.370539
15511.5, -0.367488
15512, -0.388845
15512.5, -0.379692
15513, -0.336979
15513.5, -0.327826
15514, -0.324775
15514.5, -0.34003
15515, -0.37359
15515.5, -0.37359
15516, -0.364437
15516.5, -0.379692
15517, -0.34003
15517.5, -0.327826
15518, -0.336979
15518.5, -0.367488
15519, -0.358336
15519.5, -0.367488
15520, -0.394947
15520.5, -0.34003
15521, -0.321724
15521.5, -0.349183
15522, -0.349183
15522.5, -0.367488
15523, -0.388845
15523.5, -0.382743
15524, -0.388845
15524.5, -0.336979
15525, -0.327826
15525.5, -0.336979
15526, -0.355285
15526.5, -0.370539
15527, -0.379692
15527.5, -0.370539
15528, -0.367488
15528.5, -0.349183
15529, -0.321724
15529.5, -0.330877
15530, -0.364437
15530.5, -0.364437
15531, -0.376641
15531.5, -0.379692
15532, -0.34003
15532.5, -0.361386
15533, -0.358336
15533.5, -0.34003
15534, -0.37359
15534.5, -0.382743
15535, -0.37359
15535.5, -0.37359
15536, -0.336979
15536.5, -0.343081
15537, -0.361386
15537.5, -0.343081
15538, -0.37359
15538.5, -0.37359
15539, -0.370539
15539.5, -0.394947
15540, -0.321724
15540.5, -0.315622
15541, -0.361386
15541.5, -0.324775
15542, -0.382743
15542.5, -0.391896
15543, -0.379692
15543.5, -0.370539
15544, -0.343081
15544.5, -0.330877
15545, -0.367488
15545.5, -0.355285
15546, -0.364437
15546.5, -0.4041
15547, -0.370539
15547.5, -0.321724
15548, -0.364437
15548.5, -0.336979
15549, -0.364437
15549.5, -0.388845
15550, -0.355285
15550.5, -0.391896
15551, -0.385794
15551.5, -0.318673
15552, -0.358336
15552.5, -0.324775
15553, -0.367488
15553.5, -0.376641
15554, -0.388845
15554.5, -0.376641
15555, -0.367488
15555.5, -0.321724
15556, -0.358336
15556.5, -0.330877
15557, -0.361386
15557.5, -0.37359
15558, -0.370539
15558.5, -0.388845
15559, -0.367488
15559.5, -0.324775
15560, -0.318673
15560.5, -0.327826
15561, -0.358336
15561.5, -0.379692
15562, -0.367488
15562.5, -0.370539
15563, -0.364437
15563.5, -0.355285
15564, -0.349183
15564.5, -0.34003
15565, -0.361386
15565.5, -0.361386
15566, -0.358336
15566.5, -0.382743
15567, -0.355285
15567.5, -0.352234
15568, -0.358336
15568.5, -0.37359
15569, -0.364437
15569.5, -0.37359
15570, -0.370539
15570.5, -0.361386
15571, -0.37359
15571.5, -0.343081
15572, -0.364437
15572.5, -0.385794
15573, -0.364437
15573.5, -0.355285
15574, -0.355285
15574.5, -0.361386
15575, -0.355285
15575.5, -0.358336
15576, -0.355285
15576.5, -0.364437
15577, -0.37359
15577.5, -0.352234
15578, -0.361386
15578.5, -0.367488
15579, -0.358336
15579.5, -0.367488
15580, -0.352234
15580.5, -0.355285
15581, -0.370539
15581.5, -0.364437
15582, -0.361386
15582.5, -0.355285
15583, -0.333928
15583.5, -0.382743
15584, -0.352234
15584.5, -0.367488
15585, -0.37359
15585.5, -0.358336
15586, -0.349183
15586.5, -0.349183
15587, -0.346132
15587.5, -0.355285
15588, -0.367488
15588.5, -0.355285
15589, -0.367488
15589.5, -0.37359
15590, -0.358336
15590.5, -0.367488
15591, -0.349183
15591.5, -0.358336
15592, -0.370539
15592.5, -0.367488
15593, -0.37359
15593.5, -0.361386
15594, -0.34003
15594.5, -0.361386
15595, -0.352234
15595.5, -0.358336
15596, -0.388845
15596.5, -0.382743
15597, -0.379692
15597.5, -0.367488
15598, -0.349183
15598.5, -0.370539
15599, -0.333928
15599.5, -0.37359
15600, -0.367488
15600.5, -0.346132
15601, -0.364437
15601.5, -0.364437
15602, -0.330877
15602.5, -0.364437
15603, -0.361386
15603.5, -0.367488
15604, -0.367488
15604.5, -0.361386
15605, -0.388845
15605.5, -0.358336
15606, -0.34003
15606.5, -0.346132
15607, -0.343081
15607.5, -0.379692
15608, -0.364437
15608.5, -0.364437
15609, -0.376641
15609.5, -0.367488
15610, -0.327826
15610.5, -0.349183
15611, -0.364437
15611.5, -0.37359
15612, -0.352234
15612.5, -0.358336
15613, -0.327826
15613.5, -0.343081
15614, -0.352234
15614.5, -0.349183
15615, -0.364437
15615.5, -0.358336
15616, -0.376641
15616.5, -0.361386
15617, -0.327826
15617.5, -0.352234
15618, -0.352234
15618.5, -0.343081
15619, -0.385794
15619.5, -0.370539
15620, -0.379692
15620.5, -0.361386
15621, -0.349183
15621.5, -0.321724
15622, -0.336979
15622.5, -0.355285
15623, -0.355285
15623.5, -0.367488
15624, -0.370539
15624.5, -0.370539
15625, -0.343081
15625.5, -0.355285
15626, -0.34003
15626.5, -0.379692
15627, -0.361386
15627.5, -0.385794
15628, -0.382743
15628.5, -0.367488
15629, -0.321724
15629.5, -0.349183
15630, -0.327826
15630.5, -0.376641
15631, -0.385794
15631.5, -0.388845
15632, -0.388845
15632.5, -0.327826
15633, -0.30952
15633.5, -0.34003
15634, -0.330877
15634.5, -0.37359
15635, -0.376641
15635.5, -0.376641
15636, -0.385794
15636.5, -0.352234
15637, -0.330877
15637.5, -0.346132
15638, -0.355285
15638.5, -0.37359
15639, -0.394947
15639.5, -0.385794
15640, -0.330877
15640.5, -0.321724
15641, -0.318673
15641.5, -0.346132
15642, -0.376641
15642.5, -0.37359
15643, -0.382743
15643.5, -0.382743
15644, -0.327826
15644.5, -0.321724
15645, -0.333928
15645.5, -0.34003
15646, -0.382743
15646.5, -0.367488
15647, -0.364437
15647.5, -0.379692
15648, -0.318673
15648.5, -0.324775
15649, -0.352234
15649.5, -0.34003
15650, -0.361386
15650.5, -0.376641
15651, -0.379692
15651.5, -0.330877
15652, -0.330877
15652.5, -0.318673
15653, -0.355285
15653.5, -0.379692
15654, -0.379692
15654.5, -0.391896
15655, -0.385794
15655.5, -0.343081
15656, -0.324775
15656.5, -0.346132
15657, -0.364437
15657.5, -0.379692
15658, -0.379692
15658.5, -0.388845
15659, -0.391896
15659.5, -0.321724
15660, -0.315622
15660.5, -0.352234
15661, -0.367488
15661.5, -0.385794
15662, -0.367488
15662.5, -0.37359
15663, -0.370539
15663.5, -0.306469
15664, -0.34003
15664.5, -0.352234
15665, -0.370539
15665.5, -0.367488
15666, -0.37359
15666.5, -0.401049
15667, -0.367488
15667.5, -0.306469
15668, -0.346132
15668.5, -0.333928
15669, -0.361386
15669.5, -0.401049
15670, -0.349183
15670.5, -0.391896
15671, -0.358336
15671.5, -0.303418
15672, -0.385794
15672.5, -0.318673
15673, -0.376641
15673.5, -0.376641
15674, -0.358336
15674.5, -0.391896
15675, -0.355285
15675.5, -0.294265
15676, -0.358336
15676.5, -0.336979
15677, -0.370539
15677.5, -0.397998
15678, -0.370539
15678.5, -0.358336
15679, -0.300367
15679.5, -0.333928
15680, -0.367488
15680.5, -0.358336
15681, -0.364437
15681.5, -0.394947
15682, -0.391896
15682.5, -0.300367
15683, -0.355285
15683.5, -0.352234
15684, -0.358336
15684.5, -0.401049
15685, -0.367488
15685.5, -0.367488
15686, -0.37359
15686.5, -0.300367
15687, -0.358336
15687.5, -0.349183
15688, -0.346132
15688.5, -0.382743
15689, -0.364437
15689.5, -0.361386
15690, -0.355285
15690.5, -0.306469
15691, -0.364437
15691.5, -0.34003
15692, -0.367488
15692.5, -0.37359
15693, -0.361386
15693.5, -0.394947
15694, -0.376641
15694.5, -0.361386
15695, -0.37359
15695.5, -0.370539
15696, -0.358336
15696.5, -0.388845
15697, -0.358336
15697.5, -0.388845
15698, -0.358336
15698.5, -0.370539
15699, -0.346132
15699.5, -0.343081
15700, -0.367488
15700.5, -0.364437
15701, -0.37359
15701.5, -0.370539
15702, -0.370539
15702.5, -0.361386
15703, -0.349183
15703.5, -0.367488
15704, -0.376641
15704.5, -0.370539
15705, -0.376641
15705.5, -0.370539
15706, -0.358336
15706.5, -0.364437
15707, -0.349183
15707.5, -0.358336
15708, -0.358336
15708.5, -0.349183
15709, -0.376641
15709.5, -0.37359
15710, -0.333928
15710.5, -0.358336
15711, -0.352234
15711.5, -0.355285
15712, -0.370539
15712.5, -0.364437
15713, -0.370539
15713.5, -0.361386
15714, -0.352234
15714.5, -0.349183
15715, -0.355285
15715.5, -0.370539
15716, -0.37359
15716.5, -0.364437
15717, -0.376641
15717.5, -0.370539
15718, -0.343081
15718.5, -0.367488
15719, -0.355285
15719.5, -0.364437
15720, -0.370539
15720.5, -0.367488
15721, -0.327826
15721.5, -0.364437
15722, -0.330877
15722.5, -0.358336
15723, -0.367488
15723.5, -0.376641
15724, -0.385794
15724.5, -0.385794
15725, -0.34003
15725.5, -0.358336
15726, -0.330877
15726.5, -0.358336
15727, -0.364437
15727.5, -0.370539
15728, -0.37359
15728.5, -0.367488
15729, -0.327826
15729.5, -0.355285
15730, -0.346132
15730.5, -0.358336
15731, -0.370539
15731.5, -0.361386
15732, -0.376641
15732.5, -0.364437
15733, -0.34003
15733.5, -0.34003
15734, -0.361386
15734.5, -0.370539
15735, -0.37359
15735.5, -0.367488
15736, -0.385794
15736.5, -0.34003
15737, -0.330877
15737.5, -0.349183
15738, -0.327826
15738.5, -0.367488
15739, -0.388845
15739.5, -0.367488
15740, -0.370539
15740.5, -0.349183
15741, -0.30952
15741.5, -0.349183
15742, -0.333928
15742.5, -0.370539
15743, -0.358336
15743.5, -0.382743
15744, -0.379692
15744.5, -0.343081
15745, -0.315622
15745.5, -0.37359
15746, -0.382743
15746.5, -0.37359
15747, -0.385794
15747.5, -0.382743
15748, -0.312571
15748.5, -0.321724
15749, -0.346132
15749.5, -0.333928
15750, -0.361386
15750.5, -0.379692
15751, -0.394947
15751.5, -0.388845
15752, -0.364437
15752.5, -0.30952
15753, -0.346132
15753.5, -0.333928
15754, -0.379692
15754.5, -0.37359
15755, -0.382743
15755.5, -0.379692
15756, -0.291214
15756.5, -0.361386
15757, -0.346132
15757.5, -0.355285
15758, -0.394947
15758.5, -0.379692
15759, -0.401049
15759.5, -0.34003
15760, -0.312571
15760.5, -0.318673
15761, -0.315622
15761.5, -0.388845
15762, -0.385794
15762.5, -0.382743
15763, -0.4041
15763.5, -0.327826
15764, -0.30952
15764.5, -0.34003
15765, -0.349183
15765.5, -0.370539
15766, -0.382743
15766.5, -0.382743
15767, -0.407151
15767.5, -0.315622
15768, -0.300367
15768.5, -0.336979
15769, -0.315622
15769.5, -0.376641
15770, -0.376641
15770.5, -0.388845
15771, -0.336979
15771.5, -0.294265
15772, -0.336979
15772.5, -0.330877
15773, -0.407151
15773.5, -0.376641
15774, -0.382743
15774.5, -0.397998
15775, -0.327826
15775.5, -0.327826
15776, -0.333928
15776.5, -0.330877
15777, -0.397998
15777.5, -0.37359
15778, -0.376641
15778.5, -0.410202
15779, -0.294265
15779.5, -0.336979
15780, -0.349183
15780.5, -0.330877
15781, -0.370539
15781.5, -0.382743
15782, -0.370539
15782.5, -0.394947
15783, -0.349183
15783.5, -0.315622
15784, -0.315622
15784.5, -0.376641
15785, -0.391896
15785.5, -0.394947
15786, -0.370539
15786.5, -0.315622
15787, -0.333928
15787.5, -0.324775
15788, -0.364437
15788.5, -0.376641
15789, -0.37359
15789.5, -0.397998
15790, -0.364437
15790.5, -0.318673
15791, -0.349183
15791.5, -0.315622
15792, -0.37359
15792.5, -0.394947
15793, -0.370539
15793.5, -0.4041
15794, -0.361386
15794.5, -0.30952
15795, -0.330877
15795.5, -0.333928
15796, -0.364437
15796.5, -0.376641
15797, -0.370539
15797.5, -0.391896
15798, -0.358336
15798.5, -0.297316
15799, -0.358336
15799.5, -0.361386
15800, -0.370539
15800.5, -0.352234
15801, -0.376641
15801.5, -0.394947
15802, -0.367488
15802.5, -0.315622
15803, -0.358336
15803.5, -0.34003
15804, -0.382743
15804.5, -0.37359
15805, -0.370539
15805.5, -0.391896
15806, -0.370539
15806.5, -0.291214
15807, -0.343081
15807.5, -0.34003
15808, -0.361386
15808.5, -0.385794
15809, -0.364437
15809.5, -0.367488
15810, -0.306469
15810.5, -0.333928
15811, -0.352234
15811.5, -0.367488
15812, -0.355285
15812.5, -0.370539
15813, -0.394947
15813.5, -0.324775
15814, -0.364437
15814.5, -0.352234
15815, -0.358336
15815.5, -0.376641
15816, -0.379692
15816.5, -0.382743
15817, -0.358336
15817.5, -0.361386
15818, -0.370539
15818.5, -0.352234
15819, -0.364437
15819.5, -0.37359
15820, -0.367488
15820.5, -0.397998
15821, -0.37359
15821.5, -0.343081
15822, -0.333928
15822.5, -0.364437
15823, -0.358336
15823.5, -0.352234
15824, -0.376641
15824.5, -0.355285
15825, -0.327826
15825.5, -0.358336
15826, -0.349183
15826.5, -0.367488
15827, -0.364437
15827.5, -0.355285
15828, -0.382743
15828.5, -0.364437
15829, -0.355285
15829.5, -0.349183
15830, -0.355285
15830.5, -0.367488
15831, -0.361386
15831.5, -0.346132
15832, -0.376641
15832.5, -0.376641
15833, -0.346132
15833.5, -0.355285
15834, -0.352234
15834.5, -0.349183
15835, -0.37359
15835.5, -0.37359
15836, -0.370539
15836.5, -0.364437
15837, -0.333928
15837.5, -0.361386
15838, -0.349183
15838.5, -0.349183
15839, -0.370539
15839.5, -0.361386
15840, -0.379692
15840.5, -0.370539
15841, -0.327826
15841.5, -0.358336
15842, -0.358336
15842.5, -0.370539
15843, -0.385794
15843.5, -0.358336
15844, -0.37359
15844.5, -0.367488
15845, -0.352234
15845.5, -0.355285
15846, -0.34003
15846.5, -0.358336
15847, -0.361386
15847.5, -0.358336
15848, -0.364437
15848.5, -0.361386
15849, -0.324775
15849.5, -0.349183
15850, -0.346132
15850.5, -0.370539
15851, -0.367488
15851.5, -0.370539
15852, -0.324775
15852.5, -0.330877
15853, -0.333928
15853.5, -0.367488
15854, -0.364437
15854.5, -0.379692
15855, -0.376641
15855.5, -0.367488
15856, -0.327826
15856.5, -0.364437
15857, -0.343081
15857.5, -0.358336
15858, -0.370539
15858.5, -0.358336
15859, -0.379692
15859.5, -0.358336
15860, -0.330877
15860.5, -0.343081
15861, -0.321724
15861.5, -0.349183
15862, -0.391896
15862.5, -0.358336
15863, -0.385794
15863.5, -0.346132
15864, -0.330877
15864.5, -0.333928
15865, -0.343081
15865.5, -0.376641
15866, -0.361386
15866.5, -0.355285
15867, -0.410202
15867.5, -0.336979
15868, -0.355285
15868.5, -0.364437
15869, -0.346132
15869.5, -0.361386
15870, -0.376641
15870.5, -0.37359
15871, -0.364437
15871.5, -0.324775
15872, -0.330877
15872.5, -0.349183
15873, -0.349183
15873.5, -0.355285
15874, -0.367488
15874.5, -0.391896
15875, -0.391896
15875.5, -0.336979
15876, -0.330877
15876.5, -0.346132
15877, -0.382743
15877.5, -0.370539
15878, -0.397998
15878.5, -0.367488
15879, -0.312571
15879.5, -0.330877
15880, -0.349183
15880.5, -0.346132
15881, -0.397998
15881.5, -0.370539
15882, -0.394947
15882.5, -0.367488
15883, -0.288163
15883.5, -0.327826
15884, -0.303418
15884.5, -0.355285
15885, -0.376641
15885.5, -0.352234
15886, -0.376641
15886.5, -0.37359
15887, -0.324775
15887.5, -0.343081
15888, -0.30952
15888.5, -0.349183
15889, -0.385794
15889.5, -0.361386
15890, -0.401049
15890.5, -0.352234
15891, -0.333928
15891.5, -0.321724
15892, -0.349183
15892.5, -0.370539
15893, -0.370539
15893.5, -0.37359
15894, -0.4041
15894.5, -0.330877
15895, -0.333928
15895.5, -0.349183
15896, -0.346132
15896.5, -0.382743
15897, -0.379692
15897.5, -0.385794
15898, -0.37359
15898.5, -0.330877
15899, -0.343081
15899.5, -0.324775
15900, -0.352234
15900.5, -0.349183
15901, -0.370539
15901.5, -0.379692
15902, -0.382743
15902.5, -0.321724
15903, -0.324775
15903.5, -0.321724
15904, -0.379692
15904.5, -0.382743
15905, -0.367488
15905.5, -0.385794
15906, -0.34003
15906.5, -0.30952
15907, -0.352234
15907.5, -0.333928
15908, -0.37359
15908.5, -0.382743
15909, -0.385794
15909.5, -0.391896
15910, -0.358336
15910.5, -0.318673
15911, -0.376641
15911.5, -0.327826
15912, -0.367488
15912.5, -0.388845
15913, -0.34003
15913.5, -0.391896
15914, -0.361386
15914.5, -0.312571
15915, -0.355285
15915.5, -0.358336
15916, -0.370539
15916.5, -0.376641
15917, -0.349183
15917.5, -0.346132
15918, -0.352234
15918.5, -0.321724
15919, -0.361386
15919.5, -0.37359
15920, -0.364437
15920.5, -0.391896
15921, -0.361386
15921.5, -0.343081
15922, -0.352234
15922.5, -0.349183
15923, -0.349183
15923.5, -0.385794
15924, -0.361386
15924.5, -0.358336
15925, -0.361386
15925.5, -0.321724
15926, -0.370539
15926.5, -0.330877
15927, -0.355285
15927.5, -0.370539
15928, -0.361386
15928.5, -0.376641
15929, -0.361386
15929.5, -0.297316
15930, -0.364437
15930.5, -0.37359
15931, -0.361386
15931.5, -0.358336
15932, -0.388845
15932.5, -0.382743
15933, -0.361386
15933.5, -0.330877
15934, -0.364437
15934.5, -0.370539
15935, -0.397998
15935.5, -0.37359
15936, -0.355285
15936.5, -0.397998
15937, -0.364437
15937.5, -0.34003
15938, -0.330877
15938.5, -0.352234
15939, -0.376641
15939.5, -0.355285
15940, -0.364437
15940.5, -0.394947
15941, -0.306469
15941.5, -0.318673
15942, -0.358336
15942.5, -0.364437
15943, -0.370539
15943.5, -0.358336
15944, -0.376641
15944.5, -0.358336
15945, -0.37359
15945.5, -0.37359
15946, -0.352234
15946.5, -0.367488
15947, -0.379692
15947.5, -0.343081
15948, -0.376641
15948.5, -0.327826
15949, -0.358336
15949.5, -0.364437
15950, -0.346132
15950.5, -0.37359
15951, -0.358336
15951.5, -0.355285
15952, -0.364437
15952.5, -0.370539
15953, -0.358336
15953.5, -0.349183
15954, -0.37359
15954.5, -0.370539
15955, -0.370539
15955.5, -0.367488
15956, -0.361386
15956.5, -0.352234
15957, -0.358336
15957.5, -0.352234
15958, -0.370539
15958.5, -0.364437
15959, -0.367488
15959.5, -0.358336
15960, -0.34003
15960.5, -0.364437
15961, -0.346132
15961.5, -0.343081
15962, -0.370539
15962.5, -0.34003
15963, -0.376641
15963.5, -0.352234
15964, -0.367488
15964.5, -0.361386
15965, -0.355285
15965.5, -0.364437
15966, -0.379692
15966.5, -0.358336
15967, -0.358336
15967.5, -0.367488
15968, -0.336979
15968.5, -0.364437
15969, -0.355285
15969.5, -0.352234
15970, -0.349183
15970.5, -0.370539
15971, -0.376641
15971.5, -0.367488
15972, -0.336979
15972.5, -0.346132
15973, -0.376641
15973.5, -0.376641
15974, -0.370539
15974.5, -0.376641
15975, -0.364437
15975.5, -0.349183
15976, -0.370539
15976.5, -0.34003
15977, -0.352234
15977.5, -0.370539
15978, -0.355285
15978.5, -0.361386
15979, -0.37359
15979.5, -0.370539
15980, -0.352234
15980.5, -0.364437
15981, -0.333928
15981.5, -0.364437
15982, -0.379692
15982.5, -0.385794
15983, -0.324775
15983.5, -0.352234
15984, -0.336979
15984.5, -0.343081
15985, -0.361386
15985.5, -0.367488
15986, -0.379692
15986.5, -0.367488
15987, -0.355285
15987.5, -0.327826
15988, -0.355285
15988.5, -0.34003
15989, -0.367488
15989.5, -0.367488
15990, -0.385794
15990.5, -0.361386
15991, -0.321724
15991.5, -0.324775
15992, -0.324775
15992.5, -0.364437
15993, -0.364437
15993.5, -0.364437
15994, -0.370539
15994.5, -0.376641
15995, -0.30952
15995.5, -0.333928
15996, -0.361386
15996.5, -0.37359
15997, -0.376641
15997.5, -0.388845
15998, -0.376641
15998.5, -0.349183
15999, -0.343081
15999.5, -0.349183
16000, -0.330877
16000.5, -0.364437
16001, -0.379692
16001.5, -0.382743
16002, -0.37359
16002.5, -0.361386
16003, -0.300367
16003.5, -0.352234
16004, -0.34003
16004.5, -0.364437
16005, -0.367488
16005.5, -0.379692
16006, -0.388845
16006.5, -0.34003
16007, -0.318673
16007.5, -0.358336
16008, -0.355285
16008.5, -0.364437
16009, -0.370539
16009.5, -0.376641
16010, -0.327826
16010.5, -0.349183
16011, -0.370539
16011.5, -0.34003
16012, -0.37359
16012.5, -0.361386
16013, -0.361386
16013.5, -0.376641
16014, -0.327826
16014.5, -0.336979
16015, -0.367488
16015.5, -0.333928
16016, -0.379692
16016.5, -0.37359
16017, -0.367488
16017.5, -0.388845
16018, -0.343081
16018.5, -0.327826
16019, -0.349183
16019.5, -0.321724
16020, -0.391896
16020.5, -0.37359
16021, -0.379692
16021.5, -0.394947
16022, -0.333928
16022.5, -0.324775
16023, -0.367488
16023.5, -0.370539
16024, -0.37359
16024.5, -0.385794
16025, -0.37359
16025.5, -0.324775
16026, -0.333928
16026.5, -0.333928
16027, -0.34003
16027.5, -0.358336
16028, -0.370539
16028.5, -0.391896
16029, -0.361386
16029.5, -0.343081
16030, -0.346132
16030.5, -0.355285
16031, -0.346132
16031.5, -0.364437
16032, -0.37359
16032.5, -0.385794
16033, -0.37359
16033.5, -0.306469
16034, -0.355285
16034.5, -0.355285
16035, -0.355285
16035.5, -0.370539
16036, -0.358336
16036.5, -0.391896
16037, -0.352234
16037.5, -0.324775
16038, -0.376641
16038.5, -0.333928
16039, -0.364437
16039.5, -0.364437
16040, -0.370539
16040.5, -0.382743
16041, -0.346132
16041.5, -0.303418
16042, -0.361386
16042.5, -0.34003
16043, -0.367488
16043.5, -0.37359
16044, -0.364437
16044.5, -0.379692
16045, -0.364437
16045.5, -0.318673
16046, -0.355285
16046.5, -0.34003
16047, -0.361386
16047.5, -0.367488
16048, -0.358336
16048.5, -0.364437
16049, -0.37359
16049.5, -0.330877
16050, -0.361386
16050.5, -0.37359
16051, -0.367488
16051.5, -0.379692
16052, -0.358336
16052.5, -0.318673
16053, -0.349183
16053.5, -0.352234
16054, -0.370539
16054.5, -0.388845
16055, -0.352234
16055.5, -0.358336
16056, -0.370539
16056.5, -0.358336
16057, -0.364437
16057.5, -0.367488
16058, -0.349183
16058.5, -0.358336
16059, -0.370539
16059.5, -0.364437
16060, -0.391896
16060.5, -0.361386
16061, -0.34003
16061.5, -0.352234
16062, -0.349183
16062.5, -0.355285
16063, -0.379692
16063.5, -0.352234
16064, -0.34003
16064.5, -0.358336
16065, -0.349183
16065.5, -0.364437
16066, -0.37359
16066.5, -0.361386
16067, -0.358336
16067.5, -0.352234
16068, -0.343081
16068.5, -0.367488
16069, -0.333928
16069.5, -0.364437
16070, -0.376641
16070.5, -0.355285
16071, -0.382743
16071.5, -0.349183
16072, -0.333928
16072.5, -0.367488
16073, -0.343081
16073.5, -0.361386
16074, -0.370539
16074.5, -0.370539
16075, -0.364437
16075.5, -0.361386
16076, -0.352234
16076.5, -0.327826
16077, -0.364437
16077.5, -0.367488
16078, -0.37359
16078.5, -0.370539
16079, -0.361386
16079.5, -0.37359
16080, -0.346132
16080.5, -0.361386
16081, -0.355285
16081.5, -0.355285
16082, -0.355285
16082.5, -0.349183
16083, -0.367488
16083.5, -0.37359
16084, -0.336979
16084.5, -0.349183
16085, -0.343081
16085.5, -0.367488
16086, -0.364437
16086.5, -0.343081
16087, -0.379692
16087.5, -0.370539
16088, -0.346132
16088.5, -0.349183
16089, -0.355285
16089.5, -0.367488
16090, -0.358336
16090.5, -0.361386
16091, -0.327826
16091.5, -0.358336
16092, -0.361386
16092.5, -0.358336
16093, -0.37359
16093.5, -0.367488
16094, -0.370539
16094.5, -0.376641
16095, -0.361386
16095.5, -0.358336
16096, -0.346132
16096.5, -0.343081
16097, -0.37359
16097.5, -0.367488
16098, -0.355285
16098.5, -0.379692
16099, -0.336979
16099.5, -0.37359
16100, -0.361386
16100.5, -0.358336
16101, -0.367488
16101.5, -0.370539
16102, -0.379692
16102.5, -0.358336
16103, -0.34003
16103.5, -0.352234
16104, -0.343081
16104.5, -0.349183
16105, -0.379692
16105.5, -0.364437
16106, -0.382743
16106.5, -0.343081
16107, -0.349183
16107.5, -0.355285
16108, -0.327826
16108.5, -0.376641
16109, -0.379692
16109.5, -0.37359
16110, -0.407151
16110.5, -0.343081
16111, -0.34003
16111.5, -0.355285
16112, -0.336979
16112.5, -0.37359
16113, -0.379692
16113.5, -0.367488
16114, -0.37359
16114.5, -0.343081
16115, -0.312571
16115.5, -0.34003
16116, -0.361386
16116.5, -0.367488
16117, -0.355285
16117.5, -0.382743
16118, -0.30952
16118.5, -0.324775
16119, -0.321724
16119.5, -0.343081
16120, -0.385794
16120.5, -0.361386
16121, -0.394947
16121.5, -0.376641
16122, -0.343081
16122.5, -0.336979
16123, -0.352234
16123.5, -0.355285
16124, -0.37359
16124.5, -0.370539
16125, -0.385794
16125.5, -0.385794
16126, -0.318673
16126.5, -0.306469
16127, -0.346132
16127.5, -0.327826
16128, -0.382743
16128.5, -0.364437
16129, -0.391896
16129.5, -0.367488
16130, -0.330877
16130.5, -0.34003
16131, -0.343081
16131.5, -0.385794
16132, -0.370539
16132.5, -0.376641
16133, -0.382743
16133.5, -0.30952
16134, -0.333928
16134.5, -0.346132
16135, -0.336979
16135.5, -0.367488
16136, -0.361386
16136.5, -0.37359
16137, -0.376641
16137.5, -0.336979
16138, -0.330877
16138.5, -0.34003
16139, -0.333928
16139.5, -0.379692
16140, -0.385794
16140.5, -0.382743
16141, -0.358336
16141.5, -0.327826
16142, -0.361386
16142.5, -0.343081
16143, -0.382743
16143.5, -0.382743
16144, -0.382743
16144.5, -0.394947
16145, -0.321724
16145.5, -0.318673
16146, -0.352234
16146.5, -0.321724
16147, -0.364437
16147.5, -0.376641
16148, -0.364437
16148.5, -0.388845
16149, -0.343081
16149.5, -0.321724
16150, -0.358336
16150.5, -0.327826
16151, -0.364437
16151.5, -0.382743
16152, -0.361386
16152.5, -0.379692
16153, -0.327826
16153.5, -0.312571
16154, -0.352234
16154.5, -0.34003
16155, -0.352234
16155.5, -0.37359
16156, -0.364437
16156.5, -0.333928
16157, -0.349183
16157.5, -0.352234
16158, -0.367488
16158.5, -0.37359
16159, -0.361386
16159.5, -0.397998
16160, -0.370539
16160.5, -0.324775
16161, -0.336979
16161.5, -0.336979
16162, -0.34003
16162.5, -0.388845
16163, -0.367488
16163.5, -0.376641
16164, -0.367488
16164.5, -0.318673
16165, -0.312571
16165.5, -0.333928
16166, -0.370539
16166.5, -0.343081
16167, -0.37359
16167.5, -0.376641
16168, -0.401049
16168.5, -0.321724
16169, -0.361386
16169.5, -0.34003
16170, -0.355285
16170.5, -0.361386
16171, -0.370539
16171.5, -0.352234
16172, -0.370539
16172.5, -0.358336
16173, -0.349183
16173.5, -0.364437
16174, -0.358336
16174.5, -0.37359
16175, -0.346132
16175.5, -0.382743
16176, -0.37359
16176.5, -0.343081
16177, -0.352234
16177.5, -0.34003
16178, -0.37359
16178.5, -0.370539
16179, -0.349183
16179.5, -0.367488
16180, -0.34003
16180.5, -0.367488
16181, -0.355285
16181.5, -0.343081
16182, -0.355285
16182.5, -0.370539
16183, -0.376641
16183.5, -0.352234
16184, -0.355285
16184.5, -0.361386
16185, -0.355285
16185.5, -0.361386
16186, -0.361386
16186.5, -0.346132
16187, -0.370539
16187.5, -0.361386
16188, -0.349183
16188.5, -0.370539
16189, -0.352234
16189.5, -0.37359
16190, -0.37359
16190.5, -0.361386
16191, -0.382743
16191.5, -0.367488
16192, -0.358336
16192.5, -0.361386
16193, -0.352234
16193.5, -0.364437
16194, -0.382743
16194.5, -0.361386
16195, -0.388845
16195.5, -0.352234
16196, -0.361386
16196.5, -0.361386
16197, -0.382743
16197.5, -0.361386
16198, -0.367488
16198.5, -0.358336
16199, -0.349183
16199.5, -0.352234
16200, -0.355285
16200.5, -0.343081
16201, -0.370539
16201.5, -0.349183
16202, -0.385794
16202.5, -0.37359
16203, -0.312571
16203.5, -0.361386
16204, -0.349183
16204.5, -0.358336
16205, -0.379692
16205.5, -0.364437
16206, -0.361386
16206.5, -0.349183
16207, -0.346132
16207.5, -0.358336
16208, -0.346132
16208.5, -0.346132
16209, -0.367488
16209.5, -0.352234
16210, -0.385794
16210.5, -0.361386
16211, -0.34003
16211.5, -0.358336
16212, -0.352234
16212.5, -0.376641
16213, -0.367488
16213.5, -0.349183
16214, -0.385794
16214.5, -0.367488
16215, -0.343081
16215.5, -0.367488
16216, -0.349183
16216.5, -0.388845
16217, -0.364437
16217.5, -0.388845
16218, -0.37359
16218.5, -0.343081
16219, -0.34003
16219.5, -0.352234
16220, -0.361386
16220.5, -0.361386
16221, -0.361386
16221.5, -0.361386
16222, -0.367488
16222.5, -0.349183
16223, -0.349183
16223.5, -0.349183
16224, -0.379692
16224.5, -0.358336
16225, -0.370539
16225.5, -0.385794
16226, -0.355285
16226.5, -0.352234
16227, -0.343081
16227.5, -0.34003
16228, -0.385794
16228.5, -0.364437
16229, -0.367488
16229.5, -0.367488
16230, -0.315622
16230.5, -0.333928
16231, -0.333928
16231.5, -0.361386
16232, -0.355285
16232.5, -0.37359
16233, -0.388845
16233.5, -0.364437
16234, -0.343081
16234.5, -0.343081
16235, -0.312571
16235.5, -0.34003
16236, -0.382743
16236.5, -0.37359
16237, -0.394947
16237.5, -0.352234
16238, -0.318673
16238.5, -0.315622
16239, -0.358336
16239.5, -0.364437
16240, -0.370539
16240.5, -0.370539
16241, -0.379692
16241.5, -0.330877
16242, -0.315622
16242.5, -0.361386
16243, -0.321724
16243.5, -0.37359
16244, -0.388845
16244.5, -0.376641
16245, -0.382743
16245.5, -0.318673
16246, -0.30952
16246.5, -0.349183
16247, -0.330877
16247.5, -0.358336
16248, -0.391896
16248.5, -0.379692
16249, -0.361386
16249.5, -0.312571
16250, -0.352234
16250.5, -0.343081
16251, -0.379692
16251.5, -0.37359
16252, -0.382743
16252.5, -0.367488
16253, -0.330877
16253.5, -0.336979
16254, -0.333928
16254.5, -0.346132
16255, -0.358336
16255.5, -0.364437
16256, -0.397998
16256.5, -0.379692
16257, -0.349183
16257.5, -0.336979
16258, -0.358336
16258.5, -0.333928
16259, -0.361386
16259.5, -0.358336
16260, -0.385794
16260.5, -0.394947
16261, -0.343081
16261.5, -0.318673
16262, -0.361386
16262.5, -0.361386
16263, -0.367488
16263.5, -0.382743
16264, -0.376641
16264.5, -0.355285
16265, -0.318673
16265.5, -0.343081
16266, -0.367488
16266.5, -0.385794
16267, -0.376641
16267.5, -0.388845
16268, -0.370539
16268.5, -0.34003
16269, -0.358336
16269.5, -0.327826
16270, -0.352234
16270.5, -0.382743
16271, -0.358336
16271.5, -0.382743
16272, -0.379692
16272.5, -0.312571
16273, -0.349183
16273.5, -0.346132
16274, -0.352234
16274.5, -0.388845
16275, -0.37359
16275.5, -0.379692
16276, -0.361386
16276.5, -0.315622
16277, -0.355285
16277.5, -0.346132
16278, -0.352234
16278.5, -0.388845
16279, -0.364437
16279.5, -0.382743
16280, -0.358336
16280.5, -0.312571
16281, -0.367488
16281.5, -0.333928
16282, -0.364437
16282.5, -0.37359
16283, -0.352234
16283.5, -0.376641
16284, -0.336979
16284.5, -0.315622
16285, -0.358336
16285.5, -0.336979
16286, -0.358336
16286.5, -0.37359
16287, -0.4041
16287.5, -0.367488
16288, -0.364437
16288.5, -0.30952
16289, -0.367488
16289.5, -0.364437
16290, -0.388845
16290.5, -0.352234
16291, -0.361386
16291.5, -0.312571
16292, -0.355285
16292.5, -0.364437
16293, -0.343081
16293.5, -0.352234
16294, -0.361386
16294.5, -0.355285
16295, -0.367488
16295.5, -0.349183
16296, -0.318673
16296.5, -0.352234
16297, -0.364437
16297.5, -0.376641
16298, -0.336979
16298.5, -0.37359
16299, -0.358336
16299.5, -0.336979
16300, -0.370539
16300.5, -0.349183
16301, -0.355285
16301.5, -0.352234
16302, -0.370539
16302.5, -0.367488
16303, -0.349183
16303.5, -0.349183
16304, -0.352234
16304.5, -0.370539
16305, -0.361386
16305.5, -0.364437
16306, -0.352234
16306.5, -0.361386
16307, -0.34003
16307.5, -0.358336
16308, -0.358336
16308.5, -0.367488
16309, -0.367488
16309.5, -0.352234
16310, -0.376641
16310.5, -0.364437
16311, -0.343081
16311.5, -0.349183
16312, -0.346132
16312.5, -0.367488
16313, -0.361386
16313.5, -0.355285
16314, -0.37359
16314.5, -0.355285
16315, -0.358336
16315.5, -0.367488
16316, -0.352234
16316.5, -0.361386
16317, -0.37359
16317.5, -0.367488
16318, -0.364437
16318.5, -0.367488
16319, -0.352234
16319.5, -0.352234
16320, -0.352234
16320.5, -0.376641
16321, -0.370539
16321.5, -0.367488
16322, -0.355285
16322.5, -0.364437
16323, -0.349183
16323.5, -0.343081
16324, -0.355285
16324.5, -0.37359
16325, -0.379692
16325.5, -0.37359
16326, -0.385794
16326.5, -0.382743
16327, -0.333928
16327.5, -0.361386
16328, -0.361386
16328.5, -0.358336
16329, -0.37359
16329.5, -0.355285
16330, -0.352234
16330.5, -0.34003
16331, -0.34003
16331.5, -0.361386
16332, -0.367488
16332.5, -0.379692
16333, -0.394947
16333.5, -0.367488
16334, -0.346132
16334.5, -0.355285
16335, -0.352234
16335.5, -0.352234
16336, -0.364437
16336.5, -0.370539
16337, -0.382743
16337.5, -0.355285
16338, -0.336979
16338.5, -0.343081
16339, -0.349183
16339.5, -0.355285
16340, -0.370539
16340.5, -0.364437
16341, -0.379692
16341.5, -0.382743
16342, -0.324775
16342.5, -0.343081
16343, -0.352234
16343.5, -0.358336
16344, -0.358336
16344.5, -0.382743
16345, -0.388845
16345.5, -0.355285
16346, -0.30952
16346.5, -0.343081
16347, -0.358336
16347.5, -0.355285
16348, -0.361386
16348.5, -0.358336
16349, -0.397998
16349.5, -0.364437
16350, -0.330877
16350.5, -0.355285
16351, -0.343081
16351.5, -0.367488
16352, -0.382743
16352.5, -0.346132
16353, -0.382743
16353.5, -0.321724
16354, -0.355285
16354.5, -0.343081
16355, -0.352234
16355.5, -0.364437
16356, -0.391896
16356.5, -0.376641
16357, -0.346132
16357.5, -0.327826
16358, -0.333928
16358.5, -0.34003
16359, -0.382743
16359.5, -0.382743
16360, -0.364437
16360.5, -0.391896
16361, -0.306469
16361.5, -0.343081
16362, -0.34003
16362.5, -0.34003
16363, -0.382743
16363.5, -0.370539
16364, -0.385794
16364.5, -0.358336
16365, -0.333928
16365.5, -0.330877
16366, -0.327826
16366.5, -0.324775
16367, -0.37359
16367.5, -0.376641
16368, -0.382743
16368.5, -0.370539
16369, -0.306469
16369.5, -0.352234
16370, -0.336979
16370.5, -0.379692
16371, -0.37359
16371.5, -0.367488
16372, -0.4041
16372.5, -0.324775
16373, -0.327826
16373.5, -0.361386
16374, -0.333928
16374.5, -0.376641
16375, -0.379692
16375.5, -0.364437
16376, -0.397998
16376.5, -0.312571
16377, -0.346132
16377.5, -0.324775
16378, -0.370539
16378.5, -0.379692
16379, -0.376641
16379.5, -0.37359
16380, -0.382743
16380.5, -0.343081
16381, -0.303418
16381.5, -0.355285
16382, -0.364437
16382.5, -0.364437
16383, -0.349183
16383.5, -0.4041
16384, -0.324775
16384.5, -0.324775
16385, -0.370539
16385.5, -0.324775
16386, -0.388845
16386.5, -0.385794
16387, -0.388845
16387.5, -0.391896
16388, -0.333928
16388.5, -0.330877
16389, -0.336979
16389.5, -0.324775
16390, -0.37359
16390.5, -0.370539
16391, -0.376641
16391.5, -0.385794
16392, -0.346132
16392.5, -0.343081
16393, -0.352234
16393.5, -0.355285
16394, -0.391896
16394.5, -0.370539
16395, -0.367488
16395.5, -0.394947
16396, -0.358336
16396.5, -0.333928
16397, -0.364437
16397.5, -0.382743
16398, -0.367488
16398.5, -0.401049
16399, -0.355285
16399.5, -0.321724
16400, -0.352234
16400.5, -0.355285
16401, -0.361386
16401.5, -0.385794
16402, -0.358336
16402.5, -0.382743
16403, -0.361386
16403.5, -0.333928
16404, -0.358336
16404.5, -0.358336
16405, -0.385794
16405.5, -0.382743
16406, -0.361386
16406.5, -0.382743
16407, -0.364437
16407.5, -0.324775
16408, -0.352234
16408.5, -0.330877
16409, -0.370539
16409.5, -0.361386
16410, -0.355285
16410.5, -0.37359
16411, -0.379692
16411.5, -0.327826
16412, -0.34003
16412.5, -0.358336
16413, -0.361386
16413.5, -0.370539
16414, -0.355285
16414.5, -0.364437
16415, -0.318673
16415.5, -0.327826
16416, -0.367488
16416.5, -0.379692
16417, -0.361386
16417.5, -0.394947
16418, -0.391896
16418.5, -0.361386
16419, -0.370539
16419.5, -0.355285
16420, -0.361386
16420.5, -0.370539
16421, -0.376641
16421.5, -0.376641
16422, -0.367488
16422.5, -0.382743
16423, -0.364437
16423.5, -0.364437
16424, -0.37359
16424.5, -0.367488
16425, -0.37359
16425.5, -0.349183
16426, -0.361386
16426.5, -0.336979
16427, -0.361386
16427.5, -0.364437
16428, -0.346132
16428.5, -0.358336
16429, -0.37359
16429.5, -0.355285
16430, -0.37359
16430.5, -0.361386
16431, -0.352234
16431.5, -0.367488
16432, -0.352234
16432.5, -0.355285
16433, -0.376641
16433.5, -0.358336
16434, -0.379692
16434.5, -0.361386
16435, -0.349183
16435.5, -0.364437
16436, -0.355285
16436.5, -0.361386
16437, -0.370539
16437.5, -0.361386
16438, -0.352234
16438.5, -0.361386
16439, -0.355285
16439.5, -0.346132
16440, -0.379692
16440.5, -0.352234
16441, -0.37359
16441.5, -0.358336
16442, -0.336979
16442.5, -0.343081
16443, -0.358336
16443.5, -0.361386
16444, -0.361386
16444.5, -0.388845
16445, -0.364437
16445.5, -0.388845
16446, -0.346132
16446.5, -0.361386
16447, -0.364437
16447.5, -0.352234
16448, -0.37359
16448.5, -0.361386
16449, -0.379692
16449.5, -0.379692
16450, -0.370539
16450.5, -0.358336
16451, -0.355285
16451.5, -0.355285
16452, -0.388845
16452.5, -0.370539
16453, -0.37359
16453.5, -0.343081
16454, -0.336979
16454.5, -0.349183
16455, -0.336979
16455.5, -0.376641
16456, -0.361386
16456.5, -0.370539
16457, -0.379692
16457.5, -0.355285
16458, -0.349183
16458.5, -0.355285
16459, -0.361386
16459.5, -0.376641
16460, -0.364437
16460.5, -0.355285
16461, -0.394947
16461.5, -0.346132
16462, -0.355285
16462.5, -0.346132
16463, -0.349183
16463.5, -0.358336
16464, -0.376641
16464.5, -0.385794
16465, -0.30952
16465.5, -0.367488
16466, -0.343081
16466.5, -0.330877
16467, -0.370539
16467.5, -0.355285
16468, -0.382743
16468.5, -0.358336
16469, -0.336979
16469.5, -0.346132
16470, -0.330877
16470.5, -0.346132
16471, -0.385794
16471.5, -0.364437
16472, -0.385794
16472.5, -0.358336
16473, -0.315622
16473.5, -0.355285
16474, -0.352234
16474.5, -0.346132
16475, -0.358336
16475.5, -0.370539
16476, -0.370539
16476.5, -0.376641
16477, -0.312571
16477.5, -0.336979
16478, -0.343081
16478.5, -0.364437
16479, -0.346132
16479.5, -0.388845
16480, -0.385794
16480.5, -0.336979
16481, -0.297316
16481.5, -0.336979
16482, -0.361386
16482.5, -0.376641
16483, -0.379692
16483.5, -0.37359
16484, -0.394947
16484.5, -0.346132
16485, -0.361386
16485.5, -0.343081
16486, -0.330877
16486.5, -0.367488
16487, -0.370539
16487.5, -0.370539
16488, -0.388845
16488.5, -0.324775
16489, -0.333928
16489.5, -0.349183
16490, -0.379692
16490.5, -0.361386
16491, -0.391896
16491.5, -0.37359
16492, -0.315622
16492.5, -0.376641
16493, -0.352234
16493.5, -0.336979
16494, -0.388845
16494.5, -0.358336
16495, -0.397998
16495.5, -0.385794
16496, -0.355285
16496.5, -0.318673
16497, -0.358336
16497.5, -0.358336
16498, -0.382743
16498.5, -0.379692
16499, -0.367488
16499.5, -0.370539
16500, -0.315622
16500.5, -0.321724
16501, -0.336979
16501.5, -0.349183
16502, -0.367488
16502.5, -0.382743
16503, -0.358336
16503.5, -0.358336
16504, -0.327826
16504.5, -0.346132
16505, -0.37359
16505.5, -0.364437
16506, -0.361386
16506.5, -0.376641
16507, -0.376641
16507.5, -0.346132
16508, -0.330877
16508.5, -0.327826
16509, -0.355285
16509.5, -0.379692
16510, -0.367488
16510.5, -0.385794
16511, -0.385794
16511.5, -0.34003
16512, -0.352234
16512.5, -0.352234
16513, -0.355285
16513.5, -0.388845
16514, -0.376641
16514.5, -0.379692
16515, -0.364437
16515.5, -0.303418
16516, -0.355285
16516.5, -0.352234
16517, -0.370539
16517.5, -0.376641
16518, -0.370539
16518.5, -0.382743
16519, -0.37359
16519.5, -0.324775
16520, -0.321724
16520.5, -0.330877
16521, -0.355285
16521.5, -0.382743
16522, -0.370539
16522.5, -0.370539
16523, -0.352234
16523.5, -0.30952
16524, -0.367488
16524.5, -0.346132
16525, -0.370539
16525.5, -0.382743
16526, -0.355285
16526.5, -0.355285
16527, -0.355285
16527.5, -0.318673
16528, -0.358336
16528.5, -0.355285
16529, -0.361386
16529.5, -0.358336
16530, -0.370539
16530.5, -0.367488
16531, -0.349183
16531.5, -0.349183
16532, -0.352234
16532.5, -0.364437
16533, -0.358336
16533.5, -0.376641
16534, -0.364437
16534.5, -0.330877
16535, -0.364437
16535.5, -0.358336
16536, -0.370539
16536.5, -0.361386
16537, -0.370539
16537.5, -0.379692
16538, -0.370539
16538.5, -0.34003
16539, -0.355285
16539.5, -0.361386
16540, -0.361386
16540.5, -0.370539
16541, -0.361386
16541.5, -0.361386
16542, -0.358336
16542.5, -0.364437
16543, -0.349183
16543.5, -0.352234
16544, -0.364437
16544.5, -0.367488
16545, -0.370539
16545.5, -0.367488
16546, -0.343081
16546.5, -0.361386
16547, -0.358336
16547.5, -0.37359
16548, -0.376641
16548.5, -0.352234
16549, -0.37359
16549.5, -0.37359
16550, -0.343081
16550.5, -0.364437
16551, -0.34003
16551.5, -0.367488
16552, -0.37359
16552.5, -0.358336
16553, -0.361386
16553.5, -0.364437
16554, -0.346132
16554.5, -0.355285
16555, -0.336979
16555.5, -0.355285
16556, -0.379692
16556.5, -0.376641
16557, -0.382743
16557.5, -0.364437
16558, -0.355285
16558.5, -0.349183
16559, -0.34003
16559.5, -0.376641
16560, -0.364437
16560.5, -0.358336
16561, -0.370539
16561.5, -0.358336
16562, -0.364437
16562.5, -0.361386
16563, -0.34003
16563.5, -0.370539
16564, -0.367488
16564.5, -0.364437
16565, -0.379692
16565.5, -0.364437
16566, -0.34003
16566.5, -0.346132
16567, -0.336979
16567.5, -0.358336
16568, -0.37359
16568.5, -0.379692
16569, -0.367488
16569.5, -0.355285
16570, -0.349183
16570.5, -0.355285
16571, -0.364437
16571.5, -0.358336
16572, -0.361386
16572.5, -0.367488
16573, -0.343081
16573.5, -0.364437
16574, -0.343081
16574.5, -0.364437
16575, -0.364437
16575.5, -0.364437
16576, -0.379692
16576.5, -0.358336
16577, -0.34003
16577.5, -0.367488
16578, -0.352234
16578.5, -0.352234
16579, -0.367488
16579.5, -0.364437
16580, -0.391896
16580.5, -0.37359
16581, -0.343081
16581.5, -0.349183
16582, -0.361386
16582.5, -0.346132
16583, -0.385794
16583.5, -0.376641
16584, -0.376641
16584.5, -0.346132
16585, -0.318673
16585.5, -0.349183
16586, -0.355285
16586.5, -0.376641
16587, -0.37359
16587.5, -0.385794
16588, -0.385794
16588.5, -0.370539
16589, -0.312571
16589.5, -0.349183
16590, -0.343081
16590.5, -0.376641
16591, -0.394947
16591.5, -0.376641
16592, -0.370539
16592.5, -0.324775
16593, -0.315622
16593.5, -0.343081
16594, -0.327826
16594.5, -0.364437
16595, -0.37359
16595.5, -0.367488
16596, -0.397998
16596.5, -0.327826
16597, -0.330877
16597.5, -0.349183
16598, -0.364437
16598.5, -0.361386
16599, -0.397998
16599.5, -0.376641
16600, -0.318673
16600.5, -0.324775
16601, -0.349183
16601.5, -0.370539
16602, -0.376641
16602.5, -0.361386
16603, -0.385794
16603.5, -0.370539
16604, -0.352234
16604.5, -0.346132
16605, -0.346132
16605.5, -0.361386
16606, -0.379692
16606.5, -0.379692
16607, -0.370539
16607.5, -0.391896
16608, -0.34003
16608.5, -0.343081
16609, -0.333928
16609.5, -0.349183
16610, -0.379692
16610.5, -0.382743
16611, -0.370539
16611.5, -0.336979
16612, -0.327826
16612.5, -0.355285
16613, -0.355285
16613.5, -0.37359
16614, -0.394947
16614.5, -0.370539
16615, -0.401049
16615.5, -0.343081
16616, -0.318673
16616.5, -0.336979
16617, -0.355285
16617.5, -0.376641
16618, -0.37359
16618.5, -0.388845
16619, -0.367488
16619.5, -0.327826
16620, -0.324775
16620.5, -0.352234
16621, -0.361386
16621.5, -0.37359
16622, -0.385794
16622.5, -0.379692
16623, -0.385794
16623.5, -0.315622
16624, -0.37359
16624.5, -0.330877
16625, -0.364437
16625.5, -0.388845
16626, -0.379692
16626.5, -0.385794
16627, -0.34003
16627.5, -0.312571
16628, -0.379692
16628.5, -0.343081
16629, -0.376641
16629.5, -0.370539
16630, -0.361386
16630.5, -0.397998
16631, -0.343081
16631.5, -0.336979
16632, -0.361386
16632.5, -0.34003
16633, -0.382743
16633.5, -0.361386
16634, -0.367488
16634.5, -0.388845
16635, -0.361386
16635.5, -0.346132
16636, -0.343081
16636.5, -0.346132
16637, -0.358336
16637.5, -0.37359
16638, -0.376641
16638.5, -0.312571
16639, -0.312571
16639.5, -0.343081
16640, -0.355285
16640.5, -0.37359
16641, -0.364437
16641.5, -0.37359
16642, -0.364437
16642.5, -0.343081
16643, -0.355285
16643.5, -0.352234
16644, -0.361386
16644.5, -0.382743
16645, -0.361386
16645.5, -0.37359
16646, -0.355285
16646.5, -0.34003
16647, -0.367488
16647.5, -0.349183
16648, -0.355285
16648.5, -0.379692
16649, -0.358336
16649.5, -0.394947
16650, -0.367488
16650.5, -0.330877
16651, -0.355285
16651.5, -0.367488
16652, -0.361386
16652.5, -0.364437
16653, -0.37359
16653.5, -0.394947
16654, -0.361386
16654.5, -0.336979
16655, -0.361386
16655.5, -0.37359
16656, -0.361386
16656.5, -0.367488
16657, -0.361386
16657.5, -0.370539
16658, -0.370539
16658.5, -0.346132
16659, -0.352234
16659.5, -0.355285
16660, -0.370539
16660.5, -0.358336
16661, -0.358336
16661.5, -0.367488
16662, -0.361386
16662.5, -0.333928
16663, -0.349183
16663.5, -0.367488
16664, -0.367488
16664.5, -0.364437
16665, -0.361386
16665.5, -0.367488
16666, -0.367488
16666.5, -0.364437
16667, -0.364437
16667.5, -0.364437
16668, -0.367488
16668.5, -0.361386
16669, -0.382743
16669.5, -0.355285
16670, -0.364437
16670.5, -0.343081
16671, -0.352234
16671.5, -0.349183
16672, -0.364437
16672.5, -0.352234
16673, -0.361386
16673.5, -0.364437
16674, -0.358336
16674.5, -0.364437
16675, -0.352234
16675.5, -0.367488
16676, -0.37359
16676.5, -0.355285
16677, -0.370539
16677.5, -0.355285
16678, -0.346132
16678.5, -0.361386
16679, -0.355285
16679.5, -0.355285
16680, -0.379692
16680.5, -0.358336
16681, -0.330877
16681.5, -0.352234
16682, -0.355285
16682.5, -0.364437
16683, -0.361386
16683.5, -0.37359
16684, -0.367488
16684.5, -0.367488
16685, -0.355285
16685.5, -0.358336
16686, -0.349183
16686.5, -0.349183
16687, -0.361386
16687.5, -0.376641
16688, -0.364437
16688.5, -0.370539
16689, -0.318673
16689.5, -0.367488
16690, -0.349183
16690.5, -0.355285
16691, -0.367488
16691.5, -0.364437
16692, -0.376641
16692.5, -0.370539
16693, -0.349183
16693.5, -0.346132
16694, -0.327826
16694.5, -0.376641
16695, -0.358336
16695.5, -0.352234
16696, -0.376641
16696.5, -0.367488
16697, -0.30952
16697.5, -0.352234
16698, -0.343081
16698.5, -0.361386
16699, -0.352234
16699.5, -0.370539
16700, -0.385794
16700.5, -0.361386
16701, -0.349183
16701.5, -0.355285
16702, -0.358336
16702.5, -0.37359
16703, -0.361386
16703.5, -0.382743
16704, -0.37359
16704.5, -0.364437
16705, -0.336979
16705.5, -0.349183
16706, -0.382743
16706.5, -0.361386
16707, -0.37359
16707.5, -0.376641
16708, -0.318673
16708.5, -0.346132
16709, -0.336979
16709.5, -0.352234
16710, -0.379692
16710.5, -0.361386
16711, -0.37359
16711.5, -0.367488
16712, -0.327826
16712.5, -0.346132
16713, -0.318673
16713.5, -0.358336
16714, -0.388845
16714.5, -0.367488
16715, -0.376641
16715.5, -0.385794
16716, -0.300367
16716.5, -0.361386
16717, -0.327826
16717.5, -0.355285
16718, -0.367488
16718.5, -0.367488
16719, -0.394947
16719.5, -0.318673
16720, -0.315622
16720.5, -0.355285
16721, -0.34003
16721.5, -0.367488
16722, -0.370539
16722.5, -0.385794
16723, -0.391896
16723.5, -0.349183
16724, -0.300367
16724.5, -0.349183
16725, -0.318673
16725.5, -0.382743
16726, -0.370539
16726.5, -0.370539
16727, -0.388845
16727.5, -0.336979
16728, -0.315622
16728.5, -0.358336
16729, -0.333928
16729.5, -0.355285
16730, -0.382743
16730.5, -0.388845
16731, -0.300367
16731.5, -0.312571
16732, -0.361386
16732.5, -0.346132
16733, -0.391896
16733.5, -0.361386
16734, -0.397998
16734.5, -0.379692
16735, -0.303418
16735.5, -0.330877
16736, -0.346132
16736.5, -0.343081
16737, -0.37359
16737.5, -0.355285
16738, -0.379692
16738.5, -0.397998
16739, -0.315622
16739.5, -0.312571
16740, -0.349183
16740.5, -0.352234
16741, -0.358336
16741.5, -0.382743
16742, -0.385794
16742.5, -0.364437
16743, -0.343081
16743.5, -0.34003
16744, -0.333928
16744.5, -0.370539
16745, -0.364437
16745.5, -0.385794
16746, -0.364437
16746.5, -0.306469
16747, -0.346132
16747.5, -0.321724
16748, -0.361386
16748.5, -0.376641
16749, -0.367488
16749.5, -0.379692
16750, -0.391896
16750.5, -0.315622
16751, -0.333928
16751.5, -0.327826
16752, -0.364437
16752.5, -0.382743
16753, -0.367488
16753.5, -0.370539
16754, -0.361386
16754.5, -0.318673
16755, -0.361386
16755.5, -0.346132
16756, -0.367488
16756.5, -0.376641
16757, -0.361386
16757.5, -0.367488
16758, -0.364437
16758.5, -0.312571
16759, -0.355285
16759.5, -0.355285
16760, -0.364437
16760.5, -0.379692
16761, -0.364437
16761.5, -0.382743
16762, -0.37359
16762.5, -0.297316
16763, -0.367488
16763.5, -0.333928
16764, -0.37359
16764.5, -0.388845
16765, -0.358336
16765.5, -0.37359
16766, -0.358336
16766.5, -0.324775
16767, -0.364437
16767.5, -0.370539
16768, -0.346132
16768.5, -0.385794
16769, -0.355285
16769.5, -0.367488
16770, -0.358336
16770.5, -0.358336
16771, -0.364437
16771.5, -0.361386
16772, -0.352234
16772.5, -0.355285
16773, -0.358336
16773.5, -0.34003
16774, -0.349183
16774.5, -0.349183
16775, -0.336979
16775.5, -0.37359
16776, -0.361386
16776.5, -0.388845
16777, -0.355285
16777.5, -0.358336
16778, -0.355285
16778.5, -0.349183
16779, -0.358336
16779.5, -0.379692
16780, -0.364437
16780.5, -0.376641
16781, -0.385794
16781.5, -0.361386
16782, -0.346132
16782.5, -0.370539
16783, -0.379692
16783.5, -0.367488
16784, -0.367488
16784.5, -0.361386
16785, -0.349183
16785.5, -0.358336
16786, -0.361386
16786.5, -0.355285
16787, -0.355285
16787.5, -0.367488
16788, -0.367488
16788.5, -0.367488
16789, -0.336979
16789.5, -0.349183
16790, -0.358336
16790.5, -0.364437
16791, -0.367488
16791.5, -0.346132
16792, -0.376641
16792.5, -0.364437
16793, -0.343081
16793.5, -0.352234
16794, -0.346132
16794.5, -0.352234
16795, -0.349183
16795.5, -0.367488
16796, -0.367488
16796.5, -0.370539
16797, -0.333928
16797.5, -0.367488
16798, -0.34003
16798.5, -0.367488
16799, -0.376641
16799.5, -0.367488
16800, -0.382743
16800.5, -0.370539
16801, -0.336979
16801.5, -0.358336
16802, -0.343081
16802.5, -0.376641
16803, -0.364437
16803.5, -0.355285
16804, -0.379692
16804.5, -0.358336
16805, -0.352234
16805.5, -0.355285
16806, -0.355285
16806.5, -0.367488
16807, -0.367488
16807.5, -0.376641
16808, -0.379692
16808.5, -0.361386
16809, -0.34003
16809.5, -0.349183
16810, -0.352234
16810.5, -0.361386
16811, -0.364437
16811.5, -0.367488
16812, -0.343081
16812.5, -0.333928
16813, -0.336979
16813.5, -0.352234
16814, -0.367488
16814.5, -0.361386
16815, -0.379692
16815.5, -0.358336
16816, -0.34003
16816.5, -0.37359
16817, -0.361386
16817.5, -0.352234
16818, -0.370539
16818.5, -0.361386
16819, -0.376641
16819.5, -0.358336
16820, -0.34003
16820.5, -0.346132
16821, -0.355285
16821.5, -0.349183
16822, -0.367488
16822.5, -0.37359
16823, -0.37359
16823.5, -0.370539
16824, -0.352234
16824.5, -0.346132
16825, -0.327826
16825.5, -0.379692
16826, -0.37359
16826.5, -0.379692
16827, -0.382743
16827.5, -0.330877
16828, -0.336979
16828.5, -0.330877
16829, -0.336979
16829.5, -0.376641
16830, -0.370539
16830.5, -0.364437
16831, -0.379692
16831.5, -0.330877
16832, -0.318673
16832.5, -0.343081
16833, -0.327826
16833.5, -0.364437
16834, -0.37359
16834.5, -0.379692
16835, -0.388845
16835.5, -0.349183
16836, -0.312571
16836.5, -0.349183
16837, -0.355285
16837.5, -0.370539
16838, -0.391896
16838.5, -0.388845
16839, -0.333928
16839.5, -0.333928
16840, -0.336979
16840.5, -0.343081
16841, -0.367488
16841.5, -0.391896
16842, -0.391896
16842.5, -0.370539
16843, -0.330877
16843.5, -0.330877
16844, -0.336979
16844.5, -0.370539
16845, -0.37359
16845.5, -0.382743
16846, -0.382743
16846.5, -0.382743
16847, -0.324775
16847.5, -0.333928
16848, -0.349183
16848.5, -0.352234
16849, -0.364437
16849.5, -0.370539
16850, -0.391896
16850.5, -0.352234
16851, -0.330877
16851.5, -0.306469
16852, -0.349183
16852.5, -0.343081
16853, -0.379692
16853.5, -0.391896
16854, -0.364437
16854.5, -0.34003
16855, -0.330877
16855.5, -0.321724
16856, -0.361386
16856.5, -0.382743
16857, -0.379692
16857.5, -0.382743
16858, -0.376641
16858.5, -0.34003
16859, -0.333928
16859.5, -0.34003
16860, -0.361386
16860.5, -0.376641
16861, -0.382743
16861.5, -0.401049
16862, -0.364437
16862.5, -0.321724
16863, -0.330877
16863.5, -0.346132
16864, -0.355285
16864.5, -0.379692
16865, -0.358336
16865.5, -0.382743
16866, -0.346132
16866.5, -0.297316
16867, -0.34003
16867.5, -0.349183
16868, -0.364437
16868.5, -0.385794
16869, -0.355285
16869.5, -0.397998
16870, -0.358336
16870.5, -0.327826
16871, -0.364437
16871.5, -0.318673
16872, -0.37359
16872.5, -0.388845
16873, -0.367488
16873.5, -0.410202
16874, -0.364437
16874.5, -0.321724
16875, -0.367488
16875.5, -0.355285
16876, -0.370539
16876.5, -0.358336
16877, -0.367488
16877.5, -0.407151
16878, -0.343081
16878.5, -0.324775
16879, -0.355285
16879.5, -0.385794
16880, -0.361386
16880.5, -0.394947
16881, -0.364437
16881.5, -0.306469
16882, -0.370539
16882.5, -0.355285
16883, -0.364437
16883.5, -0.385794
16884, -0.364437
16884.5, -0.391896
16885, -0.367488
16885.5, -0.294265
16886, -0.367488
16886.5, -0.358336
16887, -0.358336
16887.5, -0.388845
16888, -0.355285
16888.5, -0.376641
16889, -0.358336
16889.5, -0.303418
16890, -0.376641
16890.5, -0.355285
16891, -0.355285
16891.5, -0.376641
16892, -0.364437
16892.5, -0.397998
16893, -0.361386
16893.5, -0.312571
16894, -0.364437
16894.5, -0.349183
16895, -0.37359
16895.5, -0.385794
16896, -0.364437
16896.5, -0.367488
16897, -0.364437
16897.5, -0.364437
16898, -0.352234
16898.5, -0.364437
16899, -0.370539
16899.5, -0.370539
16900, -0.355285
16900.5, -0.370539
16901, -0.364437
16901.5, -0.367488
16902, -0.355285
16902.5, -0.355285
16903, -0.361386
16903.5, -0.358336
16904, -0.364437
16904.5, -0.364437
16905, -0.367488
16905.5, -0.361386
16906, -0.346132
16906.5, -0.370539
16907, -0.358336
16907.5, -0.37359
16908, -0.382743
16908.5, -0.336979
16909, -0.336979
16909.5, -0.370539
16910, -0.34003
16910.5, -0.358336
16911, -0.376641
16911.5, -0.355285
16912, -0.361386
16912.5, -0.364437
16913, -0.336979
16913.5, -0.367488
16914, -0.364437
16914.5, -0.364437
16915, -0.367488
16915.5, -0.364437
16916, -0.391896
16916.5, -0.364437
16917, -0.346132
16917.5, -0.367488
16918, -0.333928
16918.5, -0.358336
16919, -0.367488
16919.5, -0.352234
16920, -0.358336
16920.5, -0.367488
16921, -0.343081
16921.5, -0.364437
16922, -0.376641
16922.5, -0.355285
16923, -0.376641
16923.5, -0.364437
16924, -0.336979
16924.5, -0.352234
16925, -0.330877
16925.5, -0.343081
16926, -0.370539
16926.5, -0.364437
16927, -0.370539
16927.5, -0.361386
16928, -0.346132
16928.5, -0.364437
16929, -0.352234
16929.5, -0.370539
16930, -0.379692
16930.5, -0.352234
16931, -0.385794
16931.5, -0.34003
16932, -0.34003
16932.5, -0.330877
16933, -0.34003
16933.5, -0.370539
16934, -0.37359
16934.5, -0.376641
16935, -0.37359
16935.5, -0.336979
16936, -0.327826
16936.5, -0.349183
16937, -0.336979
16937.5, -0.367488
16938, -0.376641
16938.5, -0.379692
16939, -0.376641
16939.5, -0.343081
16940, -0.333928
16940.5, -0.361386
16941, -0.336979
16941.5, -0.37359
16942, -0.367488
16942.5, -0.376641
16943, -0.391896
16943.5, -0.327826
16944, -0.285112
16944.5, -0.346132
16945, -0.355285
16945.5, -0.361386
16946, -0.388845
16946.5, -0.361386
16947, -0.336979
16947.5, -0.352234
16948, -0.336979
16948.5, -0.355285
16949, -0.379692
16949.5, -0.370539
16950, -0.379692
16950.5, -0.379692
16951, -0.321724
16951.5, -0.349183
16952, -0.321724
16952.5, -0.352234
16953, -0.37359
16953.5, -0.367488
16954, -0.379692
16954.5, -0.394947
16955, -0.294265
16955.5, -0.333928
16956, -0.333928
16956.5, -0.336979
16957, -0.391896
16957.5, -0.364437
16958, -0.407151
16958.5, -0.370539
16959, -0.306469
16959.5, -0.336979
16960, -0.324775
16960.5, -0.376641
16961, -0.388845
16961.5, -0.370539
16962, -0.397998
16962.5, -0.336979
16963, -0.336979
16963.5, -0.34003
16964, -0.333928
16964.5, -0.376641
16965, -0.407151
16965.5, -0.391896
16966, -0.407151
16966.5, -0.327826
16967, -0.333928
16967.5, -0.333928
16968, -0.318673
16968.5, -0.37359
16969, -0.391896
16969.5, -0.382743
16970, -0.401049
16970.5, -0.312571
16971, -0.315622
16971.5, -0.34003
16972, -0.352234
16972.5, -0.370539
16973, -0.352234
16973.5, -0.394947
16974, -0.303418
16974.5, -0.321724
16975, -0.355285
16975.5, -0.352234
16976, -0.382743
16976.5, -0.376641
16977, -0.407151
16977.5, -0.397998
16978, -0.343081
16978.5, -0.321724
16979, -0.336979
16979.5, -0.346132
16980, -0.397998
16980.5, -0.394947
16981, -0.364437
16981.5, -0.401049
16982, -0.306469
16982.5, -0.312571
16983, -0.336979
16983.5, -0.336979
16984, -0.361386
16984.5, -0.355285
16985, -0.388845
16985.5, -0.346132
16986, -0.327826
16986.5, -0.318673
16987, -0.355285
16987.5, -0.370539
16988, -0.379692
16988.5, -0.401049
16989, -0.385794
16989.5, -0.306469
16990, -0.361386
16990.5, -0.312571
16991, -0.336979
16991.5, -0.376641
16992, -0.367488
16992.5, -0.394947
16993, -0.367488
16993.5, -0.303418
16994, -0.330877
16994.5, -0.330877
16995, -0.37359
16995.5, -0.388845
16996, -0.367488
16996.5, -0.391896
16997, -0.370539
16997.5, -0.291214
16998, -0.358336
16998.5, -0.352234
16999, -0.367488
16999.5, -0.388845
17000, -0.361386
17000.5, -0.391896
17001, -0.34003
17001.5, -0.330877
17002, -0.349183
17002.5, -0.336979
17003, -0.367488
17003.5, -0.370539
17004, -0.370539
17004.5, -0.37359
17005, -0.352234
17005.5, -0.30952
17006, -0.355285
17006.5, -0.346132
17007, -0.361386
17007.5, -0.376641
17008, -0.361386
17008.5, -0.361386
17009, -0.364437
17009.5, -0.306469
17010, -0.349183
17010.5, -0.361386
17011, -0.364437
17011.5, -0.391896
17012, -0.364437
17012.5, -0.355285
17013, -0.364437
17013.5, -0.343081
17014, -0.352234
17014.5, -0.385794
17015, -0.367488
17015.5, -0.4041
17016, -0.364437
17016.5, -0.318673
17017, -0.367488
17017.5, -0.361386
17018, -0.37359
17018.5, -0.361386
17019, -0.379692
17019.5, -0.37359
17020, -0.364437
17020.5, -0.333928
17021, -0.37359
17021.5, -0.352234
17022, -0.358336
17022.5, -0.346132
17023, -0.379692
17023.5, -0.37359
17024, -0.367488
17024.5, -0.330877
17025, -0.346132
17025.5, -0.37359
17026, -0.361386
17026.5, -0.367488
17027, -0.355285
17027.5, -0.358336
17028, -0.355285
17028.5, -0.358336
17029, -0.349183
17029.5, -0.364437
17030, -0.379692
17030.5, -0.367488
17031, -0.376641
17031.5, -0.364437
17032, -0.379692
17032.5, -0.352234
17033, -0.349183
17033.5, -0.367488
17034, -0.388845
17034.5, -0.358336
17035, -0.361386
17035.5, -0.370539
17036, -0.355285
17036.5, -0.30952
17037, -0.352234
17037.5, -0.355285
17038, -0.361386
17038.5, -0.358336
17039, -0.388845
17039.5, -0.379692
17040, -0.346132
17040.5, -0.358336
17041, -0.333928
17041.5, -0.376641
17042, -0.382743
17042.5, -0.361386
17043, -0.376641
17043.5, -0.364437
17044, -0.333928
17044.5, -0.355285
17045, -0.34003
17045.5, -0.364437
17046, -0.370539
17046.5, -0.358336
17047, -0.382743
17047.5, -0.358336
17048, -0.349183
17048.5, -0.352234
17049, -0.336979
17049.5, -0.367488
17050, -0.355285
17050.5, -0.352234
17051, -0.37359
17051.5, -0.364437
17052, -0.333928
17052.5, -0.349183
17053, -0.336979
17053.5, -0.364437
17054, -0.367488
17054.5, -0.37359
17055, -0.34003
17055.5, -0.346132
17056, -0.352234
17056.5, -0.343081
17057, -0.379692
17057.5, -0.379692
17058, -0.385794
17058.5, -0.364437
17059, -0.318673
17059.5, -0.367488
17060, -0.343081
17060.5, -0.352234
17061, -0.37359
17061.5, -0.364437
17062, -0.37359
17062.5, -0.346132
17063, -0.324775
17063.5, -0.34003
17064, -0.324775
17064.5, -0.367488
17065, -0.370539
17065.5, -0.361386
17066, -0.385794
17066.5, -0.346132
17067, -0.318673
17067.5, -0.349183
17068, -0.330877
17068.5, -0.358336
17069, -0.37359
17069.5, -0.385794
17070, -0.376641
17070.5, -0.352234
17071, -0.34003
17071.5, -0.364437
17072, -0.34003
17072.5, -0.361386
17073, -0.379692
17073.5, -0.379692
17074, -0.391896
17074.5, -0.349183
17075, -0.315622
17075.5, -0.336979
17076, -0.321724
17076.5, -0.361386
17077, -0.382743
17077.5, -0.382743
17078, -0.346132
17078.5, -0.333928
17079, -0.333928
17079.5, -0.34003
17080, -0.370539
17080.5, -0.367488
17081, -0.388845
17081.5, -0.367488
17082, -0.294265
17082.5, -0.355285
17083, -0.312571
17083.5, -0.355285
17084, -0.358336
17084.5, -0.355285
17085, -0.401049
17085.5, -0.358336
17086, -0.303418
17086.5, -0.34003
17087, -0.327826
17087.5, -0.343081
17088, -0.37359
17088.5, -0.364437
17089, -0.407151
17089.5, -0.382743
17090, -0.303418
17090.5, -0.318673
17091, -0.34003
17091.5, -0.361386
17092, -0.385794
17092.5, -0.376641
17093, -0.385794
17093.5, -0.349183
17094, -0.303418
17094.5, -0.34003
17095, -0.349183
17095.5, -0.370539
17096, -0.388845
17096.5, -0.379692
17097, -0.370539
17097.5, -0.349183
17098, -0.312571
17098.5, -0.336979
17099, -0.343081
17099.5, -0.370539
17100, -0.388845
17100.5, -0.385794
17101, -0.370539
17101.5, -0.318673
17102, -0.358336
17102.5, -0.343081
17103, -0.370539
17103.5, -0.379692
17104, -0.37359
17104.5, -0.379692
17105, -0.370539
17105.5, -0.327826
17106, -0.346132
17106.5, -0.343081
17107, -0.379692
17107.5, -0.370539
17108, -0.37359
17108.5, -0.388845
17109, -0.333928
17109.5, -0.306469
17110, -0.358336
17110.5, -0.346132
17111, -0.376641
17111.5, -0.379692
17112, -0.385794
17112.5, -0.385794
17113, -0.343081
17113.5, -0.315622
17114, -0.364437
17114.5, -0.315622
17115, -0.364437
17115.5, -0.376641
17116, -0.370539
17116.5, -0.391896
17117, -0.34003
17117.5, -0.336979
17118, -0.361386
17118.5, -0.336979
17119, -0.358336
17119.5, -0.379692
17120, -0.361386
17120.5, -0.336979
17121, -0.343081
17121.5, -0.352234
17122, -0.364437
17122.5, -0.37359
17123, -0.355285
17123.5, -0.385794
17124, -0.370539
17124.5, -0.321724
17125, -0.346132
17125.5, -0.330877
17126, -0.355285
17126.5, -0.391896
17127, -0.370539
17127.5, -0.385794
17128, -0.385794
17128.5, -0.352234
17129, -0.349183
17129.5, -0.346132
17130, -0.367488
17130.5, -0.37359
17131, -0.349183
17131.5, -0.382743
17132, -0.364437
17132.5, -0.321724
17133, -0.349183
17133.5, -0.333928
17134, -0.355285
17134.5, -0.37359
17135, -0.358336
17135.5, -0.382743
17136, -0.37359
17136.5, -0.358336
17137, -0.361386
17137.5, -0.355285
17138, -0.370539
17138.5, -0.364437
17139, -0.358336
17139.5, -0.382743
17140, -0.367488
17140.5, -0.343081
17141, -0.370539
17141.5, -0.358336
17142, -0.37359
17142.5, -0.370539
17143, -0.361386
17143.5, -0.367488
17144, -0.361386
17144.5, -0.327826
17145, -0.352234
17145.5, -0.349183
17146, -0.370539
17146.5, -0.349183
17147, -0.367488
17147.5, -0.361386
17148, -0.367488
17148.5, -0.361386
17149, -0.343081
17149.5, -0.379692
17150, -0.349183
17150.5, -0.37359
17151, -0.367488
17151.5, -0.361386
17152, -0.343081
17152.5, -0.352234
17153, -0.343081
17153.5, -0.367488
17154, -0.358336
17154.5, -0.370539
17155, -0.364437
17155.5, -0.361386
17156, -0.370539
17156.5, -0.349183
17157, -0.346132
17157.5, -0.367488
17158, -0.367488
17158.5, -0.364437
17159, -0.34003
17159.5, -0.364437
17160, -0.349183
17160.5, -0.361386
17161, -0.382743
17161.5, -0.355285
17162, -0.367488
17162.5, -0.367488
17163, -0.333928
17163.5, -0.367488
17164, -0.346132
17164.5, -0.361386
17165, -0.376641
17165.5, -0.367488
17166, -0.367488
17166.5, -0.346132
17167, -0.349183
17167.5, -0.370539
17168, -0.343081
17168.5, -0.355285
17169, -0.358336
17169.5, -0.370539
17170, -0.376641
17170.5, -0.352234
17171, -0.352234
17171.5, -0.352234
17172, -0.343081
17172.5, -0.358336
17173, -0.370539
17173.5, -0.388845
17174, -0.37359
17174.5, -0.367488
17175, -0.336979
17175.5, -0.349183
17176, -0.352234
17176.5, -0.37359
17177, -0.358336
17177.5, -0.376641
17178, -0.370539
17178.5, -0.346132
17179, -0.34003
17179.5, -0.349183
17180, -0.346132
17180.5, -0.367488
17181, -0.379692
17181.5, -0.352234
17182, -0.37359
17182.5, -0.367488
17183, -0.330877
17183.5, -0.358336
17184, -0.349183
17184.5, -0.364437
17185, -0.370539
17185.5, -0.367488
17186, -0.361386
17186.5, -0.336979
17187, -0.34003
17187.5, -0.355285
17188, -0.388845
17188.5, -0.367488
17189, -0.364437
17189.5, -0.370539
17190, -0.312571
17190.5, -0.327826
17191, -0.330877
17191.5, -0.355285
17192, -0.37359
17192.5, -0.367488
17193, -0.382743
17193.5, -0.37359
17194, -0.343081
17194.5, -0.346132
17195, -0.330877
17195.5, -0.343081
17196, -0.382743
17196.5, -0.364437
17197, -0.388845
17197.5, -0.361386
17198, -0.355285
17198.5, -0.327826
17199, -0.34003
17199.5, -0.346132
17200, -0.367488
17200.5, -0.385794
17201, -0.37359
17201.5, -0.327826
17202, -0.312571
17202.5, -0.346132
17203, -0.330877
17203.5, -0.382743
17204, -0.370539
17204.5, -0.370539
17205, -0.397998
17205.5, -0.327826
17206, -0.324775
17206.5, -0.315622
17207, -0.324775
17207.5, -0.364437
17208, -0.385794
17208.5, -0.379692
17209, -0.407151
17209.5, -0.349183
17210, -0.327826
17210.5, -0.343081
17211, -0.321724
17211.5, -0.37359
17212, -0.376641
17212.5, -0.388845
17213, -0.343081
17213.5, -0.333928
17214, -0.330877
17214.5, -0.346132
17215, -0.37359
17215.5, -0.364437
17216, -0.382743
17216.5, -0.385794
17217, -0.343081
17217.5, -0.343081
17218, -0.346132
17218.5, -0.327826
17219, -0.382743
17219.5, -0.370539
17220, -0.37359
17220.5, -0.388845
17221, -0.30952
17221.5, -0.361386
17222, -0.352234
17222.5, -0.34003
17223, -0.385794
17223.5, -0.367488
17224, -0.394947
17224.5, -0.379692
17225, -0.333928
17225.5, -0.333928
17226, -0.361386
17226.5, -0.364437
17227, -0.370539
17227.5, -0.376641
17228, -0.364437
17228.5, -0.346132
17229, -0.37359
17229.5, -0.349183
17230, -0.343081
17230.5, -0.364437
17231, -0.370539
17231.5, -0.388845
17232, -0.379692
17232.5, -0.303418
17233, -0.361386
17233.5, -0.346132
17234, -0.343081
17234.5, -0.364437
17235, -0.358336
17235.5, -0.376641
17236, -0.367488
17236.5, -0.300367
17237, -0.37359
17237.5, -0.330877
17238, -0.361386
17238.5, -0.379692
17239, -0.352234
17239.5, -0.388845
17240, -0.364437
17240.5, -0.315622
17241, -0.361386
17241.5, -0.343081
17242, -0.364437
17242.5, -0.370539
17243, -0.370539
17243.5, -0.401049
17244, -0.367488
17244.5, -0.346132
17245, -0.361386
17245.5, -0.333928
17246, -0.364437
17246.5, -0.37359
17247, -0.370539
17247.5, -0.382743
17248, -0.367488
17248.5, -0.324775
17249, -0.370539
17249.5, -0.336979
17250, -0.361386
17250.5, -0.379692
17251, -0.367488
17251.5, -0.385794
17252, -0.355285
17252.5, -0.343081
17253, -0.355285
17253.5, -0.391896
17254, -0.355285
17254.5, -0.367488
17255, -0.361386
17255.5, -0.324775
17256, -0.370539
17256.5, -0.336979
17257, -0.370539
17257.5, -0.391896
17258, -0.367488
17258.5, -0.370539
17259, -0.358336
17259.5, -0.355285
17260, -0.367488
17260.5, -0.318673
17261, -0.358336
17261.5, -0.367488
17262, -0.361386
17262.5, -0.367488
17263, -0.361386
17263.5, -0.367488
17264, -0.355285
17264.5, -0.370539
17265, -0.355285
17265.5, -0.364437
17266, -0.358336
17266.5, -0.352234
17267, -0.358336
17267.5, -0.370539
17268, -0.349183
17268.5, -0.364437
17269, -0.361386
17269.5, -0.352234
17270, -0.364437
17270.5, -0.355285
17271, -0.355285
17271.5, -0.358336
17272, -0.367488
17272.5, -0.364437
17273, -0.367488
17273.5, -0.37359
17274, -0.364437
17274.5, -0.361386
17275, -0.367488
17275.5, -0.352234
17276, -0.346132
17276.5, -0.361386
17277, -0.355285
17277.5, -0.355285
17278, -0.37359
17278.5, -0.367488
17279, -0.333928
17279.5, -0.367488
17280, -0.352234
17280.5, -0.358336
17281, -0.37359
17281.5, -0.367488
17282, -0.37359
17282.5, -0.370539
17283, -0.321724
17283.5, -0.34003
17284, -0.343081
17284.5, -0.355285
17285, -0.367488
17285.5, -0.364437
17286, -0.388845
17286.5, -0.364437
17287, -0.355285
17287.5, -0.364437
17288, -0.346132
17288.5, -0.364437
17289, -0.367488
17289.5, -0.367488
17290, -0.379692
17290.5, -0.361386
17291, -0.343081
17291.5, -0.364437
17292, -0.361386
17292.5, -0.388845
17293, -0.370539
17293.5, -0.358336
17294, -0.324775
17294.5, -0.346132
17295, -0.355285
17295.5, -0.349183
17296, -0.367488
17296.5, -0.37359
17297, -0.355285
17297.5, -0.370539
17298, -0.349183
17298.5, -0.352234
17299, -0.343081
17299.5, -0.343081
17300, -0.391896
17300.5, -0.367488
17301, -0.37359
17301.5, -0.367488
17302, -0.333928
17302.5, -0.370539
17303, -0.336979
17303.5, -0.358336
17304, -0.361386
17304.5, -0.37359
17305, -0.37359
17305.5, -0.355285
17306, -0.327826
17306.5, -0.364437
17307, -0.346132
17307.5, -0.376641
17308, -0.376641
17308.5, -0.379692
17309, -0.391896
17309.5, -0.321724
17310, -0.330877
17310.5, -0.358336
17311, -0.324775
17311.5, -0.370539
17312, -0.361386
17312.5, -0.361386
17313, -0.37359
17313.5, -0.321724
17314, -0.361386
17314.5, -0.355285
17315, -0.330877
17315.5, -0.379692
17316, -0.358336
17316.5, -0.37359
17317, -0.382743
17317.5, -0.34003
17318, -0.333928
17318.5, -0.333928
17319, -0.352234
17319.5, -0.358336
17320, -0.382743
17320.5, -0.382743
17321, -0.306469
17321.5, -0.346132
17322, -0.333928
17322.5, -0.330877
17323, -0.391896
17323.5, -0.376641
17324, -0.401049
17324.5, -0.370539
17325, -0.367488
17325.5, -0.333928
17326, -0.34003
17326.5, -0.358336
17327, -0.379692
17327.5, -0.370539
17328, -0.382743
17328.5, -0.364437
17329, -0.30952
17329.5, -0.355285
17330, -0.343081
17330.5, -0.361386
17331, -0.37359
17331.5, -0.358336
17332, -0.391896
17332.5, -0.370539
17333, -0.297316
17333.5, -0.327826
17334, -0.327826
17334.5, -0.367488
17335, -0.385794
17335.5, -0.379692
17336, -0.382743
17336.5, -0.330877
17337, -0.346132
17337.5, -0.324775
17338, -0.361386
17338.5, -0.367488
17339, -0.376641
17339.5, -0.385794
17340, -0.37359
17340.5, -0.343081
17341, -0.352234
17341.5, -0.349183
17342, -0.352234
17342.5, -0.379692
17343, -0.364437
17343.5, -0.367488
17344, -0.397998
17344.5, -0.318673
17345, -0.34003
17345.5, -0.349183
17346, -0.346132
17346.5, -0.367488
17347, -0.376641
17347.5, -0.364437
17348, -0.321724
17348.5, -0.321724
17349, -0.352234
17349.5, -0.330877
17350, -0.382743
17350.5, -0.370539
17351, -0.379692
17351.5, -0.394947
17352, -0.364437
17352.5, -0.315622
17353, -0.364437
17353.5, -0.349183
17354, -0.367488
17354.5, -0.379692
17355, -0.37359
17355.5, -0.388845
17356, -0.321724
17356.5, -0.321724
17357, -0.358336
17357.5, -0.330877
17358, -0.367488
17358.5, -0.382743
17359, -0.355285
17359.5, -0.355285
17360, -0.327826
17360.5, -0.327826
17361, -0.364437
17361.5, -0.379692
17362, -0.37359
17362.5, -0.388845
17363, -0.352234
17363.5, -0.321724
17364, -0.355285
17364.5, -0.343081
17365, -0.364437
17365.5, -0.370539
17366, -0.358336
17366.5, -0.379692
17367, -0.364437
17367.5, -0.34003
17368, -0.361386
17368.5, -0.364437
17369, -0.358336
17369.5, -0.367488
17370, -0.367488
17370.5, -0.391896
17371, -0.367488
17371.5, -0.358336
17372, -0.358336
17372.5, -0.349183
17373, -0.349183
17373.5, -0.382743
17374, -0.355285
17374.5, -0.364437
17375, -0.364437
17375.5, -0.324775
17376, -0.352234
17376.5, -0.37359
17377, -0.364437
17377.5, -0.385794
17378, -0.346132
17378.5, -0.382743
17379, -0.355285
17379.5, -0.358336
17380, -0.355285
17380.5, -0.346132
17381, -0.370539
17381.5, -0.370539
17382, -0.370539
17382.5, -0.37359
17383, -0.358336
17383.5, -0.358336
17384, -0.349183
17384.5, -0.352234
17385, -0.37359
17385.5, -0.37359
17386, -0.367488
17386.5, -0.364437
17387, -0.364437
17387.5, -0.364437
17388, -0.352234
17388.5, -0.358336
17389, -0.379692
17389.5, -0.367488
17390, -0.37359
17390.5, -0.358336
17391, -0.343081
17391.5, -0.361386
17392, -0.352234
17392.5, -0.370539
17393, -0.37359
17393.5, -0.352234
17394, -0.385794
17394.5, -0.367488
17395, -0.364437
17395.5, -0.37359
17396, -0.355285
17396.5, -0.358336
17397, -0.358336
17397.5, -0.37359
17398, -0.385794
17398.5, -0.358336
17399, -0.34003
17399.5, -0.355285
17400, -0.361386
17400.5, -0.376641
17401, -0.364437
17401.5, -0.364437
17402, -0.349183
17402.5, -0.364437
17403, -0.343081
17403.5, -0.370539
17404, -0.370539
17404.5, -0.358336
17405, -0.379692
17405.5, -0.367488
17406, -0.367488
17406.5, -0.361386
17407, -0.358336
17407.5, -0.349183
17408, -0.367488
17408.5, -0.358336
17409, -0.385794
17409.5, -0.361386
17410, -0.346132
17410.5, -0.37359
17411, -0.346132
17411.5, -0.358336
17412, -0.355285
17412.5, -0.358336
17413, -0.370539
17413.5, -0.333928
17414, -0.34003
17414.5, -0.361386
17415, -0.343081
17415.5, -0.379692
17416, -0.367488
17416.5, -0.367488
17417, -0.382743
17417.5, -0.358336
17418, -0.34003
17418.5, -0.355285
17419, -0.349183
17419.5, -0.370539
17420, -0.349183
17420.5, -0.364437
17421, -0.407151
17421.5, -0.355285
17422, -0.330877
17422.5, -0.349183
17423, -0.343081
17423.5, -0.364437
17424, -0.361386
17424.5, -0.370539
17425, -0.361386
17425.5, -0.358336
17426, -0.355285
17426.5, -0.352234
17427, -0.370539
17427.5, -0.355285
17428, -0.394947
17428.5, -0.382743
17429, -0.327826
17429.5, -0.352234
17430, -0.333928
17430.5, -0.355285
17431, -0.349183
17431.5, -0.37359
17432, -0.376641
17432.5, -0.367488
17433, -0.346132
17433.5, -0.346132
17434, -0.349183
17434.5, -0.349183
17435, -0.367488
17435.5, -0.376641
17436, -0.385794
17436.5, -0.364437
17437, -0.330877
17437.5, -0.327826
17438, -0.330877
17438.5, -0.358336
17439, -0.370539
17439.5, -0.382743
17440, -0.388845
17440.5, -0.361386
17441, -0.321724
17441.5, -0.352234
17442, -0.330877
17442.5, -0.376641
17443, -0.367488
17443.5, -0.37359
17444, -0.37359
17444.5, -0.346132
17445, -0.315622
17445.5, -0.349183
17446, -0.343081
17446.5, -0.355285
17447, -0.391896
17447.5, -0.376641
17448, -0.382743
17448.5, -0.333928
17449, -0.318673
17449.5, -0.361386
17450, -0.321724
17450.5, -0.355285
17451, -0.382743
17451.5, -0.361386
17452, -0.394947
17452.5, -0.367488
17453, -0.349183
17453.5, -0.358336
17454, -0.364437
17454.5, -0.361386
17455, -0.397998
17455.5, -0.361386
17456, -0.330877
17456.5, -0.318673
17457, -0.333928
17457.5, -0.346132
17458, -0.367488
17458.5, -0.376641
17459, -0.382743
17459.5, -0.364437
17460, -0.321724
17460.5, -0.30952
17461, -0.352234
17461.5, -0.343081
17462, -0.37359
17462.5, -0.376641
17463, -0.382743
17463.5, -0.394947
17464, -0.312571
17464.5, -0.327826
17465, -0.352234
17465.5, -0.327826
17466, -0.388845
17466.5, -0.367488
17467, -0.37359
17467.5, -0.343081
17468, -0.358336
17468.5, -0.333928
17469, -0.34003
17469.5, -0.385794
17470, -0.358336
17470.5, -0.385794
17471, -0.397998
17471.5, -0.30952
17472, -0.343081
17472.5, -0.327826
17473, -0.355285
17473.5, -0.376641
17474, -0.361386
17474.5, -0.376641
17475, -0.379692
17475.5, -0.306469
17476, -0.349183
17476.5, -0.349183
17477, -0.358336
17477.5, -0.397998
17478, -0.364437
17478.5, -0.388845
17479, -0.37359
17479.5, -0.306469
17480, -0.346132
17480.5, -0.327826
17481, -0.37359
17481.5, -0.379692
17482, -0.358336
17482.5, -0.385794
17483, -0.34003
17483.5, -0.324775
17484, -0.364437
17484.5, -0.364437
17485, -0.379692
17485.5, -0.394947
17486, -0.37359
17486.5, -0.397998
17487, -0.355285
17487.5, -0.327826
17488, -0.352234
17488.5, -0.349183
17489, -0.358336
17489.5, -0.382743
17490, -0.367488
17490.5, -0.367488
17491, -0.376641
17491.5, -0.361386
17492, -0.346132
17492.5, -0.333928
17493, -0.364437
17493.5, -0.355285
17494, -0.358336
17494.5, -0.382743
17495, -0.370539
17495.5, -0.361386
17496, -0.349183
17496.5, -0.379692
17497, -0.364437
17497.5, -0.379692
17498, -0.361386
17498.5, -0.358336
17499, -0.370539
17499.5, -0.367488
17500, -0.358336
17500.5, -0.367488
17501, -0.367488
17501.5, -0.367488
17502, -0.358336
17502.5, -0.333928
17503, -0.367488
17503.5, -0.37359
17504, -0.367488
17504.5, -0.364437
17505, -0.361386
17505.5, -0.361386
17506, -0.358336
17506.5, -0.358336
17507, -0.358336
17507.5, -0.355285
17508, -0.370539
17508.5, -0.358336
17509, -0.364437
17509.5, -0.382743
17510, -0.34003
17510.5, -0.355285
17511, -0.352234
17511.5, -0.37359
17512, -0.376641
17512.5, -0.361386
17513, -0.379692
17513.5, -0.376641
17514, -0.364437
17514.5, -0.367488
17515, -0.358336
17515.5, -0.361386
17516, -0.358336
17516.5, -0.376641
17517, -0.367488
17517.5, -0.355285
17518, -0.346132
17518.5, -0.352234
17519, -0.352234
17519.5, -0.364437
17520, -0.367488
17520.5, -0.370539
17521, -0.370539
17521.5, -0.352234
17522, -0.355285
17522.5, -0.352234
17523, -0.355285
17523.5, -0.361386
17524, -0.382743
17524.5, -0.367488
17525, -0.367488
17525.5, -0.358336
17526, -0.34003
17526.5, -0.358336
17527, -0.343081
17527.5, -0.364437
17528, -0.361386
17528.5, -0.361386
17529, -0.379692
17529.5, -0.343081
17530, -0.336979
17530.5, -0.352234
17531, -0.349183
17531.5, -0.376641
17532, -0.370539
17532.5, -0.361386
17533, -0.382743
17533.5, -0.352234
17534, -0.324775
17534.5, -0.364437
17535, -0.376641
17535.5, -0.352234
17536, -0.376641
17536.5, -0.376641
17537, -0.336979
17537.5, -0.370539
17538, -0.361386
17538.5, -0.352234
17539, -0.37359
17539.5, -0.361386
17540, -0.370539
17540.5, -0.367488
17541, -0.333928
17541.5, -0.367488
17542, -0.361386
17542.5, -0.346132
17543, -0.370539
17543.5, -0.367488
17544, -0.37359
17544.5, -0.382743
17545, -0.330877
17545.5, -0.321724
17546, -0.352234
17546.5, -0.34003
17547, -0.367488
17547.5, -0.379692
17548, -0.364437
17548.5, -0.367488
17549, -0.303418
17549.5, -0.355285
17550, -0.355285
17550.5, -0.37359
17551, -0.376641
17551.5, -0.370539
17552, -0.367488
17552.5, -0.34003
17553, -0.327826
17553.5, -0.349183
17554, -0.327826
17554.5, -0.367488
17555, -0.355285
17555.5, -0.364437
17556, -0.37359
17556.5, -0.321724
17557, -0.330877
17557.5, -0.349183
17558, -0.343081
17558.5, -0.367488
17559, -0.376641
17559.5, -0.391896
17560, -0.361386
17560.5, -0.330877
17561, -0.333928
17561.5, -0.355285
17562, -0.385794
17562.5, -0.358336
17563, -0.379692
17563.5, -0.385794
17564, -0.30952
17564.5, -0.333928
17565, -0.333928
17565.5, -0.358336
17566, -0.391896
17566.5, -0.358336
17567, -0.388845
17567.5, -0.379692
17568, -0.312571
17568.5, -0.352234
17569, -0.34003
17569.5, -0.336979
17570, -0.37359
17570.5, -0.358336
17571, -0.385794
17571.5, -0.370539
17572, -0.324775
17572.5, -0.346132
17573, -0.336979
17573.5, -0.346132
17574, -0.370539
17574.5, -0.388845
17575, -0.379692
17575.5, -0.352234
17576, -0.34003
17576.5, -0.349183
17577, -0.358336
17577.5, -0.385794
17578, -0.379692
17578.5, -0.382743
17579, -0.394947
17579.5, -0.346132
17580, -0.330877
17580.5, -0.343081
17581, -0.358336
17581.5, -0.382743
17582, -0.370539
17582.5, -0.385794
17583, -0.394947
17583.5, -0.300367
17584, -0.336979
17584.5, -0.318673
17585, -0.364437
17585.5, -0.358336
17586, -0.37359
17586.5, -0.379692
17587, -0.358336
17587.5, -0.324775
17588, -0.361386
17588.5, -0.361386
17589, -0.391896
17589.5, -0.388845
17590, -0.367488
17590.5, -0.385794
17591, -0.361386
17591.5, -0.312571
17592, -0.349183
17592.5, -0.352234
17593, -0.364437
17593.5, -0.382743
17594, -0.364437
17594.5, -0.379692
17595, -0.34003
17595.5, -0.327826
17596, -0.367488
17596.5, -0.34003
17597, -0.352234
17597.5, -0.379692
17598, -0.370539
17598.5, -0.385794
17599, -0.343081
17599.5, -0.324775
17600, -0.361386
17600.5, -0.355285
17601, -0.358336
17601.5, -0.370539
17602, -0.37359
17602.5, -0.34003
17603, -0.376641
17603.5, -0.346132
17604, -0.37359
17604.5, -0.379692
17605, -0.355285
17605.5, -0.376641
17606, -0.355285
17606.5, -0.330877
17607, -0.358336
17607.5, -0.364437
17608, -0.355285
17608.5, -0.37359
17609, -0.349183
17609.5, -0.37359
17610, -0.346132
17610.5, -0.306469
17611, -0.367488
17611.5, -0.343081
17612, -0.355285
17612.5, -0.358336
17613, -0.358336
17613.5, -0.358336
17614, -0.370539
17614.5, -0.346132
17615, -0.349183
17615.5, -0.336979
17616, -0.364437
17616.5, -0.382743
17617, -0.37359
17617.5, -0.37359
17618, -0.376641
17618.5, -0.312571
17619, -0.361386
17619.5, -0.355285
17620, -0.364437
17620.5, -0.361386
17621, -0.361386
17621.5, -0.361386
17622, -0.367488
17622.5, -0.34003
17623, -0.355285
17623.5, -0.358336
17624, -0.358336
17624.5, -0.355285
17625, -0.364437
17625.5, -0.367488
17626, -0.358336
17626.5, -0.358336
17627, -0.358336
17627.5, -0.364437
17628, -0.376641
17628.5, -0.349183
17629, -0.37359
17629.5, -0.370539
17630, -0.333928
17630.5, -0.358336
17631, -0.346132
17631.5, -0.364437
17632, -0.376641
17632.5, -0.361386
17633, -0.379692
17633.5, -0.358336
17634, -0.333928
17634.5, -0.355285
17635, -0.346132
17635.5, -0.367488
17636, -0.37359
17636.5, -0.358336
17637, -0.361386
17637.5, -0.37359
17638, -0.336979
17638.5, -0.361386
17639, -0.34003
17639.5, -0.364437
17640, -0.37359
17640.5, -0.358336
17641, -0.364437
17641.5, -0.355285
17642, -0.358336
17642.5, -0.358336
17643, -0.370539
17643.5, -0.364437
17644, -0.370539
17644.5, -0.388845
17645, -0.324775
17645.5, -0.358336
17646, -0.349183
17646.5, -0.358336
17647, -0.382743
17647.5, -0.367488
17648, -0.382743
17648.5, -0.364437
17649, -0.330877
17649.5, -0.361386
17650, -0.346132
17650.5, -0.355285
17651, -0.37359
17651.5, -0.364437
17652, -0.379692
17652.5, -0.370539
17653, -0.330877
17653.5, -0.361386
17654, -0.361386
17654.5, -0.358336
17655, -0.358336
17655.5, -0.364437
17656, -0.379692
17656.5, -0.361386
17657, -0.330877
17657.5, -0.352234
17658, -0.349183
17658.5, -0.37359
17659, -0.349183
17659.5, -0.367488
17660, -0.379692
17660.5, -0.343081
17661, -0.355285
17661.5, -0.343081
17662, -0.352234
17662.5, -0.37359
17663, -0.370539
17663.5, -0.355285
17664, -0.355285
17664.5, -0.343081
17665, -0.333928
17665.5, -0.352234
17666, -0.355285
17666.5, -0.355285
17667, -0.367488
17667.5, -0.367488
17668, -0.355285
17668.5, -0.361386
17669, -0.343081
17669.5, -0.352234
17670, -0.382743
17670.5, -0.352234
17671, -0.37359
17671.5, -0.364437
17672, -0.346132
17672.5, -0.349183
17673, -0.321724
17673.5, -0.336979
17674, -0.382743
17674.5, -0.370539
17675, -0.385794
17675.5, -0.367488
17676, -0.324775
17676.5, -0.358336
17677, -0.355285
17677.5, -0.358336
17678, -0.367488
17678.5, -0.364437
17679, -0.388845
17679.5, -0.37359
17680, -0.343081
17680.5, -0.358336
17681, -0.327826
17681.5, -0.376641
17682, -0.379692
17682.5, -0.367488
17683, -0.388845
17683.5, -0.349183
17684, -0.315622
17684.5, -0.355285
17685, -0.333928
17685.5, -0.385794
17686, -0.370539
17686.5, -0.367488
17687, -0.385794
17687.5, -0.324775
17688, -0.306469
17688.5, -0.343081
17689, -0.34003
17689.5, -0.370539
17690, -0.385794
17690.5, -0.37359
17691, -0.37359
17691.5, -0.355285
17692, -0.318673
17692.5, -0.327826
17693, -0.349183
17693.5, -0.376641
17694, -0.376641
17694.5, -0.37359
17695, -0.361386
17695.5, -0.324775
17696, -0.336979
17696.5, -0.352234
17697, -0.367488
17697.5, -0.361386
17698, -0.385794
17698.5, -0.37359
17699, -0.318673
17699.5, -0.312571
17700, -0.333928
17700.5, -0.346132
17701, -0.37359
17701.5, -0.391896
17702, -0.361386
17702.5, -0.367488
17703, -0.312571
17703.5, -0.30952
17704, -0.367488
17704.5, -0.336979
17705, -0.37359
17705.5, -0.364437
17706, -0.37359
17706.5, -0.367488
17707, -0.364437
17707.5, -0.300367
17708, -0.346132
17708.5, -0.364437
17709, -0.358336
17709.5, -0.394947
17710, -0.352234
17710.5, -0.336979
17711, -0.330877
17711.5, -0.330877
17712, -0.364437
17712.5, -0.385794
17713, -0.358336
17713.5, -0.376641
17714, -0.364437
17714.5, -0.34003
17715, -0.358336
17715.5, -0.34003
17716, -0.355285
17716.5, -0.376641
17717, -0.361386
17717.5, -0.382743
17718, -0.364437
17718.5, -0.306469
17719, -0.355285
17719.5, -0.352234
17720, -0.358336
17720.5, -0.376641
17721, -0.352234
17721.5, -0.391896
17722, -0.364437
17722.5, -0.30952
17723, -0.376641
17723.5, -0.343081
17724, -0.361386
17724.5, -0.379692
17725, -0.361386
17725.5, -0.397998
17726, -0.367488
17726.5, -0.330877
17727, -0.370539
17727.5, -0.336979
17728, -0.364437
17728.5, -0.379692
17729, -0.346132
17729.5, -0.394947
17730, -0.349183
17730.5, -0.343081
17731, -0.367488
17731.5, -0.346132
17732, -0.367488
17732.5, -0.370539
17733, -0.349183
17733.5, -0.364437
17734, -0.367488
17734.5, -0.34003
17735, -0.343081
17735.5, -0.382743
17736, -0.364437
17736.5, -0.358336
17737, -0.370539
17737.5, -0.343081
17738, -0.361386
17738.5, -0.355285
17739, -0.343081
17739.5, -0.382743
17740, -0.355285
17740.5, -0.385794
17741, -0.367488
17741.5, -0.346132
17742, -0.376641
17742.5, -0.370539
17743, -0.346132
17743.5, -0.382743
17744, -0.358336
17744.5, -0.367488
17745, -0.364437
17745.5, -0.364437
17746, -0.346132
17746.5, -0.352234
17747, -0.361386
17747.5, -0.364437
17748, -0.367488
17748.5, -0.37359
17749, -0.346132
17749.5, -0.352234
17750, -0.346132
17750.5, -0.358336
17751, -0.367488
17751.5, -0.361386
17752, -0.37359
17752.5, -0.358336
17753, -0.358336
17753.5, -0.352234
17754, -0.34003
17754.5, -0.355285
17755, -0.364437
17755.5, -0.367488
17756, -0.364437
17756.5, -0.367488
17757, -0.352234
17757.5, -0.37359
17758, -0.333928
17758.5, -0.376641
17759, -0.367488
17759.5, -0.352234
17760, -0.376641
17760.5, -0.358336
17761, -0.358336
17761.5, -0.34003
17762, -0.355285
17762.5, -0.364437
17763, -0.37359
17763.5, -0.358336
17764, -0.379692
17764.5, -0.361386
17765, -0.343081
17765.5, -0.343081
17766, -0.358336
17766.5, -0.352234
17767, -0.376641
17767.5, -0.361386
17768, -0.37359
17768.5, -0.376641
17769, -0.336979
17769.5, -0.358336
17770, -0.343081
17770.5, -0.355285
17771, -0.355285
17771.5, -0.37359
17772, -0.382743
17772.5, -0.370539
17773, -0.324775
17773.5, -0.358336
17774, -0.346132
17774.5, -0.364437
17775, -0.382743
17775.5, -0.346132
17776, -0.330877
17776.5, -0.352234
17777, -0.346132
17777.5, -0.343081
17778, -0.37359
17778.5, -0.361386
17779, -0.364437
17779.5, -0.361386
17780, -0.349183
17780.5, -0.34003
17781, -0.336979
17781.5, -0.361386
17782, -0.358336
17782.5, -0.370539
17783, -0.367488
17783.5, -0.379692
17784, -0.355285
17784.5, -0.355285
17785, -0.352234
17785.5, -0.34003
17786, -0.367488
17786.5, -0.370539
17787, -0.361386
17787.5, -0.367488
17788, -0.312571
17788.5, -0.349183
17789, -0.327826
17789.5, -0.37359
17790, -0.385794
17790.5, -0.361386
17791, -0.376641
17791.5, -0.355285
17792, -0.34003
17792.5, -0.34003
17793, -0.327826
17793.5, -0.361386
17794, -0.382743
17794.5, -0.37359
17795, -0.376641
17795.5, -0.343081
17796, -0.333928
17796.5, -0.352234
17797, -0.346132
17797.5, -0.352234
17798, -0.391896
17798.5, -0.361386
17799, -0.385794
17799.5, -0.355285
17800, -0.330877
17800.5, -0.358336
17801, -0.333928
17801.5, -0.379692
17802, -0.385794
17802.5, -0.376641
17803, -0.318673
17803.5, -0.321724
17804, -0.343081
17804.5, -0.361386
17805, -0.382743
17805.5, -0.364437
17806, -0.385794
17806.5, -0.376641
17807, -0.297316
17807.5, -0.34003
17808, -0.346132
17808.5, -0.343081
17809, -0.385794
17809.5, -0.37359
17810, -0.382743
17810.5, -0.376641
17811, -0.312571
17811.5, -0.336979
17812, -0.349183
17812.5, -0.346132
17813, -0.385794
17813.5, -0.364437
17814, -0.385794
17814.5, -0.370539
17815, -0.315622
17815.5, -0.346132
17816, -0.346132
17816.5, -0.370539
17817, -0.352234
17817.5, -0.376641
17818, -0.382743
17818.5, -0.343081
17819, -0.346132
17819.5, -0.361386
17820, -0.352234
17820.5, -0.382743
17821, -0.367488
17821.5, -0.382743
17822, -0.401049
17822.5, -0.349183
17823, -0.327826
17823.5, -0.343081
17824, -0.355285
17824.5, -0.388845
17825, -0.349183
17825.5, -0.382743
17826, -0.370539
17826.5, -0.336979
17827, -0.346132
17827.5, -0.330877
17828, -0.34003
17828.5, -0.37359
17829, -0.355285
17829.5, -0.391896
17830, -0.336979
17830.5, -0.318673
17831, -0.336979
17831.5, -0.34003
17832, -0.367488
17832.5, -0.382743
17833, -0.355285
17833.5, -0.382743
17834, -0.324775
17834.5, -0.318673
17835, -0.352234
17835.5, -0.346132
17836, -0.364437
17836.5, -0.364437
17837, -0.361386
17837.5, -0.385794
17838, -0.355285
17838.5, -0.306469
17839, -0.358336
17839.5, -0.343081
17840, -0.370539
17840.5, -0.385794
17841, -0.358336
17841.5, -0.367488
17842, -0.352234
17842.5, -0.327826
17843, -0.352234
17843.5, -0.376641
17844, -0.352234
17844.5, -0.376641
17845, -0.355285
17845.5, -0.321724
17846, -0.37359
17846.5, -0.330877
17847, -0.367488
17847.5, -0.388845
17848, -0.349183
17848.5, -0.361386
17849, -0.352234
17849.5, -0.343081
17850, -0.367488
17850.5, -0.352234
17851, -0.364437
17851.5, -0.382743
17852, -0.361386
17852.5, -0.364437
17853, -0.358336
17853.5, -0.324775
17854, -0.361386
17854.5, -0.367488
17855, -0.355285
17855.5, -0.382743
17856, -0.364437
17856.5, -0.361386
17857, -0.361386
17857.5, -0.34003
17858, -0.349183
17858.5, -0.364437
17859, -0.370539
17859.5, -0.361386
17860, -0.364437
17860.5, -0.355285
17861, -0.364437
17861.5, -0.352234
17862, -0.355285
17862.5, -0.364437
17863, -0.37359
17863.5, -0.367488
17864, -0.361386
17864.5, -0.367488
17865, -0.370539
17865.5, -0.364437
17866, -0.358336
17866.5, -0.349183
17867, -0.370539
17867.5, -0.361386
17868, -0.367488
17868.5, -0.312571
17869, -0.346132
17869.5, -0.355285
17870, -0.352234
17870.5, -0.355285
17871, -0.376641
17871.5, -0.343081
17872, -0.367488
17872.5, -0.370539
17873, -0.321724
17873.5, -0.361386
17874, -0.346132
17874.5, -0.364437
17875, -0.361386
17875.5, -0.358336
17876, -0.367488
17876.5, -0.349183
17877, -0.312571
17877.5, -0.358336
17878, -0.346132
17878.5, -0.352234
17879, -0.370539
17879.5, -0.358336
17880, -0.37359
17880.5, -0.349183
17881, -0.324775
17881.5, -0.361386
17882, -0.358336
17882.5, -0.367488
17883, -0.355285
17883.5, -0.367488
17884, -0.346132
17884.5, -0.358336
17885, -0.358336
17885.5, -0.37359
17886, -0.364437
17886.5, -0.37359
17887, -0.370539
17887.5, -0.352234
17888, -0.330877
17888.5, -0.361386
17889, -0.343081
17889.5, -0.361386
17890, -0.364437
17890.5, -0.370539
17891, -0.367488
17891.5, -0.376641
17892, -0.336979
17892.5, -0.358336
17893, -0.346132
17893.5, -0.349183
17894, -0.370539
17894.5, -0.376641
17895, -0.376641
17895.5, -0.343081
17896, -0.333928
17896.5, -0.352234
17897, -0.358336
17897.5, -0.364437
17898, -0.361386
17898.5, -0.352234
17899, -0.367488
17899.5, -0.346132
17900, -0.315622
17900.5, -0.376641
17901, -0.327826
17901.5, -0.376641
17902, -0.358336
17902.5, -0.37359
17903, -0.376641
17903.5, -0.312571
17904, -0.349183
17904.5, -0.352234
17905, -0.361386
17905.5, -0.376641
17906, -0.367488
17906.5, -0.358336
17907, -0.37359
17907.5, -0.349183
17908, -0.349183
17908.5, -0.352234
17909, -0.382743
17909.5, -0.361386
17910, -0.364437
17910.5, -0.382743
17911, -0.312571
17911.5, -0.346132
17912, -0.352234
17912.5, -0.343081
17913, -0.364437
17913.5, -0.37359
17914, -0.385794
17914.5, -0.376641
17915, -0.343081
17915.5, -0.355285
17916, -0.327826
17916.5, -0.355285
17917, -0.391896
17917.5, -0.361386
17918, -0.397998
17918.5, -0.376641
17919, -0.30952
17919.5, -0.364437
17920, -0.343081
17920.5, -0.358336
17921, -0.385794
17921.5, -0.355285
17922, -0.385794
17922.5, -0.34003
17923, -0.312571
17923.5, -0.336979
17924, -0.327826
17924.5, -0.364437
17925, -0.382743
17925.5, -0.382743
17926, -0.397998
17926.5, -0.330877
17927, -0.324775
17927.5, -0.336979
17928, -0.352234
17928.5, -0.382743
17929, -0.382743
17929.5, -0.370539
17930, -0.391896
17930.5, -0.336979
17931, -0.306469
17931.5, -0.346132
17932, -0.336979
17932.5, -0.361386
17933, -0.37359
17933.5, -0.379692
17934, -0.391896
17934.5, -0.336979
17935, -0.333928
17935.5, -0.346132
17936, -0.397998
17936.5, -0.37359
17937, -0.379692
17937.5, -0.394947
17938, -0.324775
17938.5, -0.318673
17939, -0.355285
17939.5, -0.324775
17940, -0.367488
17940.5, -0.37359
17941, -0.364437
17941.5, -0.385794
17942, -0.315622
17942.5, -0.315622
17943, -0.346132
17943.5, -0.330877
17944, -0.379692
17944.5, -0.382743
17945, -0.361386
17945.5, -0.388845
17946, -0.349183
17946.5, -0.346132
17947, -0.358336
17947.5, -0.34003
17948, -0.379692
17948.5, -0.391896
17949, -0.379692
17949.5, -0.333928
17950, -0.34003
17950.5, -0.327826
17951, -0.364437
17951.5, -0.382743
17952, -0.364437
17952.5, -0.379692
17953, -0.37359
17953.5, -0.330877
17954, -0.361386
17954.5, -0.330877
17955, -0.37359
17955.5, -0.376641
17956, -0.355285
17956.5, -0.379692
17957, -0.355285
17957.5, -0.315622
17958, -0.349183
17958.5, -0.330877
17959, -0.349183
17959.5, -0.385794
17960, -0.364437
17960.5, -0.370539
17961, -0.37359
17961.5, -0.306469
17962, -0.364437
17962.5, -0.330877
17963, -0.358336
17963.5, -0.382743
17964, -0.361386
17964.5, -0.358336
17965, -0.346132
17965.5, -0.327826
17966, -0.367488
17966.5, -0.37359
17967, -0.361386
17967.5, -0.382743
17968, -0.349183
17968.5, -0.401049
17969, -0.367488
17969.5, -0.333928
17970, -0.346132
17970.5, -0.324775
17971, -0.358336
17971.5, -0.370539
17972, -0.355285
17972.5, -0.382743
17973, -0.364437
17973.5, -0.370539
17974, -0.367488
17974.5, -0.336979
17975, -0.370539
17975.5, -0.367488
17976, -0.364437
17976.5, -0.364437
17977, -0.364437
17977.5, -0.352234
17978, -0.358336
17978.5, -0.358336
17979, -0.358336
17979.5, -0.376641
17980, -0.364437
17980.5, -0.336979
17981, -0.358336
17981.5, -0.37359
17982, -0.364437
17982.5, -0.376641
17983, -0.361386
17983.5, -0.358336
17984, -0.379692
17984.5, -0.346132
17985, -0.370539
17985.5, -0.364437
17986, -0.364437
17986.5, -0.37359
17987, -0.364437
17987.5, -0.376641
17988, -0.379692
17988.5, -0.364437
17989, -0.358336
17989.5, -0.352234
17990, -0.346132
17990.5, -0.367488
17991, -0.355285
17991.5, -0.37359
17992, -0.352234
17992.5, -0.37359
17993, -0.343081
17993.5, -0.352234
17994, -0.370539
17994.5, -0.367488
17995, -0.379692
17995.5, -0.358336
17996, -0.343081
17996.5, -0.361386
17997, -0.364437
17997.5, -0.361386
17998, -0.370539
17998.5, -0.364437
17999, -0.379692
17999.5, -0.361386
18000, -0.318673
18000.5, -0.361386
18001, -0.346132
18001.5, -0.385794
18002, -0.364437
18002.5, -0.364437
18003, -0.379692
18003.5, -0.37359
18004, -0.343081
18004.5, -0.364437
18005, -0.336979
18005.5, -0.382743
18006, -0.370539
18006.5, -0.361386
18007, -0.37359
18007.5, -0.367488
18008, -0.336979
18008.5, -0.367488
18009, -0.349183
18009.5, -0.361386
18010, -0.361386
18010.5, -0.379692
18011, -0.361386
18011.5, -0.367488
18012, -0.343081
18012.5, -0.346132
18013, -0.358336
18013.5, -0.364437
18014, -0.367488
18014.5, -0.367488
18015, -0.364437
18015.5, -0.349183
18016, -0.34003
18016.5, -0.349183
18017, -0.361386
18017.5, -0.37359
18018, -0.385794
18018.5, -0.379692
18019, -0.336979
18019.5, -0.355285
18020, -0.349183
18020.5, -0.343081
18021, -0.37359
18021.5, -0.358336
18022, -0.37359
18022.5, -0.370539
18023, -0.336979
18023.5, -0.343081
18024, -0.34003
18024.5, -0.349183
18025, -0.370539
18025.5, -0.376641
18026, -0.355285
18026.5, -0.367488
18027, -0.358336
18027.5, -0.367488
18028, -0.343081
18028.5, -0.364437
18029, -0.391896
18029.5, -0.391896
18030, -0.382743
18030.5, -0.333928
18031, -0.336979
18031.5, -0.349183
18032, -0.352234
18032.5, -0.364437
18033, -0.37359
18033.5, -0.382743
18034, -0.376641
18034.5, -0.330877
18035, -0.318673
18035.5, -0.346132
18036, -0.336979
18036.5, -0.370539
18037, -0.388845
18037.5, -0.385794
18038, -0.385794
18038.5, -0.352234
18039, -0.324775
18039.5, -0.343081
18040, -0.330877
18040.5, -0.370539
18041, -0.379692
18041.5, -0.379692
18042, -0.382743
18042.5, -0.327826
18043, -0.333928
18043.5, -0.349183
18044, -0.358336
18044.5, -0.376641
18045, -0.391896
18045.5, -0.370539
18046, -0.306469
18046.5, -0.336979
18047, -0.336979
18047.5, -0.330877
18048, -0.385794
18048.5, -0.382743
18049, -0.382743
18049.5, -0.379692
18050, -0.315622
18050.5, -0.327826
18051, -0.34003
18051.5, -0.349183
18052, -0.397998
18052.5, -0.37359
18053, -0.382743
18053.5, -0.391896
18054, -0.324775
18054.5, -0.321724
18055, -0.343081
18055.5, -0.370539
18056, -0.37359
18056.5, -0.364437
18057, -0.4041
18057.5, -0.358336
18058, -0.312571
18058.5, -0.315622
18059, -0.382743
18059.5, -0.382743
18060, -0.388845
18060.5, -0.376641
18061, -0.370539
18061.5, -0.327826
18062, -0.343081
18062.5, -0.333928
18063, -0.355285
18063.5, -0.394947
18064, -0.379692
18064.5, -0.379692
18065, -0.37359
18065.5, -0.315622
18066, -0.352234
18066.5, -0.327826
18067, -0.34003
18067.5, -0.364437
18068, -0.37359
18068.5, -0.394947
18069, -0.367488
18069.5, -0.30952
18070, -0.361386
18070.5, -0.333928
18071, -0.361386
18071.5, -0.391896
18072, -0.364437
18072.5, -0.397998
18073, -0.358336
18073.5, -0.294265
18074, -0.358336
18074.5, -0.333928
18075, -0.379692
18075.5, -0.379692
18076, -0.367488
18076.5, -0.391896
18077, -0.352234
18077.5, -0.324775
18078, -0.352234
18078.5, -0.327826
18079, -0.370539
18079.5, -0.382743
18080, -0.379692
18080.5, -0.391896
18081, -0.358336
18081.5, -0.333928
18082, -0.352234
18082.5, -0.355285
18083, -0.361386
18083.5, -0.391896
18084, -0.361386
18084.5, -0.312571
18085, -0.370539
18085.5, -0.321724
18086, -0.367488
18086.5, -0.388845
18087, -0.358336
18087.5, -0.407151
18088, -0.379692
18088.5, -0.327826
18089, -0.370539
18089.5, -0.333928
18090, -0.367488
18090.5, -0.376641
18091, -0.355285
18091.5, -0.388845
18092, -0.361386
18092.5, -0.361386
18093, -0.352234
18093.5, -0.349183
18094, -0.370539
18094.5, -0.376641
18095, -0.367488
18095.5, -0.376641
18096, -0.364437
18096.5, -0.336979
18097, -0.352234
18097.5, -0.336979
18098, -0.391896
18098.5, -0.349183
18099, -0.361386
18099.5, -0.358336
18100, -0.364437
18100.5, -0.336979
18101, -0.349183
18101.5, -0.346132
18102, -0.367488
18102.5, -0.358336
18103, -0.367488
18103.5, -0.376641
18104, -0.367488
18104.5, -0.358336
18105, -0.346132
18105.5, -0.370539
18106, -0.379692
18106.5, -0.358336
18107, -0.37359
18107.5, -0.370539
18108, -0.358336
18108.5, -0.324775
18109, -0.349183
18109.5, -0.361386
18110, -0.370539
18110.5, -0.370539
18111, -0.346132
18111.5, -0.367488
18112, -0.343081
18112.5, -0.37359
18113, -0.352234
18113.5, -0.37359
18114, -0.37359
18114.5, -0.370539
18115, -0.349183
18115.5, -0.364437
18116, -0.370539
18116.5, -0.37359
18117, -0.355285
18117.5, -0.358336
18118, -0.367488
18118.5, -0.37359
18119, -0.382743
18119.5, -0.364437
18120, -0.352234
18120.5, -0.364437
18121, -0.34003
18121.5, -0.361386
18122, -0.37359
18122.5, -0.358336
18123, -0.358336
18123.5, -0.364437
18124, -0.364437
18124.5, -0.34003
18125, -0.361386
18125.5, -0.370539
18126, -0.388845
18126.5, -0.37359
18127, -0.349183
18127.5, -0.364437
18128, -0.352234
18128.5, -0.358336
18129, -0.370539
18129.5, -0.376641
18130, -0.379692
18130.5, -0.364437
18131, -0.349183
18131.5, -0.358336
18132, -0.346132
18132.5, -0.352234
18133, -0.37359
18133.5, -0.37359
18134, -0.382743
18134.5, -0.37359
18135, -0.333928
18135.5, -0.364437
18136, -0.355285
18136.5, -0.367488
18137, -0.37359
18137.5, -0.364437
18138, -0.388845
18138.5, -0.330877
18139, -0.321724
18139.5, -0.352234
18140, -0.336979
18140.5, -0.385794
18141, -0.364437
18141.5, -0.361386
18142, -0.391896
18142.5, -0.333928
18143, -0.327826
18143.5, -0.364437
18144, -0.358336
18144.5, -0.37359
18145, -0.391896
18145.5, -0.385794
18146, -0.413253
18146.5, -0.336979
18147, -0.327826
18147.5, -0.34003
18148, -0.358336
18148.5, -0.376641
18149, -0.367488
18149.5, -0.385794
18150, -0.346132
18150.5, -0.352234
18151, -0.324775
18151.5, -0.358336
18152, -0.37359
18152.5, -0.376641
18153, -0.37359
18153.5, -0.385794
18154, -0.288163
18154.5, -0.336979
18155, -0.327826
18155.5, -0.352234
18156, -0.364437
18156.5, -0.349183
18157, -0.379692
18157.5, -0.391896
18158, -0.330877
18158.5, -0.343081
18159, -0.318673
18159.5, -0.330877
18160, -0.379692
18160.5, -0.367488
18161, -0.410202
18161.5, -0.379692
18162, -0.318673
18162.5, -0.324775
18163, -0.318673
18163.5, -0.352234
18164, -0.391896
18164.5, -0.367488
18165, -0.407151
18165.5, -0.30952
18166, -0.300367
18166.5, -0.343081
18167, -0.324775
18167.5, -0.370539
18168, -0.388845
18168.5, -0.382743
18169, -0.4041
18169.5, -0.330877
18170, -0.315622
18170.5, -0.352234
18171, -0.34003
18171.5, -0.376641
18172, -0.367488
18172.5, -0.388845
18173, -0.4041
18173.5, -0.330877
18174, -0.306469
18174.5, -0.34003
18175, -0.346132
18175.5, -0.382743
18176, -0.37359
18176.5, -0.394947
18177, -0.379692
18177.5, -0.34003
18178, -0.321724
18178.5, -0.355285
18179, -0.370539
18179.5, -0.352234
18180, -0.37359
18180.5, -0.382743
18181, -0.30952
18181.5, -0.318673
18182, -0.330877
18182.5, -0.333928
18183, -0.391896
18183.5, -0.382743
18184, -0.376641
18184.5, -0.394947
18185, -0.330877
18185.5, -0.321724
18186, -0.364437
18186.5, -0.34003
18187, -0.385794
18187.5, -0.361386
18188, -0.391896
18188.5, -0.370539
18189, -0.379692
18189.5, -0.297316
18190, -0.370539
18190.5, -0.355285
18191, -0.364437
18191.5, -0.4041
18192, -0.355285
18192.5, -0.300367
18193, -0.358336
18193.5, -0.327826
18194, -0.349183
18194.5, -0.379692
18195, -0.361386
18195.5, -0.394947
18196, -0.349183
18196.5, -0.312571
18197, -0.361386
18197.5, -0.333928
18198, -0.376641
18198.5, -0.358336
18199, -0.358336
18199.5, -0.391896
18200, -0.367488
18200.5, -0.306469
18201, -0.34003
18201.5, -0.34003
18202, -0.358336
18202.5, -0.385794
18203, -0.355285
18203.5, -0.382743
18204, -0.379692
18204.5, -0.324775
18205, -0.358336
18205.5, -0.318673
18206, -0.358336
18206.5, -0.385794
18207, -0.358336
18207.5, -0.388845
18208, -0.361386
18208.5, -0.346132
18209, -0.358336
18209.5, -0.349183
18210, -0.364437
18210.5, -0.391896
18211, -0.361386
18211.5, -0.397998
18212, -0.364437
18212.5, -0.324775
18213, -0.358336
18213.5, -0.333928
18214, -0.37359
18214.5, -0.385794
18215, -0.367488
18215.5, -0.391896
18216, -0.361386
18216.5, -0.315622
18217, -0.358336
18217.5, -0.361386
18218, -0.382743
18218.5, -0.376641
18219, -0.367488
18219.5, -0.330877
18220, -0.355285
18220.5, -0.343081
18221, -0.355285
18221.5, -0.37359
18222, -0.37359
18222.5, -0.349183
18223, -0.361386
18223.5, -0.352234
18224, -0.37359
18224.5, -0.358336
18225, -0.352234
18225.5, -0.391896
18226, -0.376641
18226.5, -0.358336
18227, -0.364437
18227.5, -0.355285
18228, -0.370539
18228.5, -0.370539
18229, -0.358336
18229.5, -0.358336
18230, -0.370539
18230.5, -0.376641
18231, -0.370539
18231.5, -0.343081
18232, -0.358336
18232.5, -0.370539
18233, -0.37359
18233.5, -0.367488
18234, -0.367488
18234.5, -0.370539
18235, -0.370539
18235.5, -0.361386
18236, -0.346132
18236.5, -0.364437
18237, -0.370539
18237.5, -0.349183
18238, -0.379692
18238.5, -0.367488
18239, -0.361386
18239.5, -0.358336
18240, -0.346132
18240.5, -0.349183
18241, -0.376641
18241.5, -0.367488
18242, -0.376641
18242.5, -0.367488
18243, -0.327826
18243.5, -0.361386
18244, -0.346132
18244.5, -0.364437
18245, -0.355285
18245.5, -0.346132
18246, -0.382743
18246.5, -0.355285
18247, -0.346132
18247.5, -0.364437
18248, -0.34003
18248.5, -0.364437
18249, -0.364437
18249.5, -0.355285
18250, -0.391896
18250.5, -0.364437
18251, -0.336979
18251.5, -0.349183
18252, -0.343081
18252.5, -0.370539
18253, -0.343081
18253.5, -0.358336
18254, -0.370539
18254.5, -0.37359
18255, -0.324775
18255.5, -0.343081
18256, -0.346132
18256.5, -0.358336
18257, -0.364437
18257.5, -0.364437
18258, -0.352234
18258.5, -0.358336
18259, -0.333928
18259.5, -0.352234
18260, -0.382743
18260.5, -0.364437
18261, -0.391896
18261.5, -0.355285
18262, -0.327826
18262.5, -0.355285
18263, -0.330877
18263.5, -0.349183
18264, -0.367488
18264.5, -0.355285
18265, -0.382743
18265.5, -0.355285
18266, -0.324775
18266.5, -0.327826
18267, -0.321724
18267.5, -0.355285
18268, -0.367488
18268.5, -0.367488
18269, -0.382743
18269.5, -0.379692
18270, -0.312571
18270.5, -0.358336
18271, -0.327826
18271.5, -0.361386
18272, -0.358336
18272.5, -0.367488
18273, -0.391896
18273.5, -0.343081
18274, -0.306469
18274.5, -0.349183
18275, -0.321724
18275.5, -0.361386
18276, -0.376641
18276.5, -0.37359
18277, -0.388845
18277.5, -0.346132
18278, -0.306469
18278.5, -0.346132
18279, -0.336979
18279.5, -0.349183
18280, -0.388845
18280.5, -0.355285
18281, -0.382743
18281.5, -0.34003
18282, -0.291214
18282.5, -0.330877
18283, -0.343081
18283.5, -0.355285
18284, -0.401049
18284.5, -0.349183
18285, -0.361386
18285.5, -0.336979
18286, -0.306469
18286.5, -0.349183
18287, -0.379692
18287.5, -0.370539
18288, -0.394947
18288.5, -0.379692
18289, -0.30952
18289.5, -0.336979
18290, -0.333928
18290.5, -0.367488
18291, -0.391896
18291.5, -0.376641
18292, -0.397998
18292.5, -0.37359
18293, -0.303418
18293.5, -0.333928
18294, -0.34003
18294.5, -0.333928
18295, -0.370539
18295.5, -0.382743
18296, -0.388845
18296.5, -0.382743
18297, -0.300367
18297.5, -0.318673
18298, -0.330877
18298.5, -0.343081
18299, -0.385794
18299.5, -0.367488
18300, -0.379692
18300.5, -0.330877
18301, -0.324775
18301.5, -0.333928
18302, -0.367488
18302.5, -0.37359
18303, -0.385794
18303.5, -0.379692
18304, -0.361386
18304.5, -0.330877
18305, -0.349183
18305.5, -0.324775
18306, -0.361386
18306.5, -0.361386
18307, -0.388845
18307.5, -0.376641
18308, -0.379692
18308.5, -0.327826
18309, -0.318673
18309.5, -0.349183
18310, -0.370539
18310.5, -0.382743
18311, -0.355285
18311.5, -0.391896
18312, -0.37359
18312.5, -0.312571
18313, -0.352234
18313.5, -0.336979
18314, -0.379692
18314.5, -0.370539
18315, -0.370539
18315.5, -0.379692
18316, -0.352234
18316.5, -0.327826
18317, -0.352234
18317.5, -0.324775
18318, -0.361386
18318.5, -0.382743
18319, -0.370539
18319.5, -0.37359
18320, -0.355285
18320.5, -0.321724
18321, -0.361386
18321.5, -0.349183
18322, -0.358336
18322.5, -0.37359
18323, -0.343081
18323.5, -0.388845
18324, -0.370539
18324.5, -0.324775
18325, -0.358336
18325.5, -0.364437
18326, -0.361386
18326.5, -0.358336
18327, -0.370539
18327.5, -0.315622
18328, -0.346132
18328.5, -0.336979
18329, -0.361386
18329.5, -0.394947
18330, -0.355285
18330.5, -0.388845
18331, -0.367488
18331.5, -0.349183
18332, -0.376641
18332.5, -0.330877
18333, -0.358336
18333.5, -0.388845
18334, -0.349183
18334.5, -0.367488
18335, -0.367488
18335.5, -0.303418
18336, -0.361386
18336.5, -0.352234
18337, -0.370539
18337.5, -0.37359
18338, -0.361386
18338.5, -0.364437
18339, -0.358336
18339.5, -0.349183
18340, -0.352234
18340.5, -0.34003
18341, -0.364437
18341.5, -0.367488
18342, -0.361386
18342.5, -0.388845
18343, -0.352234
18343.5, -0.343081
18344, -0.361386
18344.5, -0.370539
18345, -0.358336
18345.5, -0.364437
18346, -0.364437
18346.5, -0.355285
18347, -0.370539
18347.5, -0.327826
18348, -0.346132
18348.5, -0.349183
18349, -0.37359
18349.5, -0.364437
18350, -0.361386
18350.5, -0.352234
18351, -0.352234
18351.5, -0.330877
18352, -0.34003
18352.5, -0.358336
18353, -0.361386
18353.5, -0.364437
18354, -0.352234
18354.5, -0.37359
18355, -0.376641
18355.5, -0.361386
18356, -0.352234
18356.5, -0.367488
18357, -0.361386
18357.5, -0.370539
18358, -0.370539
18358.5, -0.37359
18359, -0.364437
18359.5, -0.358336
18360, -0.355285
18360.5, -0.367488
18361, -0.364437
18361.5, -0.367488
18362, -0.370539
18362.5, -0.37359
18363, -0.336979
18363.5, -0.364437
18364, -0.361386
18364.5, -0.364437
18365, -0.367488
18365.5, -0.358336
18366, -0.37359
18366.5, -0.361386
18367, -0.343081
18367.5, -0.364437
18368, -0.385794
18368.5, -0.367488
18369, -0.37359
18369.5, -0.364437
18370, -0.352234
18370.5, -0.361386
18371, -0.343081
18371.5, -0.364437
18372, -0.364437
18372.5, -0.361386
18373, -0.379692
18373.5, -0.358336
18374, -0.355285
18374.5, -0.367488
18375, -0.361386
18375.5, -0.346132
18376, -0.358336
18376.5, -0.376641
18377, -0.376641
18377.5, -0.364437
18378, -0.336979
18378.5, -0.336979
18379, -0.364437
18379.5, -0.364437
18380, -0.361386
18380.5, -0.361386
18381, -0.391896
18381.5, -0.376641
18382, -0.330877
18382.5, -0.352234
18383, -0.364437
18383.5, -0.367488
18384, -0.370539
18384.5, -0.352234
18385, -0.376641
18385.5, -0.34003
18386, -0.330877
18386.5, -0.355285
18387, -0.346132
18387.5, -0.379692
18388, -0.361386
18388.5, -0.37359
18389, -0.364437
18389.5, -0.358336
18390, -0.343081
18390.5, -0.343081
18391, -0.349183
18391.5, -0.370539
18392, -0.367488
18392.5, -0.370539
18393, -0.349183
18393.5, -0.346132
18394, -0.346132
18394.5, -0.352234
18395, -0.370539
18395.5, -0.361386
18396, -0.361386
18396.5, -0.379692
18397, -0.321724
18397.5, -0.352234
18398, -0.343081
18398.5, -0.349183
18399, -0.364437
18399.5, -0.376641
18400, -0.37359
18400.5, -0.376641
18401, -0.315622
18401.5, -0.349183
18402, -0.343081
18402.5, -0.358336
18403, -0.37359
18403.5, -0.352234
18404, -0.382743
18404.5, -0.367488
18405, -0.303418
18405.5, -0.361386
18406, -0.324775
18406.5, -0.367488
18407, -0.388845
18407.5, -0.361386
18408, -0.376641
18408.5, -0.333928
18409, -0.30952
18409.5, -0.367488
18410, -0.324775
18410.5, -0.379692
18411, -0.385794
18411.5, -0.370539
18412, -0.385794
18412.5, -0.37359
18413, -0.355285
18413.5, -0.34003
18414, -0.330877
18414.5, -0.379692
18415, -0.370539
18415.5, -0.385794
18416, -0.382743
18416.5, -0.324775
18417, -0.318673
18417.5, -0.34003
18418, -0.343081
18418.5, -0.376641
18419, -0.367488
18419.5, -0.379692
18420, -0.34003
18420.5, -0.346132
18421, -0.343081
18421.5, -0.349183
18422, -0.376641
18422.5, -0.388845
18423, -0.370539
18423.5, -0.376641
18424, -0.306469
18424.5, -0.330877
18425, -0.343081
18425.5, -0.346132
18426, -0.367488
18426.5, -0.367488
18427, -0.394947
18427.5, -0.367488
18428, -0.312571
18428.5, -0.346132
18429, -0.336979
18429.5, -0.346132
18430, -0.364437
18430.5, -0.343081
18431, -0.367488
18431.5, -0.367488
18432, -0.321724
18432.5, -0.315622
18433, -0.349183
18433.5, -0.34003
18434, -0.37359
18434.5, -0.382743
18435, -0.376641
18435.5, -0.312571
18436, -0.318673
18436.5, -0.321724
18437, -0.352234
18437.5, -0.376641
18438, -0.358336
18438.5, -0.382743
18439, -0.37359
18439.5, -0.297316
18440, -0.346132
18440.5, -0.333928
18441, -0.361386
18441.5, -0.367488
18442, -0.364437
18442.5, -0.382743
18443, -0.367488
18443.5, -0.343081
18444, -0.349183
18444.5, -0.349183
18445, -0.355285
18445.5, -0.37359
18446, -0.367488
18446.5, -0.385794
18447, -0.367488
18447.5, -0.318673
18448, -0.364437
18448.5, -0.352234
18449, -0.361386
18449.5, -0.37359
18450, -0.361386
18450.5, -0.370539
18451, -0.370539
18451.5, -0.330877
18452, -0.361386
18452.5, -0.370539
18453, -0.364437
18453.5, -0.379692
18454, -0.358336
18454.5, -0.364437
18455, -0.370539
18455.5, -0.343081
18456, -0.367488
18456.5, -0.37359
18457, -0.364437
18457.5, -0.388845
18458, -0.349183
18458.5, -0.361386
18459, -0.361386
18459.5, -0.330877
18460, -0.370539
18460.5, -0.330877
18461, -0.361386
18461.5, -0.367488
18462, -0.361386
18462.5, -0.361386
18463, -0.361386
18463.5, -0.355285
18464, -0.346132
18464.5, -0.361386
18465, -0.367488
18465.5, -0.358336
18466, -0.358336
18466.5, -0.355285
18467, -0.367488
18467.5, -0.367488
18468, -0.361386
18468.5, -0.370539
18469, -0.367488
18469.5, -0.352234
18470, -0.367488
18470.5, -0.37359
18471, -0.367488
18471.5, -0.355285
18472, -0.349183
18472.5, -0.355285
18473, -0.367488
18473.5, -0.367488
18474, -0.370539
18474.5, -0.361386
18475, -0.358336
18475.5, -0.355285
18476, -0.367488
18476.5, -0.385794
18477, -0.367488
18477.5, -0.352234
18478, -0.364437
18478.5, -0.364437
18479, -0.349183
18479.5, -0.355285
18480, -0.376641
18480.5, -0.358336
18481, -0.358336
18481.5, -0.376641
18482, -0.361386
18482.5, -0.358336
18483, -0.349183
18483.5, -0.352234
18484, -0.370539
18484.5, -0.352234
18485, -0.370539
18485.5, -0.367488
18486, -0.327826
18486.5, -0.370539
18487, -0.352234
18487.5, -0.364437
18488, -0.37359
18488.5, -0.364437
18489, -0.388845
18489.5, -0.37359
18490, -0.333928
18490.5, -0.361386
18491, -0.343081
18491.5, -0.376641
18492, -0.361386
18492.5, -0.358336
18493, -0.382743
18493.5, -0.358336
18494, -0.336979
18494.5, -0.349183
18495, -0.349183
18495.5, -0.37359
18496, -0.367488
18496.5, -0.364437
18497, -0.37359
18497.5, -0.370539
18498, -0.349183
18498.5, -0.346132
18499, -0.343081
18499.5, -0.364437
18500, -0.37359
18500.5, -0.352234
18501, -0.333928
18501.5, -0.37359
18502, -0.349183
18502.5, -0.355285
18503, -0.358336
18503.5, -0.361386
18504, -0.370539
18504.5, -0.358336
18505, -0.324775
18505.5, -0.343081
18506, -0.34003
18506.5, -0.358336
18507, -0.370539
18507.5, -0.364437
18508, -0.37359
18508.5, -0.349183
18509, -0.318673
18509.5, -0.349183
18510, -0.34003
18510.5, -0.346132
18511, -0.355285
18511.5, -0.376641
18512, -0.382743
18512.5, -0.364437
18513, -0.34003
18513.5, -0.34003
18514, -0.355285
18514.5, -0.355285
18515, -0.382743
18515.5, -0.388845
18516, -0.394947
18516.5, -0.343081
18517, -0.318673
18517.5, -0.355285
18518, -0.324775
18518.5, -0.376641
18519, -0.37359
18519.5, -0.391896
18520, -0.37359
18520.5, -0.352234
18521, -0.30952
18521.5, -0.355285
18522, -0.34003
18522.5, -0.346132
18523, -0.379692
18523.5, -0.370539
18524, -0.364437
18524.5, -0.358336
18525, -0.333928
18525.5, -0.349183
18526, -0.333928
18526.5, -0.361386
18527, -0.358336
18527.5, -0.37359
18528, -0.346132
18528.5, -0.321724
18529, -0.34003
18529.5, -0.358336
18530, -0.379692
18530.5, -0.358336
18531, -0.382743
18531.5, -0.37359
18532, -0.312571
18532.5, -0.346132
18533, -0.336979
18533.5, -0.352234
18534, -0.382743
18534.5, -0.37359
18535, -0.401049
18535.5, -0.376641
18536, -0.318673
18536.5, -0.324775
18537, -0.343081
18537.5, -0.355285
18538, -0.367488
18538.5, -0.376641
18539, -0.370539
18539.5, -0.379692
18540, -0.30952
18540.5, -0.355285
18541, -0.37359
18541.5, -0.343081
18542, -0.379692
18542.5, -0.379692
18543, -0.391896
18543.5, -0.324775
18544, -0.352234
18544.5, -0.343081
18545, -0.333928
18545.5, -0.346132
18546, -0.382743
18546.5, -0.394947
18547, -0.352234
18547.5, -0.352234
18548, -0.336979
18548.5, -0.355285
18549, -0.34003
18549.5, -0.379692
18550, -0.355285
18550.5, -0.385794
18551, -0.379692
18551.5, -0.349183
18552, -0.324775
18552.5, -0.34003
18553, -0.364437
18553.5, -0.379692
18554, -0.367488
18554.5, -0.379692
18555, -0.352234
18555.5, -0.330877
18556, -0.343081
18556.5, -0.336979
18557, -0.355285
18557.5, -0.385794
18558, -0.364437
18558.5, -0.382743
18559, -0.358336
18559.5, -0.333928
18560, -0.361386
18560.5, -0.34003
18561, -0.376641
18561.5, -0.391896
18562, -0.346132
18562.5, -0.394947
18563, -0.361386
18563.5, -0.333928
18564, -0.364437
18564.5, -0.333928
18565, -0.364437
18565.5, -0.370539
18566, -0.361386
18566.5, -0.388845
18567, -0.358336
18567.5, -0.30952
18568, -0.355285
18568.5, -0.391896
18569, -0.37359
18569.5, -0.364437
18570, -0.355285
18570.5, -0.300367
18571, -0.361386
18571.5, -0.321724
18572, -0.349183
18572.5, -0.367488
18573, -0.370539
18573.5, -0.364437
18574, -0.37359
18574.5, -0.333928
18575, -0.370539
18575.5, -0.361386
18576, -0.358336
18576.5, -0.376641
18577, -0.370539
18577.5, -0.382743
18578, -0.352234
18578.5, -0.321724
18579, -0.370539
18579.5, -0.361386
18580, -0.37359
18580.5, -0.364437
18581, -0.370539
18581.5, -0.367488
18582, -0.367488
18582.5, -0.352234
18583, -0.361386
18583.5, -0.352234
18584, -0.367488
18584.5, -0.361386
18585, -0.358336
18585.5, -0.382743
18586, -0.355285
18586.5, -0.361386
18587, -0.349183
18587.5, -0.367488
18588, -0.367488
18588.5, -0.358336
18589, -0.355285
18589.5, -0.37359
18590, -0.367488
18590.5, -0.364437
18591, -0.352234
18591.5, -0.364437
18592, -0.370539
18592.5, -0.367488
18593, -0.367488
18593.5, -0.367488
18594, -0.349183
18594.5, -0.364437
18595, -0.355285
18595.5, -0.370539
18596, -0.364437
18596.5, -0.355285
18597, -0.397998
18597.5, -0.352234
18598, -0.367488
18598.5, -0.352234
18599, -0.349183
18599.5, -0.352234
18600, -0.367488
18600.5, -0.358336
18601, -0.361386
18601.5, -0.358336
18602, -0.346132
18602.5, -0.346132
18603, -0.349183
18603.5, -0.361386
18604, -0.37359
18604.5, -0.37359
18605, -0.37359
18605.5, -0.361386
18606, -0.330877
18606.5, -0.361386
18607, -0.358336
18607.5, -0.361386
18608, -0.376641
18608.5, -0.355285
18609, -0.358336
18609.5, -0.37359
18610, -0.358336
18610.5, -0.352234
18611, -0.361386
18611.5, -0.370539
18612, -0.379692
18612.5, -0.358336
18613, -0.346132
18613.5, -0.367488
18614, -0.352234
18614.5, -0.370539
18615, -0.352234
18615.5, -0.361386
18616, -0.370539
18616.5, -0.370539
18617, -0.333928
18617.5, -0.367488
18618, -0.343081
18618.5, -0.349183
18619, -0.370539
18619.5, -0.370539
18620, -0.376641
18620.5, -0.361386
18621, -0.330877
18621.5, -0.346132
18622, -0.336979
18622.5, -0.355285
18623, -0.367488
18623.5, -0.355285
18624, -0.370539
18624.5, -0.336979
18625, -0.34003
18625.5, -0.336979
18626, -0.361386
18626.5, -0.367488
18627, -0.388845
18627.5, -0.367488
18628, -0.376641
18628.5, -0.370539
18629, -0.306469
18629.5, -0.346132
18630, -0.324775
18630.5, -0.382743
18631, -0.388845
18631.5, -0.37359
18632, -0.376641
18632.5, -0.34003
18633, -0.327826
18633.5, -0.355285
18634, -0.327826
18634.5, -0.367488
18635, -0.385794
18635.5, -0.376641
18636, -0.330877
18636.5, -0.327826
18637, -0.324775
18637.5, -0.352234
18638, -0.382743
18638.5, -0.37359
18639, -0.376641
18639.5, -0.388845
18640, -0.30952
18640.5, -0.327826
18641, -0.327826
18641.5, -0.333928
18642, -0.376641
18642.5, -0.352234
18643, -0.388845
18643.5, -0.379692
18644, -0.327826
18644.5, -0.336979
18645, -0.333928
18645.5, -0.34003
18646, -0.385794
18646.5, -0.367488
18647, -0.385794
18647.5, -0.376641
18648, -0.30952
18648.5, -0.34003
18649, -0.355285
18649.5, -0.361386
18650, -0.37359
18650.5, -0.37359
18651, -0.397998
18651.5, -0.336979
18652, -0.30952
18652.5, -0.349183
18653, -0.333928
18653.5, -0.376641
18654, -0.385794
18654.5, -0.376641
18655, -0.394947
18655.5, -0.324775
18656, -0.324775
18656.5, -0.343081
18657, -0.327826
18657.5, -0.385794
18658, -0.37359
18658.5, -0.376641
18659, -0.397998
18659.5, -0.330877
18660, -0.30952
18660.5, -0.321724
18661, -0.343081
18661.5, -0.37359
18662, -0.364437
18662.5, -0.37359
18663, -0.327826
18663.5, -0.330877
18664, -0.361386
18664.5, -0.346132
18665, -0.388845
18665.5, -0.394947
18666, -0.370539
18666.5, -0.394947
18667, -0.297316
18667.5, -0.318673
18668, -0.343081
18668.5, -0.358336
18669, -0.364437
18669.5, -0.388845
18670, -0.376641
18670.5, -0.385794
18671, -0.358336
18671.5, -0.343081
18672, -0.361386
18672.5, -0.346132
18673, -0.361386
18673.5, -0.379692
18674, -0.379692
18674.5, -0.388845
18675, -0.364437
18675.5, -0.333928
18676, -0.355285
18676.5, -0.376641
18677, -0.37359
18677.5, -0.388845
18678, -0.37359
18678.5, -0.306469
18679, -0.358336
18679.5, -0.321724
18680, -0.358336
18680.5, -0.37359
18681, -0.361386
18681.5, -0.407151
18682, -0.364437
18682.5, -0.327826
18683, -0.34003
18683.5, -0.352234
18684, -0.367488
18684.5, -0.376641
18685, -0.361386
18685.5, -0.388845
18686, -0.361386
18686.5, -0.324775
18687, -0.343081
18687.5, -0.333928
18688, -0.376641
18688.5, -0.370539
18689, -0.382743
18689.5, -0.37359
18690, -0.364437
18690.5, -0.330877
18691, -0.370539
18691.5, -0.376641
18692, -0.355285
18692.5, -0.364437
18693, -0.355285
18693.5, -0.385794
18694, -0.364437
18694.5, -0.324775
18695, -0.349183
18695.5, -0.349183
18696, -0.364437
18696.5, -0.382743
18697, -0.358336
18697.5, -0.352234
18698, -0.382743
18698.5, -0.312571
18699, -0.355285
18699.5, -0.364437
18700, -0.361386
18700.5, -0.37359
18701, -0.376641
18701.5, -0.361386
18702, -0.370539
18702.5, -0.358336
18703, -0.346132
18703.5, -0.358336
18704, -0.364437
18704.5, -0.394947
18705, -0.355285
18705.5, -0.343081
18706, -0.358336
18706.5, -0.349183
18707, -0.358336
18707.5, -0.376641
18708, -0.355285
18708.5, -0.364437
18709, -0.352234
18709.5, -0.358336
18710, -0.361386
18710.5, -0.376641
18711, -0.355285
18711.5, -0.376641
18712, -0.370539
18712.5, -0.361386
18713, -0.370539
18713.5, -0.349183
18714, -0.330877
18714.5, -0.361386
18715, -0.352234
18715.5, -0.367488
18716, -0.367488
18716.5, -0.355285
18717, -0.349183
18717.5, -0.361386
18718, -0.343081
18718.5, -0.352234
18719, -0.355285
18719.5, -0.355285
18720, -0.361386
18720.5, -0.370539
18721, -0.361386
18721.5, -0.358336
18722, -0.355285
18722.5, -0.352234
18723, -0.370539
18723.5, -0.364437
18724, -0.385794
18724.5, -0.358336
18725, -0.361386
18725.5, -0.370539
18726, -0.346132
18726.5, -0.364437
18727, -0.376641
18727.5, -0.361386
18728, -0.379692
18728.5, -0.358336
18729, -0.336979
18729.5, -0.37359
18730, -0.349183
18730.5, -0.358336
18731, -0.376641
18731.5, -0.364437
18732, -0.388845
18732.5, -0.352234
18733, -0.333928
18733.5, -0.358336
18734, -0.355285
18734.5, -0.367488
18735, -0.382743
18735.5, -0.355285
18736, -0.376641
18736.5, -0.376641
18737, -0.333928
18737.5, -0.364437
18738, -0.358336
18738.5, -0.382743
18739, -0.370539
18739.5, -0.358336
18740, -0.376641
18740.5, -0.343081
18741, -0.352234
18741.5, -0.343081
18742, -0.34003
18742.5, -0.376641
18743, -0.352234
18743.5, -0.361386
18744, -0.336979
18744.5, -0.349183
18745, -0.336979
18745.5, -0.352234
18746, -0.376641
18746.5, -0.367488
18747, -0.367488
18747.5, -0.379692
18748, -0.34003
18748.5, -0.364437
18749, -0.333928
18749.5, -0.343081
18750, -0.370539
18750.5, -0.358336
18751, -0.379692
18751.5, -0.361386
18752, -0.336979
18752.5, -0.336979
18753, -0.330877
18753.5, -0.352234
18754, -0.352234
18754.5, -0.364437
18755, -0.391896
18755.5, -0.376641
18756, -0.346132
18756.5, -0.358336
18757, -0.349183
18757.5, -0.361386
18758, -0.349183
18758.5, -0.379692
18759, -0.379692
18759.5, -0.333928
18760, -0.321724
18760.5, -0.346132
18761, -0.34003
18761.5, -0.370539
18762, -0.364437
18762.5, -0.364437
18763, -0.382743
18763.5, -0.34003
18764, -0.333928
18764.5, -0.352234
18765, -0.352234
18765.5, -0.364437
18766, -0.367488
18766.5, -0.376641
18767, -0.394947
18767.5, -0.346132
18768, -0.324775
18768.5, -0.346132
18769, -0.346132
18769.5, -0.358336
18770, -0.394947
18770.5, -0.370539
18771, -0.315622
18771.5, -0.352234
18772, -0.324775
18772.5, -0.343081
18773, -0.379692
18773.5, -0.370539
18774, -0.391896
18774.5, -0.382743
18775, -0.312571
18775.5, -0.324775
18776, -0.330877
18776.5, -0.336979
18777, -0.388845
18777.5, -0.37359
18778, -0.379692
18778.5, -0.364437
18779, -0.312571
18779.5, -0.336979
18780, -0.336979
18780.5, -0.349183
18781, -0.385794
18781.5, -0.376641
18782, -0.361386
18782.5, -0.37359
18783, -0.324775
18783.5, -0.333928
18784, -0.336979
18784.5, -0.370539
18785, -0.388845
18785.5, -0.388845
18786, -0.370539
18786.5, -0.330877
18787, -0.315622
18787.5, -0.34003
18788, -0.343081
18788.5, -0.385794
18789, -0.388845
18789.5, -0.382743
18790, -0.376641
18790.5, -0.333928
18791, -0.318673
18791.5, -0.336979
18792, -0.34003
18792.5, -0.382743
18793, -0.358336
18793.5, -0.391896
18794, -0.355285
18794.5, -0.324775
18795, -0.346132
18795.5, -0.349183
18796, -0.355285
18796.5, -0.394947
18797, -0.364437
18797.5, -0.385794
18798, -0.370539
18798.5, -0.321724
18799, -0.364437
18799.5, -0.333928
18800, -0.37359
18800.5, -0.379692
18801, -0.355285
18801.5, -0.379692
18802, -0.355285
18802.5, -0.312571
18803, -0.367488
18803.5, -0.318673
18804, -0.367488
18804.5, -0.382743
18805, -0.352234
18805.5, -0.376641
18806, -0.355285
18806.5, -0.30952
18807, -0.361386
18807.5, -0.358336
18808, -0.376641
18808.5, -0.385794
18809, -0.352234
18809.5, -0.382743
18810, -0.367488
18810.5, -0.321724
18811, -0.364437
18811.5, -0.34003
18812, -0.358336
18812.5, -0.370539
18813, -0.358336
18813.5, -0.312571
18814, -0.361386
18814.5, -0.358336
18815, -0.358336
18815.5, -0.376641
18816, -0.364437
18816.5, -0.361386
18817, -0.361386
18817.5, -0.303418
18818, -0.364437
18818.5, -0.370539
18819, -0.364437
18819.5, -0.367488
18820, -0.370539
18820.5, -0.376641
18821, -0.355285
18821.5, -0.318673
18822, -0.355285
18822.5, -0.349183
18823, -0.361386
18823.5, -0.352234
18824, -0.355285
18824.5, -0.388845
18825, -0.361386
18825.5, -0.352234
18826, -0.346132
18826.5, -0.352234
18827, -0.367488
18827.5, -0.352234
18828, -0.367488
18828.5, -0.37359
18829, -0.336979
18829.5, -0.370539
18830, -0.355285
18830.5, -0.37359
18831, -0.376641
18831.5, -0.355285
18832, -0.376641
18832.5, -0.358336
18833, -0.364437
18833.5, -0.367488
18834, -0.34003
18834.5, -0.376641
18835, -0.37359
18835.5, -0.346132
18836, -0.361386
18836.5, -0.370539
18837, -0.361386
18837.5, -0.364437
18838, -0.336979
18838.5, -0.367488
18839, -0.364437
18839.5, -0.37359
18840, -0.367488
18840.5, -0.358336
18841, -0.336979
18841.5, -0.358336
18842, -0.358336
18842.5, -0.364437
18843, -0.355285
18843.5, -0.358336
18844, -0.376641
18844.5, -0.376641
18845, -0.352234
18845.5, -0.346132
18846, -0.358336
18846.5, -0.352234
18847, -0.37359
18847.5, -0.364437
18848, -0.370539
18848.5, -0.364437
18849, -0.330877
18849.5, -0.352234
18850, -0.352234
18850.5, -0.352234
18851, -0.367488
18851.5, -0.376641
18852, -0.346132
18852.5, -0.367488
18853, -0.346132
18853.5, -0.355285
18854, -0.37359
18854.5, -0.361386
18855, -0.370539
18855.5, -0.358336
18856, -0.343081
18856.5, -0.376641
18857, -0.336979
18857.5, -0.352234
18858, -0.379692
18858.5, -0.364437
18859, -0.382743
18859.5, -0.343081
18860, -0.336979
18860.5, -0.330877
18861, -0.336979
18861.5, -0.336979
18862, -0.37359
18862.5, -0.370539
18863, -0.37359
18863.5, -0.358336
18864, -0.352234
18864.5, -0.358336
18865, -0.358336
18865.5, -0.379692
18866, -0.367488
18866.5, -0.37359
18867, -0.370539
18867.5, -0.364437
18868, -0.346132
18868.5, -0.355285
18869, -0.361386
18869.5, -0.37359
18870, -0.379692
18870.5, -0.379692
18871, -0.385794
18871.5, -0.330877
18872, -0.349183
18872.5, -0.358336
18873, -0.352234
18873.5, -0.382743
18874, -0.376641
18874.5, -0.379692
18875, -0.385794
18875.5, -0.355285
18876, -0.315622
18876.5, -0.346132
18877, -0.349183
18877.5, -0.361386
18878, -0.394947
18878.5, -0.370539
18879, -0.333928
18879.5, -0.349183
18880, -0.321724
18880.5, -0.361386
18881, -0.355285
18881.5, -0.370539
18882, -0.385794
18882.5, -0.391896
18883, -0.336979
18883.5, -0.333928
18884, -0.34003
18884.5, -0.333928
18885, -0.385794
18885.5, -0.361386
18886, -0.382743
18886.5, -0.367488
18887, -0.306469
18887.5, -0.352234
18888, -0.333928
18888.5, -0.352234
18889, -0.376641
18889.5, -0.367488
18890, -0.382743
18890.5, -0.376641
18891, -0.315622
18891.5, -0.34003
18892, -0.34003
18892.5, -0.361386
18893, -0.394947
18893.5, -0.367488
18894, -0.385794
18894.5, -0.34003
18895, -0.324775
18895.5, -0.355285
18896, -0.346132
18896.5, -0.364437
18897, -0.379692
18897.5, -0.37359
18898, -0.394947
18898.5, -0.333928
18899, -0.315622
18899.5, -0.330877
18900, -0.321724
18900.5, -0.37359
18901, -0.385794
18901.5, -0.37359
18902, -0.394947
18902.5, -0.30952
18903, -0.349183
18903.5, -0.327826
18904, -0.352234
18904.5, -0.385794
18905, -0.349183
18905.5, -0.376641
18906, -0.385794
18906.5, -0.318673
18907, -0.352234
18907.5, -0.327826
18908, -0.394947
18908.5, -0.382743
18909, -0.370539
18909.5, -0.388845
18910, -0.318673
18910.5, -0.306469
18911, -0.34003
18911.5, -0.349183
18912, -0.370539
18912.5, -0.370539
18913, -0.382743
18913.5, -0.379692
18914, -0.367488
18914.5, -0.349183
18915, -0.352234
18915.5, -0.346132
18916, -0.370539
18916.5, -0.364437
18917, -0.379692
18917.5, -0.367488
18918, -0.361386
18918.5, -0.34003
18919, -0.349183
18919.5, -0.382743
18920, -0.379692
18920.5, -0.385794
18921, -0.358336
18921.5, -0.324775
18922, -0.367488
18922.5, -0.34003
18923, -0.358336
18923.5, -0.382743
18924, -0.361386
18924.5, -0.376641
18925, -0.349183
18925.5, -0.30952
18926, -0.367488
18926.5, -0.34003
18927, -0.364437
18927.5, -0.382743
18928, -0.367488
18928.5, -0.397998
18929, -0.364437
18929.5, -0.349183
18930, -0.346132
18930.5, -0.352234
18931, -0.367488
18931.5, -0.376641
18932, -0.361386
18932.5, -0.358336
18933, -0.364437
18933.5, -0.327826
18934, -0.358336
18934.5, -0.355285
18935, -0.361386
18935.5, -0.376641
18936, -0.37359
18936.5, -0.388845
18937, -0.367488
18937.5, -0.333928
18938, -0.352234
18938.5, -0.358336
18939, -0.364437
18939.5, -0.379692
18940, -0.358336
18940.5, -0.382743
18941, -0.370539
18941.5, -0.364437
18942, -0.364437
18942.5, -0.367488
18943, -0.37359
18943.5, -0.37359
18944, -0.370539
18944.5, -0.358336
18945, -0.343081
18945.5, -0.355285
18946, -0.364437
18946.5, -0.370539
18947, -0.355285
18947.5, -0.355285
18948, -0.37359
18948.5, -0.367488
18949, -0.364437
18949.5, -0.364437
18950, -0.364437
18950.5, -0.361386
18951, -0.367488
18951.5, -0.37359
18952, -0.37359
18952.5, -0.370539
18953, -0.37359
18953.5, -0.358336
18954, -0.343081
18954.5, -0.352234
18955, -0.367488
18955.5, -0.352234
18956, -0.376641
18956.5, -0.34003
18957, -0.324775
18957.5, -0.367488
18958, -0.330877
18958.5, -0.364437
18959, -0.385794
18959.5, -0.370539
18960, -0.349183
18960.5, -0.364437
18961, -0.343081
18961.5, -0.367488
18962, -0.367488
18962.5, -0.376641
18963, -0.370539
18963.5, -0.361386
18964, -0.346132
18964.5, -0.361386
18965, -0.349183
18965.5, -0.358336
18966, -0.358336
18966.5, -0.370539
18967, -0.37359
18967.5, -0.367488
18968, -0.346132
18968.5, -0.37359
18969, -0.352234
18969.5, -0.361386
18970, -0.367488
18970.5, -0.367488
18971, -0.37359
18971.5, -0.370539
18972, -0.330877
18972.5, -0.355285
18973, -0.343081
18973.5, -0.37359
18974, -0.349183
18974.5, -0.355285
18975, -0.37359
18975.5, -0.349183
18976, -0.327826
18976.5, -0.346132
18977, -0.349183
18977.5, -0.370539
18978, -0.370539
18978.5, -0.355285
18979, -0.37359
18979.5, -0.361386
18980, -0.333928
18980.5, -0.370539
18981, -0.330877
18981.5, -0.382743
18982, -0.355285
18982.5, -0.370539
18983, -0.379692
18983.5, -0.330877
18984, -0.327826
18984.5, -0.352234
18985, -0.355285
18985.5, -0.376641
18986, -0.37359
18986.5, -0.367488
18987, -0.315622
18987.5, -0.343081
18988, -0.352234
18988.5, -0.355285
18989, -0.361386
18989.5, -0.37359
18990, -0.376641
18990.5, -0.37359
18991, -0.315622
18991.5, -0.364437
18992, -0.34003
18992.5, -0.34003
18993, -0.379692
18993.5, -0.358336
18994, -0.379692
18994.5, -0.37359
18995, -0.315622
18995.5, -0.333928
18996, -0.34003
18996.5, -0.349183
18997, -0.358336
18997.5, -0.355285
18998, -0.370539
18998.5, -0.343081
18999, -0.30952
18999.5, -0.349183
19000, -0.324775
19000.5, -0.367488
19001, -0.376641
19001.5, -0.376641
19002, -0.385794
19002.5, -0.34003
19003, -0.318673
19003.5, -0.34003
19004, -0.333928
19004.5, -0.370539
19005, -0.367488
19005.5, -0.370539
19006, -0.370539
19006.5, -0.336979
19007, -0.333928
19007.5, -0.346132
19008, -0.336979
19008.5, -0.361386
19009, -0.382743
19009.5, -0.37359
19010, -0.37359
19010.5, -0.361386
19011, -0.336979
19011.5, -0.352234
19012, -0.355285
19012.5, -0.343081
19013, -0.385794
19013.5, -0.370539
19014, -0.312571
19014.5, -0.355285
19015, -0.333928
19015.5, -0.352234
19016, -0.385794
19016.5, -0.376641
19017, -0.394947
19017.5, -0.379692
19018, -0.315622
19018.5, -0.34003
19019, -0.34003
19019.5, -0.346132
19020, -0.367488
19020.5, -0.367488
19021, -0.379692
19021.5, -0.382743
19022, -0.312571
19022.5, -0.343081
19023, -0.333928
19023.5, -0.330877
19024, -0.385794
19024.5, -0.376641
19025, -0.376641
19025.5, -0.37359
19026, -0.346132
19026.5, -0.30952
19027, -0.364437
19027.5, -0.382743
19028, -0.370539
19028.5, -0.382743
19029, -0.349183
19029.5, -0.343081
19030, -0.315622
19030.5, -0.349183
19031, -0.367488
19031.5, -0.364437
19032, -0.352234
19032.5, -0.367488
19033, -0.376641
19033.5, -0.318673
19034, -0.34003
19034.5, -0.34003
19035, -0.355285
19035.5, -0.37359
19036, -0.391896
19036.5, -0.394947
19037, -0.367488
19037.5, -0.318673
19038, -0.352234
19038.5, -0.346132
19039, -0.346132
19039.5, -0.382743
19040, -0.355285
19040.5, -0.391896
19041, -0.361386
19041.5, -0.327826
19042, -0.376641
19042.5, -0.333928
19043, -0.364437
19043.5, -0.388845
19044, -0.37359
19044.5, -0.382743
19045, -0.37359
19045.5, -0.306469
19046, -0.358336
19046.5, -0.324775
19047, -0.355285
19047.5, -0.367488
19048, -0.355285
19048.5, -0.388845
19049, -0.367488
19049.5, -0.336979
19050, -0.358336
19050.5, -0.312571
19051, -0.364437
19051.5, -0.385794
19052, -0.358336
19052.5, -0.376641
19053, -0.358336
19053.5, -0.330877
19054, -0.346132
19054.5, -0.379692
19055, -0.358336
19055.5, -0.352234
19056, -0.352234
19056.5, -0.343081
19057, -0.358336
19057.5, -0.343081
19058, -0.349183
19058.5, -0.37359
19059, -0.37359
19059.5, -0.379692
19060, -0.358336
19060.5, -0.343081
19061, -0.358336
19061.5, -0.355285
19062, -0.358336
19062.5, -0.367488
19063, -0.379692
19063.5, -0.355285
19064, -0.376641
19064.5, -0.349183
19065, -0.367488
19065.5, -0.364437
19066, -0.349183
19066.5, -0.37359
19067, -0.358336
19067.5, -0.367488
19068, -0.361386
19068.5, -0.355285
19069, -0.34003
19069.5, -0.352234
19070, -0.370539
19070.5, -0.364437
19071, -0.367488
19071.5, -0.367488
19072, -0.367488
19072.5, -0.367488
19073, -0.364437
19073.5, -0.352234
19074, -0.352234
19074.5, -0.346132
19075, -0.37359
19075.5, -0.364437
19076, -0.358336
19076.5, -0.367488
19077, -0.352234
19077.5, -0.367488
19078, -0.376641
19078.5, -0.358336
19079, -0.352234
19079.5, -0.352234
19080, -0.346132
19080.5, -0.37359
19081, -0.34003
19081.5, -0.364437
19082, -0.367488
19082.5, -0.352234
19083, -0.376641
19083.5, -0.355285
19084, -0.333928
19084.5, -0.349183
19085, -0.37359
19085.5, -0.370539
19086, -0.37359
19086.5, -0.355285
19087, -0.376641
19087.5, -0.361386
19088, -0.343081
19088.5, -0.355285
19089, -0.343081
19089.5, -0.370539
19090, -0.370539
19090.5, -0.37359
19091, -0.370539
19091.5, -0.370539
19092, -0.336979
19092.5, -0.355285
19093, -0.367488
19093.5, -0.364437
19094, -0.367488
19094.5, -0.364437
19095, -0.333928
19095.5, -0.364437
19096, -0.349183
19096.5, -0.355285
19097, -0.364437
19097.5, -0.367488
19098, -0.379692
19098.5, -0.370539
19099, -0.333928
19099.5, -0.346132
19100, -0.352234
19100.5, -0.367488
19101, -0.364437
19101.5, -0.376641
19102, -0.379692
19102.5, -0.370539
19103, -0.34003
19103.5, -0.327826
19104, -0.361386
19104.5, -0.349183
19105, -0.367488
19105.5, -0.382743
19106, -0.379692
19106.5, -0.358336
19107, -0.343081
19107.5, -0.352234
19108, -0.352234
19108.5, -0.367488
19109, -0.385794
19109.5, -0.370539
19110, -0.376641
19110.5, -0.343081
19111, -0.336979
19111.5, -0.349183
19112, -0.355285
19112.5, -0.370539
19113, -0.37359
19113.5, -0.382743
19114, -0.382743
19114.5, -0.343081
19115, -0.315622
19115.5, -0.358336
19116, -0.333928
19116.5, -0.355285
19117, -0.382743
19117.5, -0.367488
19118, -0.385794
19118.5, -0.346132
19119, -0.312571
19119.5, -0.355285
19120, -0.358336
19120.5, -0.37359
19121, -0.388845
19121.5, -0.379692
19122, -0.333928
19122.5, -0.318673
19123, -0.321724
19123.5, -0.346132
19124, -0.364437
19124.5, -0.370539
19125, -0.388845
19125.5, -0.370539
19126, -0.324775
19126.5, -0.346132
19127, -0.333928
19127.5, -0.333928
19128, -0.37359
19128.5, -0.367488
19129, -0.379692
19129.5, -0.376641
19130, -0.318673
19130.5, -0.324775
19131, -0.349183
19131.5, -0.346132
19132, -0.379692
19132.5, -0.364437
19133, -0.391896
19133.5, -0.370539
19134, -0.312571
19134.5, -0.343081
19135, -0.327826
19135.5, -0.364437
19136, -0.370539
19136.5, -0.376641
19137, -0.382743
19137.5, -0.349183
19138, -0.321724
19138.5, -0.343081
19139, -0.346132
19139.5, -0.388845
19140, -0.367488
19140.5, -0.37359
19141, -0.407151
19141.5, -0.333928
19142, -0.349183
19142.5, -0.355285
19143, -0.34003
19143.5, -0.385794
19144, -0.382743
19144.5, -0.385794
19145, -0.376641
19145.5, -0.321724
19146, -0.346132
19146.5, -0.336979
19147, -0.370539
19147.5, -0.37359
19148, -0.349183
19148.5, -0.376641
19149, -0.361386
19149.5, -0.315622
19150, -0.379692
19150.5, -0.336979
19151, -0.379692
19151.5, -0.37359
19152, -0.379692
19152.5, -0.4041
19153, -0.343081
19153.5, -0.303418
19154, -0.358336
19154.5, -0.324775
19155, -0.370539
19155.5, -0.37359
19156, -0.379692
19156.5, -0.388845
19157, -0.346132
19157.5, -0.315622
19158, -0.349183
19158.5, -0.330877
19159, -0.367488
19159.5, -0.376641
19160, -0.358336
19160.5, -0.394947
19161, -0.355285
19161.5, -0.352234
19162, -0.355285
19162.5, -0.397998
19163, -0.355285
19163.5, -0.379692
19164, -0.367488
19164.5, -0.315622
19165, -0.361386
19165.5, -0.343081
19166, -0.358336
19166.5, -0.382743
19167, -0.349183
19167.5, -0.388845
19168, -0.364437
19168.5, -0.324775
19169, -0.364437
19169.5, -0.318673
19170, -0.370539
19170.5, -0.379692
19171, -0.361386
19171.5, -0.382743
19172, -0.349183
19172.5, -0.318673
19173, -0.37359
19173.5, -0.346132
19174, -0.355285
19174.5, -0.367488
19175, -0.364437
19175.5, -0.394947
19176, -0.336979
19176.5, -0.364437
19177, -0.352234
19177.5, -0.352234
19178, -0.364437
19178.5, -0.355285
19179, -0.358336
19179.5, -0.376641
19180, -0.361386
19180.5, -0.343081
19181, -0.346132
19181.5, -0.361386
19182, -0.370539
19182.5, -0.361386
19183, -0.367488
19183.5, -0.370539
19184, -0.370539
19184.5, -0.361386
19185, -0.358336
19185.5, -0.379692
19186, -0.364437
19186.5, -0.355285
19187, -0.370539
19187.5, -0.358336
19188, -0.376641
19188.5, -0.346132
19189, -0.358336
19189.5, -0.367488
19190, -0.367488
19190.5, -0.370539
19191, -0.376641
19191.5, -0.364437
19192, -0.346132
19192.5, -0.367488
19193, -0.355285
19193.5, -0.37359
19194, -0.370539
19194.5, -0.355285
19195, -0.376641
19195.5, -0.364437
19196, -0.333928
19196.5, -0.364437
19197, -0.358336
19197.5, -0.361386
19198, -0.37359
19198.5, -0.361386
19199, -0.370539
19199.5, -0.355285
19200, -0.34003
19200.5, -0.361386
19201, -0.343081
19201.5, -0.367488
19202, -0.376641
19202.5, -0.364437
19203, -0.358336
19203.5, -0.376641
19204, -0.336979
19204.5, -0.367488
19205, -0.367488
19205.5, -0.370539
19206, -0.379692
19206.5, -0.358336
19207, -0.355285
19207.5, -0.364437
19208, -0.343081
19208.5, -0.361386
19209, -0.355285
19209.5, -0.382743
19210, -0.364437
19210.5, -0.367488
19211, -0.333928
19211.5, -0.349183
19212, -0.321724
19212.5, -0.37359
19213, -0.388845
19213.5, -0.361386
19214, -0.385794
19214.5, -0.346132
19215, -0.346132
19215.5, -0.370539
19216, -0.358336
19216.5, -0.361386
19217, -0.352234
19217.5, -0.376641
19218, -0.379692
19218.5, -0.379692
19219, -0.330877
19219.5, -0.343081
19220, -0.352234
19220.5, -0.370539
19221, -0.367488
19221.5, -0.355285
19222, -0.379692
19222.5, -0.361386
19223, -0.333928
19223.5, -0.343081
19224, -0.34003
19224.5, -0.367488
19225, -0.376641
19225.5, -0.370539
19226, -0.394947
19226.5, -0.352234
19227, -0.34003
19227.5, -0.346132
19228, -0.349183
19228.5, -0.352234
19229, -0.370539
19229.5, -0.376641
19230, -0.352234
19230.5, -0.343081
19231, -0.361386
19231.5, -0.34003
19232, -0.367488
19232.5, -0.37359
19233, -0.376641
19233.5, -0.385794
19234, -0.34003
19234.5, -0.352234
19235, -0.34003
19235.5, -0.352234
19236, -0.361386
19236.5, -0.370539
19237, -0.388845
19237.5, -0.385794
19238, -0.318673
19238.5, -0.34003
19239, -0.324775
19239.5, -0.349183
19240, -0.376641
19240.5, -0.364437
19241, -0.379692
19241.5, -0.388845
19242, -0.321724
19242.5, -0.343081
19243, -0.324775
19243.5, -0.370539
19244, -0.382743
19244.5, -0.355285
19245, -0.382743
19245.5, -0.346132
19246, -0.324775
19246.5, -0.336979
19247, -0.327826
19247.5, -0.37359
19248, -0.385794
19248.5, -0.388845
19249, -0.388845
19249.5, -0.333928
19250, -0.315622
19250.5, -0.336979
19251, -0.343081
19251.5, -0.37359
19252, -0.376641
19252.5, -0.382743
19253, -0.382743
19253.5, -0.333928
19254, -0.321724
19254.5, -0.327826
19255, -0.370539
19255.5, -0.367488
19256, -0.385794
19256.5, -0.385794
19257, -0.349183
19257.5, -0.349183
19258, -0.327826
19258.5, -0.346132
19259, -0.385794
19259.5, -0.385794
19260, -0.391896
19260.5, -0.370539
19261, -0.312571
19261.5, -0.34003
19262, -0.361386
19262.5, -0.346132
19263, -0.385794
19263.5, -0.367488
19264, -0.382743
19264.5, -0.376641
19265, -0.343081
19265.5, -0.327826
19266, -0.364437
19266.5, -0.349183
19267, -0.370539
19267.5, -0.361386
19268, -0.376641
19268.5, -0.364437
19269, -0.343081
19269.5, -0.318673
19270, -0.376641
19270.5, -0.358336
19271, -0.37359
19271.5, -0.385794
19272, -0.391896
19272.5, -0.324775
19273, -0.336979
19273.5, -0.34003
19274, -0.355285
19274.5, -0.382743
19275, -0.367488
19275.5, -0.382743
19276, -0.370539
19276.5, -0.358336
19277, -0.355285
19277.5, -0.336979
19278, -0.364437
19278.5, -0.370539
19279, -0.370539
19279.5, -0.401049
19280, -0.364437
19280.5, -0.315622
19281, -0.364437
19281.5, -0.346132
19282, -0.358336
19282.5, -0.388845
19283, -0.355285
19283.5, -0.385794
19284, -0.364437
19284.5, -0.297316
19285, -0.364437
19285.5, -0.318673
19286, -0.367488
19286.5, -0.385794
19287, -0.367488
19287.5, -0.379692
19288, -0.388845
19288.5, -0.291214
19289, -0.358336
19289.5, -0.333928
19290, -0.358336
19290.5, -0.382743
19291, -0.361386
19291.5, -0.4041
19292, -0.361386
19292.5, -0.294265
19293, -0.361386
19293.5, -0.343081
19294, -0.364437
19294.5, -0.385794
19295, -0.358336
19295.5, -0.370539
19296, -0.367488
19296.5, -0.327826
19297, -0.349183
19297.5, -0.361386
19298, -0.376641
19298.5, -0.370539
19299, -0.361386
19299.5, -0.330877
19300, -0.355285
19300.5, -0.358336
19301, -0.358336
19301.5, -0.358336
19302, -0.358336
19302.5, -0.379692
19303, -0.361386
19303.5, -0.343081
19304, -0.355285
19304.5, -0.364437
19305, -0.346132
19305.5, -0.382743
19306, -0.352234
19306.5, -0.352234
19307, -0.382743
19307.5, -0.321724
19308, -0.37359
19308.5, -0.343081
19309, -0.34003
19309.5, -0.370539
19310, -0.370539
19310.5, -0.364437
19311, -0.349183
19311.5, -0.346132
19312, -0.358336
19312.5, -0.379692
19313, -0.367488
19313.5, -0.361386
19314, -0.361386
19314.5, -0.379692
19315, -0.358336
19315.5, -0.346132
19316, -0.352234
19316.5, -0.370539
19317, -0.379692
19317.5, -0.37359
19318, -0.364437
19318.5, -0.37359
19319, -0.34003
19319.5, -0.37359
19320, -0.355285
19320.5, -0.376641
19321, -0.376641
19321.5, -0.370539
19322, -0.37359
19322.5, -0.361386
19323, -0.343081
19323.5, -0.364437
19324, -0.343081
19324.5, -0.37359
19325, -0.379692
19325.5, -0.361386
19326, -0.364437
19326.5, -0.367488
19327, -0.333928
19327.5, -0.349183
19328, -0.343081
19328.5, -0.361386
19329, -0.367488
19329.5, -0.364437
19330, -0.385794
19330.5, -0.364437
19331, -0.333928
19331.5, -0.349183
19332, -0.358336
19332.5, -0.376641
19333, -0.370539
19333.5, -0.379692
19334, -0.37359
19334.5, -0.349183
19335, -0.346132
19335.5, -0.349183
19336, -0.34003
19336.5, -0.355285
19337, -0.379692
19337.5, -0.364437
19338, -0.336979
19338.5, -0.336979
19339, -0.355285
19339.5, -0.343081
19340, -0.361386
19340.5, -0.364437
19341, -0.391896
19341.5, -0.385794
19342, -0.336979
19342.5, -0.376641
19343, -0.34003
19343.5, -0.361386
19344, -0.379692
19344.5, -0.361386
19345, -0.385794
19345.5, -0.364437
19346, -0.336979
19346.5, -0.330877
19347, -0.336979
19347.5, -0.355285
19348, -0.376641
19348.5, -0.364437
19349, -0.394947
19349.5, -0.37359
19350, -0.333928
19350.5, -0.34003
19351, -0.343081
19351.5, -0.361386
19352, -0.37359
19352.5, -0.37359
19353, -0.391896
19353.5, -0.333928
19354, -0.312571
19354.5, -0.343081
19355, -0.330877
19355.5, -0.361386
19356, -0.385794
19356.5, -0.379692
19357, -0.367488
19357.5, -0.343081
19358, -0.30952
19358.5, -0.336979
19359, -0.318673
19359.5, -0.361386
19360, -0.370539
19360.5, -0.379692
19361, -0.376641
19361.5, -0.330877
19362, -0.330877
19362.5, -0.34003
19363, -0.318673
19363.5, -0.376641
19364, -0.4041
19364.5, -0.37359
19365, -0.30952
19365.5, -0.330877
19366, -0.327826
19366.5, -0.355285
19367, -0.391896
19367.5, -0.367488
19368, -0.382743
19368.5, -0.382743
19369, -0.291214
19369.5, -0.318673
19370, -0.336979
19370.5, -0.336979
19371, -0.388845
19371.5, -0.37359
19372, -0.397998
19372.5, -0.367488
19373, -0.315622
19373.5, -0.315622
19374, -0.327826
19374.5, -0.349183
19375, -0.397998
19375.5, -0.385794
19376, -0.394947
19376.5, -0.364437
19377, -0.303418
19377.5, -0.330877
19378, -0.327826
19378.5, -0.361386
19379, -0.388845
19379.5, -0.376641
19380, -0.391896
19380.5, -0.336979
19381, -0.291214
19381.5, -0.327826
19382, -0.355285
19382.5, -0.376641
19383, -0.376641
19383.5, -0.382743
19384, -0.413253
19384.5, -0.291214
19385, -0.303418
19385.5, -0.315622
19386, -0.352234
19386.5, -0.376641
19387, -0.382743
19387.5, -0.407151
19388, -0.385794
19388.5, -0.312571
19389, -0.318673
19389.5, -0.34003
19390, -0.355285
19390.5, -0.401049
19391, -0.391896
19391.5, -0.4041
19392, -0.352234
19392.5, -0.297316
19393, -0.343081
19393.5, -0.327826
19394, -0.391896
19394.5, -0.388845
19395, -0.355285
19395.5, -0.385794
19396, -0.330877
19396.5, -0.318673
19397, -0.364437
19397.5, -0.330877
19398, -0.361386
19398.5, -0.394947
19399, -0.367488
19399.5, -0.394947
19400, -0.364437
19400.5, -0.306469
19401, -0.367488
19401.5, -0.346132
19402, -0.379692
19402.5, -0.37359
19403, -0.385794
19403.5, -0.401049
19404, -0.358336
19404.5, -0.34003
19405, -0.355285
19405.5, -0.37359
19406, -0.352234
19406.5, -0.391896
19407, -0.370539
19407.5, -0.288163
19408, -0.361386
19408.5, -0.34003
19409, -0.367488
19409.5, -0.379692
19410, -0.355285
19410.5, -0.391896
19411, -0.364437
19411.5, -0.300367
19412, -0.370539
19412.5, -0.355285
19413, -0.358336
19413.5, -0.391896
19414, -0.364437
19414.5, -0.382743
19415, -0.364437
19415.5, -0.333928
19416, -0.367488
19416.5, -0.324775
19417, -0.376641
19417.5, -0.388845
19418, -0.364437
19418.5, -0.355285
19419, -0.355285
19419.5, -0.321724
19420, -0.358336
19420.5, -0.349183
19421, -0.370539
19421.5, -0.361386
19422, -0.37359
19422.5, -0.37359
19423, -0.355285
19423.5, -0.30952
19424, -0.349183
19424.5, -0.352234
19425, -0.361386
19425.5, -0.367488
19426, -0.367488
19426.5, -0.382743
19427, -0.370539
19427.5, -0.355285
19428, -0.370539
19428.5, -0.364437
19429, -0.361386
19429.5, -0.376641
19430, -0.379692
19430.5, -0.37359
19431, -0.346132
19431.5, -0.333928
19432, -0.355285
19432.5, -0.382743
19433, -0.367488
19433.5, -0.367488
19434, -0.358336
19434.5, -0.370539
19435, -0.346132
19435.5, -0.358336
19436, -0.352234
19436.5, -0.376641
19437, -0.376641
19437.5, -0.358336
19438, -0.382743
19438.5, -0.379692
19439, -0.367488
19439.5, -0.358336
19440, -0.343081
19440.5, -0.358336
19441, -0.376641
19441.5, -0.364437
19442, -0.37359
19442.5, -0.364437
19443, -0.358336
19443.5, -0.358336
19444, -0.343081
19444.5, -0.355285
19445, -0.370539
19445.5, -0.358336
19446, -0.349183
19446.5, -0.37359
19447, -0.349183
19447.5, -0.364437
19448, -0.343081
19448.5, -0.364437
19449, -0.376641
19449.5, -0.355285
19450, -0.333928
19450.5, -0.352234
19451, -0.34003
19451.5, -0.355285
19452, -0.367488
19452.5, -0.37359
19453, -0.376641
19453.5, -0.370539
19454, -0.34003
19454.5, -0.361386
19455, -0.336979
19455.5, -0.349183
19456, -0.382743
19456.5, -0.355285
19457, -0.385794
19457.5, -0.358336
19458, -0.321724
19458.5, -0.358336
19459, -0.336979
19459.5, -0.361386
19460, -0.379692
19460.5, -0.352234
19461, -0.379692
19461.5, -0.358336
19462, -0.330877
19462.5, -0.346132
19463, -0.330877
19463.5, -0.364437
19464, -0.385794
19464.5, -0.352234
19465, -0.394947
19465.5, -0.352234
19466, -0.336979
19466.5, -0.352234
19467, -0.336979
19467.5, -0.379692
19468, -0.370539
19468.5, -0.349183
19469, -0.376641
19469.5, -0.361386
19470, -0.324775
19470.5, -0.349183
19471, -0.355285
19471.5, -0.37359
19472, -0.376641
19472.5, -0.361386
19473, -0.336979
19473.5, -0.327826
19474, -0.330877
19474.5, -0.346132
19475, -0.382743
19475.5, -0.379692
19476, -0.382743
19476.5, -0.385794
19477, -0.303418
19477.5, -0.361386
19478, -0.346132
19478.5, -0.349183
19479, -0.367488
19479.5, -0.367488
19480, -0.379692
19480.5, -0.382743
19481, -0.288163
19481.5, -0.330877
19482, -0.336979
19482.5, -0.352234
19483, -0.394947
19483.5, -0.358336
19484, -0.407151
19484.5, -0.367488
19485, -0.333928
19485.5, -0.346132
19486, -0.34003
19486.5, -0.352234
19487, -0.352234
19487.5, -0.370539
19488, -0.391896
19488.5, -0.330877
19489, -0.330877
19489.5, -0.34003
19490, -0.343081
19490.5, -0.376641
19491, -0.382743
19491.5, -0.379692
19492, -0.391896
19492.5, -0.343081
19493, -0.30952
19493.5, -0.349183
19494, -0.330877
19494.5, -0.37359
19495, -0.37359
19495.5, -0.379692
19496, -0.4041
19496.5, -0.336979
19497, -0.318673
19497.5, -0.355285
19498, -0.318673
19498.5, -0.346132
19499, -0.382743
19499.5, -0.37359
19500, -0.315622
19500.5, -0.346132
19501, -0.355285
19501.5, -0.346132
19502, -0.391896
19502.5, -0.364437
19503, -0.388845
19503.5, -0.379692
19504, -0.318673
19504.5, -0.324775
19505, -0.355285
19505.5, -0.346132
19506, -0.370539
19506.5, -0.364437
19507, -0.391896
19507.5, -0.379692
19508, -0.321724
19508.5, -0.343081
19509, -0.358336
19509.5, -0.367488
19510, -0.385794
19510.5, -0.361386
19511, -0.379692
19511.5, -0.385794
19512, -0.34003
19512.5, -0.315622
19513, -0.37359
19513.5, -0.361386
19514, -0.382743
19514.5, -0.394947
19515, -0.364437
19515.5, -0.327826
19516, -0.349183
19516.5, -0.330877
19517, -0.379692
19517.5, -0.376641
19518, -0.370539
19518.5, -0.391896
19519, -0.358336
19519.5, -0.318673
19520, -0.327826
19520.5, -0.324775
19521, -0.37359
19521.5, -0.397998
19522, -0.349183
19522.5, -0.385794
19523, -0.364437
19523.5, -0.330877
19524, -0.346132
19524.5, -0.34003
19525, -0.361386
19525.5, -0.37359
19526, -0.358336
19526.5, -0.376641
19527, -0.346132
19527.5, -0.30952
19528, -0.352234
19528.5, -0.346132
19529, -0.370539
19529.5, -0.370539
19530, -0.358336
19530.5, -0.382743
19531, -0.370539
19531.5, -0.321724
19532, -0.361386
19532.5, -0.343081
19533, -0.367488
19533.5, -0.4041
19534, -0.364437
19534.5, -0.391896
19535, -0.364437
19535.5, -0.303418
19536, -0.367488
19536.5, -0.349183
19537, -0.37359
19537.5, -0.379692
19538, -0.355285
19538.5, -0.370539
19539, -0.358336
19539.5, -0.330877
19540, -0.355285
19540.5, -0.355285
19541, -0.364437
19541.5, -0.361386
19542, -0.361386
19542.5, -0.352234
19543, -0.364437
19543.5, -0.349183
19544, -0.358336
19544.5, -0.370539
19545, -0.364437
19545.5, -0.37359
19546, -0.355285
19546.5, -0.327826
19547, -0.370539
19547.5, -0.349183
19548, -0.361386
19548.5, -0.382743
19549, -0.355285
19549.5, -0.37359
19550, -0.361386
19550.5, -0.324775
19551, -0.37359
19551.5, -0.367488
19552, -0.364437
19552.5, -0.382743
19553, -0.361386
19553.5, -0.364437
19554, -0.358336
19554.5, -0.364437
19555, -0.361386
19555.5, -0.370539
19556, -0.370539
19556.5, -0.358336
19557, -0.367488
19557.5, -0.382743
19558, -0.370539
19558.5, -0.352234
19559, -0.349183
19559.5, -0.361386
19560, -0.376641
19560.5, -0.361386
19561, -0.376641
19561.5, -0.367488
19562, -0.355285
19562.5, -0.358336
19563, -0.352234
19563.5, -0.352234
19564, -0.367488
19564.5, -0.382743
19565, -0.37359
19565.5, -0.364437
19566, -0.330877
19566.5, -0.361386
19567, -0.336979
19567.5, -0.364437
19568, -0.382743
19568.5, -0.361386
19569, -0.382743
19569.5, -0.367488
19570, -0.349183
19570.5, -0.37359
19571, -0.343081
19571.5, -0.367488
19572, -0.355285
19572.5, -0.349183
19573, -0.370539
19573.5, -0.361386
19574, -0.364437
19574.5, -0.349183
19575, -0.355285
19575.5, -0.376641
19576, -0.355285
19576.5, -0.367488
19577, -0.382743
19577.5, -0.364437
19578, -0.324775
19578.5, -0.355285
19579, -0.361386
19579.5, -0.358336
19580, -0.364437
19580.5, -0.382743
19581, -0.330877
19581.5, -0.355285
19582, -0.349183
19582.5, -0.355285
19583, -0.37359
19583.5, -0.367488
19584, -0.385794
19584.5, -0.364437
19585, -0.333928
19585.5, -0.367488
19586, -0.34003
19586.5, -0.355285
19587, -0.352234
19587.5, -0.355285
19588, -0.382743
19588.5, -0.355285
19589, -0.343081
19589.5, -0.358336
19590, -0.352234
19590.5, -0.367488
19591, -0.358336
19591.5, -0.370539
19592, -0.367488
19592.5, -0.361386
19593, -0.327826
19593.5, -0.346132
19594, -0.358336
19594.5, -0.370539
19595, -0.358336
19595.5, -0.364437
19596, -0.37359
19596.5, -0.364437
19597, -0.318673
19597.5, -0.352234
19598, -0.349183
19598.5, -0.370539
19599, -0.379692
19599.5, -0.37359
19600, -0.376641
19600.5, -0.336979
19601, -0.318673
19601.5, -0.349183
19602, -0.324775
19602.5, -0.37359
19603, -0.367488
19603.5, -0.376641
19604, -0.382743
19604.5, -0.336979
19605, -0.327826
19605.5, -0.352234
19606, -0.327826
19606.5, -0.376641
19607, -0.376641
19607.5, -0.361386
19608, -0.336979
19608.5, -0.343081
19609, -0.333928
19609.5, -0.346132
19610, -0.382743
19610.5, -0.385794
19611, -0.385794
19611.5, -0.364437
19612, -0.312571
19612.5, -0.321724
19613, -0.330877
19613.5, -0.358336
19614, -0.388845
19614.5, -0.364437
19615, -0.376641
19615.5, -0.382743
19616, -0.318673
19616.5, -0.330877
19617, -0.327826
19617.5, -0.34003
19618, -0.379692
19618.5, -0.37359
19619, -0.379692
19619.5, -0.382743
19620, -0.30952
19620.5, -0.343081
19621, -0.346132
19621.5, -0.37359
19622, -0.385794
19622.5, -0.376641
19623, -0.385794
19623.5, -0.34003
19624, -0.306469
19624.5, -0.34003
19625, -0.346132
19625.5, -0.388845
19626, -0.367488
19626.5, -0.367488
19627, -0.394947
19627.5, -0.327826
19628, -0.349183
19628.5, -0.352234
19629, -0.358336
19629.5, -0.361386
19630, -0.385794
19630.5, -0.385794
19631, -0.361386
19631.5, -0.346132
19632, -0.327826
19632.5, -0.355285
19633, -0.346132
19633.5, -0.397998
19634, -0.364437
19634.5, -0.379692
19635, -0.34003
19635.5, -0.336979
19636, -0.346132
19636.5, -0.327826
19637, -0.367488
19637.5, -0.361386
19638, -0.382743
19638.5, -0.401049
19639, -0.376641
19639.5, -0.321724
19640, -0.376641
19640.5, -0.333928
19641, -0.370539
19641.5, -0.382743
19642, -0.367488
19642.5, -0.394947
19643, -0.336979
19643.5, -0.303418
19644, -0.349183
19644.5, -0.352234
19645, -0.376641
19645.5, -0.382743
19646, -0.37359
19646.5, -0.394947
19647, -0.349183
19647.5, -0.330877
19648, -0.349183
19648.5, -0.388845
19649, -0.370539
19649.5, -0.379692
19650, -0.355285
19650.5, -0.318673
19651, -0.355285
19651.5, -0.333928
19652, -0.364437
19652.5, -0.379692
19653, -0.358336
19653.5, -0.401049
19654, -0.364437
19654.5, -0.327826
19655, -0.364437
19655.5, -0.321724
19656, -0.358336
19656.5, -0.370539
19657, -0.349183
19657.5, -0.4041
19658, -0.370539
19658.5, -0.330877
19659, -0.358336
19659.5, -0.358336
19660, -0.358336
19660.5, -0.367488
19661, -0.379692
19661.5, -0.355285
19662, -0.364437
19662.5, -0.333928
19663, -0.358336
19663.5, -0.37359
19664, -0.364437
19664.5, -0.364437
19665, -0.370539
19665.5, -0.364437
19666, -0.361386
19666.5, -0.352234
19667, -0.352234
19667.5, -0.370539
19668, -0.361386
19668.5, -0.376641
19669, -0.355285
19669.5, -0.379692
19670, -0.361386
19670.5, -0.358336
19671, -0.364437
19671.5, -0.376641
19672, -0.364437
19672.5, -0.367488
19673, -0.370539
19673.5, -0.361386
19674, -0.361386
19674.5, -0.34003
19675, -0.355285
19675.5, -0.355285
19676, -0.361386
19676.5, -0.367488
19677, -0.358336
19677.5, -0.37359
19678, -0.367488
19678.5, -0.367488
19679, -0.364437
19679.5, -0.37359
19680, -0.355285
19680.5, -0.367488
19681, -0.361386
19681.5, -0.37359
19682, -0.370539
19682.5, -0.349183
19683, -0.361386
19683.5, -0.358336
19684, -0.37359
19684.5, -0.364437
19685, -0.376641
19685.5, -0.358336
19686, -0.343081
19686.5, -0.358336
19687, -0.349183
19687.5, -0.358336
19688, -0.376641
19688.5, -0.352234
19689, -0.346132
19689.5, -0.37359
19690, -0.355285
19690.5, -0.349183
19691, -0.367488
19691.5, -0.355285
19692, -0.37359
19692.5, -0.361386
19693, -0.324775
19693.5, -0.361386
19694, -0.343081
19694.5, -0.370539
19695, -0.364437
19695.5, -0.376641
19696, -0.376641
19696.5, -0.349183
19697, -0.358336
19697.5, -0.358336
19698, -0.352234
19698.5, -0.367488
19699, -0.364437
19699.5, -0.382743
19700, -0.367488
19700.5, -0.367488
19701, -0.34003
19701.5, -0.355285
19702, -0.352234
19702.5, -0.361386
19703, -0.37359
19703.5, -0.358336
19704, -0.376641
19704.5, -0.358336
19705, -0.333928
19705.5, -0.349183
19706, -0.336979
19706.5, -0.370539
19707, -0.370539
19707.5, -0.358336
19708, -0.37359
19708.5, -0.364437
19709, -0.336979
19709.5, -0.355285
19710, -0.352234
19710.5, -0.37359
19711, -0.358336
19711.5, -0.349183
19712, -0.391896
19712.5, -0.367488
19713, -0.349183
19713.5, -0.355285
19714, -0.364437
19714.5, -0.364437
19715, -0.370539
19715.5, -0.379692
19716, -0.352234
19716.5, -0.324775
19717, -0.333928
19717.5, -0.346132
19718, -0.343081
19718.5, -0.367488
19719, -0.361386
19719.5, -0.37359
19720, -0.318673
19720.5, -0.352234
19721, -0.336979
19721.5, -0.355285
19722, -0.379692
19722.5, -0.367488
19723, -0.385794
19723.5, -0.370539
19724, -0.330877
19724.5, -0.367488
19725, -0.349183
19725.5, -0.336979
19726, -0.388845
19726.5, -0.358336
19727, -0.370539
19727.5, -0.376641
19728, -0.30952
19728.5, -0.358336
19729, -0.333928
19729.5, -0.367488
19730, -0.379692
19730.5, -0.370539
19731, -0.388845
19731.5, -0.349183
19732, -0.318673
19732.5, -0.361386
19733, -0.336979
19733.5, -0.370539
19734, -0.358336
19734.5, -0.37359
19735, -0.401049
19735.5, -0.346132
19736, -0.303418
19736.5, -0.327826
19737, -0.352234
19737.5, -0.361386
19738, -0.37359
19738.5, -0.37359
19739, -0.379692
19739.5, -0.333928
19740, -0.330877
19740.5, -0.327826
19741, -0.34003
19741.5, -0.361386
19742, -0.394947
19742.5, -0.388845
19743, -0.333928
19743.5, -0.355285
19744, -0.349183
19744.5, -0.346132
19745, -0.397998
19745.5, -0.37359
19746, -0.382743
19746.5, -0.391896
19747, -0.333928
19747.5, -0.333928
19748, -0.34003
19748.5, -0.34003
19749, -0.370539
19749.5, -0.376641
19750, -0.37359
19750.5, -0.376641
19751, -0.352234
19751.5, -0.343081
19752, -0.336979
19752.5, -0.343081
19753, -0.361386
19753.5, -0.37359
19754, -0.376641
19754.5, -0.352234
19755, -0.358336
19755.5, -0.327826
19756, -0.34003
19756.5, -0.364437
19757, -0.370539
19757.5, -0.391896
19758, -0.358336
19758.5, -0.346132
19759, -0.336979
19759.5, -0.312571
19760, -0.364437
19760.5, -0.364437
19761, -0.376641
19761.5, -0.385794
19762, -0.361386
19762.5, -0.34003
19763, -0.358336
19763.5, -0.327826
19764, -0.358336
19764.5, -0.379692
19765, -0.355285
19765.5, -0.376641
19766, -0.364437
19766.5, -0.330877
19767, -0.355285
19767.5, -0.355285
19768, -0.358336
19768.5, -0.367488
19769, -0.367488
19769.5, -0.379692
19770, -0.355285
19770.5, -0.327826
19771, -0.361386
19771.5, -0.327826
19772, -0.352234
19772.5, -0.385794
19773, -0.364437
19773.5, -0.385794
19774, -0.355285
19774.5, -0.324775
19775, -0.361386
19775.5, -0.358336
19776, -0.361386
19776.5, -0.361386
19777, -0.358336
19777.5, -0.388845
19778, -0.367488
19778.5, -0.358336
19779, -0.37359
19779.5, -0.367488
19780, -0.370539
19780.5, -0.367488
19781, -0.361386
19781.5, -0.385794
19782, -0.361386
19782.5, -0.37359
19783, -0.37359
19783.5, -0.367488
19784, -0.346132
19784.5, -0.364437
19785, -0.349183
19785.5, -0.327826
19786, -0.367488
19786.5, -0.364437
19787, -0.352234
19787.5, -0.364437
19788, -0.376641
19788.5, -0.388845
19789, -0.385794
19789.5, -0.352234
19790, -0.346132
19790.5, -0.370539
19791, -0.346132
19791.5, -0.364437
19792, -0.37359
19792.5, -0.355285
19793, -0.358336
19793.5, -0.367488
19794, -0.361386
19794.5, -0.37359
19795, -0.349183
19795.5, -0.364437
19796, -0.355285
19796.5, -0.367488
19797, -0.37359
19797.5, -0.336979
19798, -0.352234
19798.5, -0.358336
19799, -0.370539
19799.5, -0.367488
19800, -0.379692
19800.5, -0.364437
19801, -0.367488
19801.5, -0.364437
19802, -0.358336
19802.5, -0.358336
19803, -0.37359
19803.5, -0.367488
19804, -0.352234
19804.5, -0.370539
19805, -0.324775
19805.5, -0.349183
19806, -0.349183
19806.5, -0.370539
19807, -0.37359
19807.5, -0.349183
19808, -0.385794
19808.5, -0.367488
19809, -0.361386
19809.5, -0.358336
19810, -0.343081
19810.5, -0.37359
19811, -0.367488
19811.5, -0.355285
19812, -0.376641
19812.5, -0.361386
19813, -0.34003
19813.5, -0.349183
19814, -0.349183
19814.5, -0.376641
19815, -0.37359
19815.5, -0.370539
19816, -0.370539
19816.5, -0.355285
19817, -0.333928
19817.5, -0.364437
19818, -0.349183
19818.5, -0.361386
19819, -0.358336
19819.5, -0.352234
19820, -0.376641
19820.5, -0.336979
19821, -0.336979
19821.5, -0.343081
19822, -0.349183
19822.5, -0.376641
19823, -0.37359
19823.5, -0.364437
19824, -0.355285
19824.5, -0.349183
19825, -0.346132
19825.5, -0.358336
19826, -0.388845
19826.5, -0.37359
19827, -0.379692
19827.5, -0.376641
19828, -0.324775
19828.5, -0.361386
19829, -0.346132
19829.5, -0.358336
19830, -0.385794
19830.5, -0.367488
19831, -0.388845
19831.5, -0.358336
19832, -0.34003
19832.5, -0.34003
19833, -0.349183
19833.5, -0.346132
19834, -0.346132
19834.5, -0.37359
19835, -0.367488
19835.5, -0.349183
19836, -0.355285
19836.5, -0.367488
19837, -0.333928
19837.5, -0.361386
19838, -0.370539
19838.5, -0.367488
19839, -0.370539
19839.5, -0.349183
19840, -0.346132
19840.5, -0.346132
19841, -0.346132
19841.5, -0.358336
19842, -0.355285
19842.5, -0.388845
19843, -0.391896
19843.5, -0.34003
19844, -0.312571
19844.5, -0.336979
19845, -0.336979
19845.5, -0.37359
19846, -0.367488
19846.5, -0.367488
19847, -0.394947
19847.5, -0.333928
19848, -0.312571
19848.5, -0.349183
19849, -0.358336
19849.5, -0.358336
19850, -0.4041
19850.5, -0.37359
19851, -0.321724
19851.5, -0.346132
19852, -0.321724
19852.5, -0.352234
19853, -0.382743
19853.5, -0.364437
19854, -0.388845
19854.5, -0.370539
19855, -0.312571
19855.5, -0.346132
19856, -0.355285
19856.5, -0.349183
19857, -0.379692
19857.5, -0.37359
19858, -0.401049
19858.5, -0.37359
19859, -0.318673
19859.5, -0.336979
19860, -0.343081
19860.5, -0.333928
19861, -0.379692
19861.5, -0.370539
19862, -0.391896
19862.5, -0.361386
19863, -0.297316
19863.5, -0.343081
19864, -0.352234
19864.5, -0.376641
19865, -0.385794
19865.5, -0.379692
19866, -0.388845
19866.5, -0.324775
19867, -0.324775
19867.5, -0.34003
19868, -0.361386
19868.5, -0.37359
19869, -0.382743
19869.5, -0.391896
19870, -0.382743
19870.5, -0.352234
19871, -0.336979
19871.5, -0.336979
19872, -0.34003
19872.5, -0.379692
19873, -0.364437
19873.5, -0.379692
19874, -0.382743
19874.5, -0.300367
19875, -0.312571
19875.5, -0.343081
19876, -0.361386
19876.5, -0.388845
19877, -0.358336
19877.5, -0.385794
19878, -0.34003
19878.5, -0.34003
19879, -0.349183
19879.5, -0.343081
19880, -0.361386
19880.5, -0.370539
19881, -0.349183
19881.5, -0.385794
19882, -0.343081
19882.5, -0.327826
19883, -0.376641
19883.5, -0.321724
19884, -0.364437
19884.5, -0.37359
19885, -0.367488
19885.5, -0.385794
19886, -0.346132
19886.5, -0.324775
19887, -0.355285
19887.5, -0.355285
19888, -0.382743
19888.5, -0.370539
19889, -0.367488
19889.5, -0.379692
19890, -0.361386
19890.5, -0.327826
19891, -0.364437
19891.5, -0.379692
19892, -0.355285
19892.5, -0.379692
19893, -0.364437
19893.5, -0.343081
19894, -0.361386
19894.5, -0.333928
19895, -0.358336
19895.5, -0.379692
19896, -0.37359
19896.5, -0.382743
19897, -0.361386
19897.5, -0.327826
19898, -0.358336
19898.5, -0.355285
19899, -0.358336
19899.5, -0.385794
19900, -0.361386
19900.5, -0.355285
19901, -0.364437
19901.5, -0.327826
19902, -0.364437
19902.5, -0.358336
19903, -0.367488
19903.5, -0.376641
19904, -0.361386
19904.5, -0.361386
19905, -0.364437
19905.5, -0.324775
19906, -0.355285
19906.5, -0.361386
19907, -0.364437
19907.5, -0.37359
19908, -0.364437
19908.5, -0.382743
19909, -0.364437
19909.5, -0.370539
19910, -0.34003
19910.5, -0.370539
19911, -0.361386
19911.5, -0.370539
19912, -0.361386
19912.5, -0.361386
19913, -0.355285
19913.5, -0.349183
19914, -0.343081
19914.5, -0.352234
19915, -0.370539
19915.5, -0.355285
19916, -0.379692
19916.5, -0.391896
19917, -0.336979
19917.5, -0.352234
19918, -0.355285
19918.5, -0.367488
19919, -0.361386
19919.5, -0.376641
19920, -0.364437
19920.5, -0.367488
19921, -0.364437
19921.5, -0.364437
19922, -0.343081
19922.5, -0.364437
19923, -0.358336
19923.5, -0.361386
19924, -0.364437
19924.5, -0.358336
19925, -0.352234
19925.5, -0.349183
19926, -0.352234
19926.5, -0.352234
19927, -0.370539
19927.5, -0.367488
19928, -0.364437
19928.5, -0.376641
19929, -0.355285
19929.5, -0.343081
19930, -0.349183
19930.5, -0.358336
19931, -0.376641
19931.5, -0.361386
19932, -0.34003
19932.5, -0.367488
19933, -0.346132
19933.5, -0.367488
19934, -0.376641
19934.5, -0.376641
19935, -0.394947
19935.5, -0.361386
19936, -0.346132
19936.5, -0.358336
19937, -0.361386
19937.5, -0.349183
19938, -0.37359
19938.5, -0.364437
19939, -0.370539
19939.5, -0.355285
19940, -0.333928
19940.5, -0.361386
19941, -0.358336
19941.5, -0.355285
19942, -0.370539
19942.5, -0.376641
19943, -0.376641
19943.5, -0.37359
19944, -0.343081
19944.5, -0.358336
19945, -0.355285
19945.5, -0.364437
19946, -0.382743
19946.5, -0.358336
19947, -0.370539
19947.5, -0.367488
19948, -0.34003
19948.5, -0.358336
19949, -0.336979
19949.5, -0.37359
19950, -0.364437
19950.5, -0.364437
19951, -0.388845
19951.5, -0.361386
19952, -0.333928
19952.5, -0.349183
19953, -0.349183
19953.5, -0.382743
19954, -0.370539
19954.5, -0.370539
19955, -0.376641
19955.5, -0.346132
19956, -0.336979
19956.5, -0.349183
19957, -0.343081
19957.5, -0.379692
19958, -0.370539
19958.5, -0.385794
19959, -0.34003
19959.5, -0.343081
19960, -0.346132
19960.5, -0.343081
19961, -0.37359
19961.5, -0.370539
19962, -0.394947
19962.5, -0.382743
19963, -0.318673
19963.5, -0.336979
19964, -0.346132
19964.5, -0.343081
19965, -0.379692
19965.5, -0.355285
19966, -0.376641
19966.5, -0.37359
19967, -0.333928
19967.5, -0.343081
19968, -0.315622
19968.5, -0.346132
19969, -0.364437
19969.5, -0.352234
19970, -0.391896
19970.5, -0.385794
19971, -0.352234
19971.5, -0.349183
19972, -0.34003
19972.5, -0.382743
19973, -0.385794
19973.5, -0.37359
19974, -0.397998
19974.5, -0.349183
19975, -0.318673
19975.5, -0.349183
19976, -0.330877
19976.5, -0.367488
19977, -0.385794
19977.5, -0.364437
19978, -0.394947
19978.5, -0.312571
19979, -0.324775
19979.5, -0.343081
19980, -0.327826
19980.5, -0.352234
19981, -0.358336
19981.5, -0.382743
19982, -0.382743
19982.5, -0.333928
19983, -0.315622
19983.5, -0.358336
19984, -0.327826
19984.5, -0.382743
19985, -0.367488
19985.5, -0.394947
19986, -0.324775
19986.5, -0.324775
19987, -0.364437
19987.5, -0.349183
19988, -0.370539
19988.5, -0.376641
19989, -0.385794
19989.5, -0.382743
19990, -0.34003
19990.5, -0.318673
19991, -0.324775
19991.5, -0.349183
19992, -0.37359
19992.5, -0.364437
19993, -0.364437
19993.5, -0.376641
19994, -0.303418
19994.5, -0.327826
19995, -0.349183
19995.5, -0.330877
19996, -0.370539
19996.5, -0.364437
19997, -0.376641
19997.5, -0.358336
19998, -0.364437
19998.5, -0.358336
19999, -0.352234
19999.5, -0.37359
20000, -0.352234
20000.5, -0.397998
20001, -0.361386
20001.5, -0.333928
20002, -0.333928
20002.5, -0.330877
20003, -0.364437
20003.5, -0.376641
20004, -0.370539
20004.5, -0.382743
20005, -0.349183
20005.5, -0.327826
20006, -0.355285
20006.5, -0.336979
20007, -0.370539
20007.5, -0.370539
20008, -0.364437
20008.5, -0.394947
20009, -0.370539
20009.5, -0.321724
20010, -0.367488
20010.5, -0.355285
20011, -0.367488
20011.5, -0.37359
20012, -0.367488
20012.5, -0.367488
20013, -0.364437
20013.5, -0.330877
20014, -0.355285
20014.5, -0.34003
20015, -0.352234
20015.5, -0.385794
20016, -0.367488
20016.5, -0.367488
20017, -0.379692
20017.5, -0.312571
20018, -0.34003
20018.5, -0.37359
20019, -0.364437
20019.5, -0.391896
20020, -0.361386
20020.5, -0.364437
20021, -0.37359
20021.5, -0.324775
20022, -0.361386
20022.5, -0.349183
20023, -0.361386
20023.5, -0.358336
20024, -0.364437
20024.5, -0.385794
20025, -0.364437
20025.5, -0.352234
20026, -0.355285
20026.5, -0.367488
20027, -0.361386
20027.5, -0.376641
20028, -0.361386
20028.5, -0.37359
20029, -0.364437
20029.5, -0.376641
20030, -0.352234
20030.5, -0.367488
20031, -0.370539
20031.5, -0.370539
20032, -0.367488
20032.5, -0.336979
20033, -0.370539
20033.5, -0.367488
20034, -0.346132
20034.5, -0.358336
20035, -0.364437
20035.5, -0.361386
20036, -0.376641
20036.5, -0.370539
20037, -0.358336
20037.5, -0.361386
20038, -0.336979
20038.5, -0.364437
20039, -0.370539
20039.5, -0.358336
20040, -0.349183
20040.5, -0.355285
20041, -0.352234
20041.5, -0.358336
20042, -0.364437
20042.5, -0.364437
20043, -0.37359
20043.5, -0.367488
20044, -0.358336
20044.5, -0.327826
20045, -0.358336
20045.5, -0.358336
20046, -0.358336
20046.5, -0.361386
20047, -0.361386
20047.5, -0.364437
20048, -0.312571
20048.5, -0.364437
20049, -0.346132
20049.5, -0.358336
20050, -0.370539
20050.5, -0.37359
20051, -0.37359
20051.5, -0.376641
20052, -0.315622
20052.5, -0.370539
20053, -0.349183
20053.5, -0.367488
20054, -0.37359
20054.5, -0.358336
20055, -0.382743
20055.5, -0.364437
20056, -0.327826
20056.5, -0.343081
20057, -0.336979
20057.5, -0.37359
20058, -0.370539
20058.5, -0.364437
20059, -0.376641
20059.5, -0.361386
20060, -0.330877
20060.5, -0.355285
20061, -0.349183
20061.5, -0.364437
20062, -0.355285
20062.5, -0.361386
20063, -0.376641
20063.5, -0.370539
20064, -0.333928
20064.5, -0.349183
20065, -0.361386
20065.5, -0.367488
20066, -0.37359
20066.5, -0.388845
20067, -0.346132
20067.5, -0.364437
20068, -0.355285
20068.5, -0.34003
20069, -0.376641
20069.5, -0.364437
20070, -0.379692
20070.5, -0.364437
20071, -0.330877
20071.5, -0.352234
20072, -0.343081
20072.5, -0.346132
20073, -0.370539
20073.5, -0.349183
20074, -0.370539
20074.5, -0.370539
20075, -0.336979
20075.5, -0.327826
20076, -0.327826
20076.5, -0.37359
20077, -0.379692
20077.5, -0.358336
20078, -0.388845
20078.5, -0.364437
20079, -0.346132
20079.5, -0.324775
20080, -0.324775
20080.5, -0.367488
20081, -0.364437
20081.5, -0.382743
20082, -0.370539
20082.5, -0.324775
20083, -0.327826
20083.5, -0.343081
20084, -0.330877
20084.5, -0.37359
20085, -0.361386
20085.5, -0.379692
20086, -0.382743
20086.5, -0.330877
20087, -0.315622
20087.5, -0.343081
20088, -0.321724
20088.5, -0.355285
20089, -0.37359
20089.5, -0.382743
20090, -0.394947
20090.5, -0.336979
20091, -0.315622
20091.5, -0.358336
20092, -0.343081
20092.5, -0.364437
20093, -0.388845
20093.5, -0.37359
20094, -0.343081
20094.5, -0.333928
20095, -0.333928
20095.5, -0.343081
20096, -0.385794
20096.5, -0.382743
20097, -0.370539
20097.5, -0.376641
20098, -0.324775
20098.5, -0.349183
20099, -0.336979
20099.5, -0.361386
20100, -0.382743
20100.5, -0.370539
20101, -0.379692
20101.5, -0.37359
20102, -0.312571
20102.5, -0.318673
20103, -0.336979
20103.5, -0.349183
20104, -0.379692
20104.5, -0.361386
20105, -0.379692
20105.5, -0.382743
20106, -0.352234
20106.5, -0.324775
20107, -0.352234
20107.5, -0.37359
20108, -0.37359
20108.5, -0.370539
20109, -0.358336
20109.5, -0.336979
20110, -0.34003
20110.5, -0.333928
20111, -0.355285
20111.5, -0.382743
20112, -0.37359
20112.5, -0.388845
20113, -0.376641
20113.5, -0.34003
20114, -0.346132
20114.5, -0.336979
20115, -0.358336
20115.5, -0.37359
20116, -0.376641
20116.5, -0.385794
20117, -0.388845
20117.5, -0.327826
20118, -0.327826
20118.5, -0.352234
20119, -0.34003
20119.5, -0.397998
20120, -0.358336
20120.5, -0.379692
20121, -0.376641
20121.5, -0.318673
20122, -0.358336
20122.5, -0.321724
20123, -0.358336
20123.5, -0.379692
20124, -0.358336
20124.5, -0.385794
20125, -0.379692
20125.5, -0.324775
20126, -0.370539
20126.5, -0.330877
20127, -0.364437
20127.5, -0.379692
20128, -0.364437
20128.5, -0.385794
20129, -0.355285
20129.5, -0.324775
20130, -0.37359
20130.5, -0.324775
20131, -0.364437
20131.5, -0.382743
20132, -0.367488
20132.5, -0.385794
20133, -0.361386
20133.5, -0.330877
20134, -0.352234
20134.5, -0.336979
20135, -0.361386
20135.5, -0.364437
20136, -0.367488
20136.5, -0.330877
20137, -0.367488
20137.5, -0.343081
20138, -0.361386
20138.5, -0.382743
20139, -0.364437
20139.5, -0.355285
20140, -0.364437
20140.5, -0.327826
20141, -0.364437
20141.5, -0.343081
20142, -0.343081
20142.5, -0.382743
20143, -0.358336
20143.5, -0.367488
20144, -0.361386
20144.5, -0.346132
20145, -0.364437
20145.5, -0.358336
20146, -0.367488
20146.5, -0.382743
20147, -0.361386
20147.5, -0.364437
20148, -0.364437
20148.5, -0.379692
20149, -0.34003
20149.5, -0.370539
20150, -0.364437
20150.5, -0.370539
20151, -0.370539
20151.5, -0.37359
20152, -0.361386
20152.5, -0.361386
20153, -0.358336
20153.5, -0.358336
20154, -0.361386
20154.5, -0.355285
20155, -0.376641
20155.5, -0.361386
20156, -0.364437
20156.5, -0.37359
20157, -0.349183
20157.5, -0.367488
20158, -0.364437
20158.5, -0.361386
20159, -0.379692
20159.5, -0.361386
20160, -0.37359
20160.5, -0.355285
20161, -0.355285
20161.5, -0.367488
20162, -0.37359
20162.5, -0.355285
20163, -0.379692
20163.5, -0.355285
20164, -0.361386
20164.5, -0.355285
20165, -0.352234
20165.5, -0.355285
20166, -0.379692
20166.5, -0.367488
20167, -0.370539
20167.5, -0.364437
20168, -0.349183
20168.5, -0.346132
20169, -0.361386
20169.5, -0.355285
20170, -0.361386
20170.5, -0.355285
20171, -0.361386
20171.5, -0.367488
20172, -0.336979
20172.5, -0.336979
20173, -0.349183
20173.5, -0.358336
20174, -0.370539
20174.5, -0.367488
20175, -0.352234
20175.5, -0.37359
20176, -0.349183
20176.5, -0.361386
20177, -0.364437
20177.5, -0.370539
20178, -0.379692
20178.5, -0.343081
20179, -0.349183
20179.5, -0.370539
20180, -0.336979
20180.5, -0.352234
20181, -0.367488
20181.5, -0.37359
20182, -0.376641
20182.5, -0.364437
20183, -0.349183
20183.5, -0.352234
20184, -0.34003
20184.5, -0.346132
20185, -0.376641
20185.5, -0.361386
20186, -0.367488
20186.5, -0.376641
20187, -0.343081
20187.5, -0.358336
20188, -0.333928
20188.5, -0.367488
20189, -0.388845
20189.5, -0.364437
20190, -0.364437
20190.5, -0.333928
20191, -0.315622
20191.5, -0.355285
20192, -0.352234
20192.5, -0.370539
20193, -0.361386
20193.5, -0.370539
20194, -0.382743
20194.5, -0.370539
20195, -0.315622
20195.5, -0.352234
20196, -0.355285
20196.5, -0.37359
20197, -0.358336
20197.5, -0.37359
20198, -0.391896
20198.5, -0.343081
20199, -0.333928
20199.5, -0.349183
20200, -0.315622
20200.5, -0.370539
20201, -0.382743
20201.5, -0.361386
20202, -0.358336
20202.5, -0.327826
20203, -0.324775
20203.5, -0.343081
20204, -0.385794
20204.5, -0.364437
20205, -0.376641
20205.5, -0.391896
20206, -0.300367
20206.5, -0.330877
20207, -0.324775
20207.5, -0.327826
20208, -0.37359
20208.5, -0.379692
20209, -0.370539
20209.5, -0.382743
20210, -0.327826
20210.5, -0.330877
20211, -0.34003
20211.5, -0.343081
20212, -0.37359
20212.5, -0.364437
20213, -0.397998
20213.5, -0.379692
20214, -0.330877
20214.5, -0.349183
20215, -0.343081
20215.5, -0.367488
20216, -0.391896
20216.5, -0.361386
20217, -0.385794
20217.5, -0.355285
20218, -0.321724
20218.5, -0.343081
20219, -0.352234
20219.5, -0.382743
20220, -0.382743
20220.5, -0.385794
20221, -0.391896
20221.5, -0.346132
20222, -0.321724
20222.5, -0.343081
20223, -0.352234
20223.5, -0.367488
20224, -0.394947
20224.5, -0.388845
20225, -0.376641
20225.5, -0.343081
20226, -0.349183
20226.5, -0.324775
20227, -0.361386
20227.5, -0.376641
20228, -0.376641
20228.5, -0.376641
20229, -0.343081
20229.5, -0.318673
20230, -0.370539
20230.5, -0.333928
20231, -0.361386
20231.5, -0.346132
20232, -0.379692
20232.5, -0.4041
20233, -0.312571
20233.5, -0.318673
20234, -0.349183
20234.5, -0.352234
20235, -0.364437
20235.5, -0.355285
20236, -0.391896
20236.5, -0.385794
20237, -0.361386
20237.5, -0.30952
20238, -0.370539
20238.5, -0.324775
20239, -0.367488
20239.5, -0.37359
20240, -0.361386
20240.5, -0.391896
20241, -0.367488
20241.5, -0.333928
20242, -0.349183
20242.5, -0.367488
20243, -0.367488
20243.5, -0.382743
20244, -0.361386
20244.5, -0.312571
20245, -0.361386
20245.5, -0.355285
20246, -0.364437
20246.5, -0.391896
20247, -0.364437
20247.5, -0.388845
20248, -0.355285
20248.5, -0.330877
20249, -0.370539
20249.5, -0.327826
20250, -0.364437
20250.5, -0.370539
20251, -0.355285
20251.5, -0.379692
20252, -0.346132
20252.5, -0.321724
20253, -0.358336
20253.5, -0.330877
20254, -0.358336
20254.5, -0.367488
20255, -0.361386
20255.5, -0.394947
20256, -0.367488
20256.5, -0.330877
20257, -0.358336
20257.5, -0.355285
20258, -0.361386
20258.5, -0.361386
20259, -0.358336
20259.5, -0.37359
20260, -0.37359
20260.5, -0.336979
20261, -0.352234
20261.5, -0.358336
20262, -0.352234
20262.5, -0.370539
20263, -0.358336
20263.5, -0.361386
20264, -0.37359
20264.5, -0.346132
20265, -0.364437
20265.5, -0.346132
20266, -0.364437
20266.5, -0.385794
20267, -0.358336
20267.5, -0.382743
20268, -0.370539
20268.5, -0.333928
20269, -0.34003
20269.5, -0.370539
20270, -0.358336
20270.5, -0.379692
20271, -0.355285
20271.5, -0.370539
20272, -0.355285
20272.5, -0.367488
20273, -0.346132
20273.5, -0.358336
20274, -0.370539
20274.5, -0.364437
20275, -0.364437
20275.5, -0.370539
20276, -0.358336
20276.5, -0.37359
20277, -0.330877
20277.5, -0.355285
20278, -0.358336
20278.5, -0.364437
20279, -0.367488
20279.5, -0.370539
20280, -0.346132
20280.5, -0.361386
20281, -0.349183
20281.5, -0.37359
20282, -0.361386
20282.5, -0.358336
20283, -0.379692
20283.5, -0.358336
20284, -0.343081
20284.5, -0.361386
20285, -0.379692
20285.5, -0.370539
20286, -0.367488
20286.5, -0.361386
20287, -0.330877
20287.5, -0.358336
20288, -0.349183
20288.5, -0.361386
20289, -0.367488
20289.5, -0.364437
20290, -0.385794
20290.5, -0.364437
20291, -0.343081
20291.5, -0.358336
20292, -0.361386
20292.5, -0.352234
20293, -0.379692
20293.5, -0.361386
20294, -0.379692
20294.5, -0.370539
20295, -0.346132
20295.5, -0.364437
20296, -0.349183
20296.5, -0.37359
20297, -0.361386
20297.5, -0.361386
20298, -0.376641
20298.5, -0.367488
20299, -0.327826
20299.5, -0.349183
20300, -0.346132
20300.5, -0.37359
20301, -0.376641
20301.5, -0.358336
20302, -0.385794
20302.5, -0.34003
20303, -0.324775
20303.5, -0.346132
20304, -0.349183
20304.5, -0.376641
20305, -0.370539
20305.5, -0.358336
20306, -0.370539
20306.5, -0.370539
20307, -0.346132
20307.5, -0.333928
20308, -0.358336
20308.5, -0.364437
20309, -0.37359
20309.5, -0.379692
20310, -0.355285
20310.5, -0.343081
20311, -0.358336
20311.5, -0.343081
20312, -0.385794
20312.5, -0.370539
20313, -0.391896
20313.5, -0.391896
20314, -0.330877
20314.5, -0.358336
20315, -0.321724
20315.5, -0.346132
20316, -0.379692
20316.5, -0.370539
20317, -0.394947
20317.5, -0.370539
20318, -0.330877
20318.5, -0.330877
20319, -0.330877
20319.5, -0.343081
20320, -0.379692
20320.5, -0.367488
20321, -0.37359
20321.5, -0.376641
20322, -0.315622
20322.5, -0.333928
20323, -0.349183
20323.5, -0.370539
20324, -0.367488
20324.5, -0.37359
20325, -0.397998
20325.5, -0.324775
20326, -0.34003
20326.5, -0.336979
20327, -0.343081
20327.5, -0.379692
20328, -0.367488
20328.5, -0.379692
20329, -0.397998
20329.5, -0.324775
20330, -0.336979
20330.5, -0.327826
20331, -0.349183
20331.5, -0.34003
20332, -0.376641
20332.5, -0.358336
20333, -0.355285
20333.5, -0.336979
20334, -0.312571
20334.5, -0.355285
20335, -0.349183
20335.5, -0.370539
20336, -0.382743
20336.5, -0.367488
20337, -0.300367
20337.5, -0.333928
20338, -0.30952
20338.5, -0.352234
20339, -0.388845
20339.5, -0.349183
20340, -0.355285
20340.5, -0.37359
20341, -0.330877
20341.5, -0.321724
20342, -0.336979
20342.5, -0.327826
20343, -0.370539
20343.5, -0.382743
20344, -0.379692
20344.5, -0.37359
20345, -0.352234
20345.5, -0.315622
20346, -0.330877
20346.5, -0.34003
20347, -0.379692
20347.5, -0.379692
20348, -0.376641
20348.5, -0.394947
20349, -0.315622
20349.5, -0.355285
20350, -0.355285
20350.5, -0.370539
20351, -0.376641
20351.5, -0.397998
20352, -0.352234
20352.5, -0.346132
20353, -0.324775
20353.5, -0.333928
20354, -0.367488
20354.5, -0.382743
20355, -0.376641
20355.5, -0.394947
20356, -0.361386
20356.5, -0.327826
20357, -0.327826
20357.5, -0.34003
20358, -0.361386
20358.5, -0.355285
20359, -0.379692
20359.5, -0.391896
20360, -0.37359
20360.5, -0.327826
20361, -0.321724
20361.5, -0.333928
20362, -0.355285
20362.5, -0.37359
20363, -0.367488
20363.5, -0.376641
20364, -0.367488
20364.5, -0.364437
20365, -0.349183
20365.5, -0.355285
20366, -0.361386
20366.5, -0.394947
20367, -0.349183
20367.5, -0.394947
20368, -0.352234
20368.5, -0.321724
20369, -0.367488
20369.5, -0.343081
20370, -0.370539
20370.5, -0.382743
20371, -0.355285
20371.5, -0.4041
20372, -0.352234
20372.5, -0.327826
20373, -0.361386
20373.5, -0.327826
20374, -0.367488
20374.5, -0.376641
20375, -0.358336
20375.5, -0.4041
20376, -0.361386
20376.5, -0.333928
20377, -0.361386
20377.5, -0.388845
20378, -0.367488
20378.5, -0.367488
20379, -0.367488
20379.5, -0.355285
20380, -0.343081
20380.5, -0.37359
20381, -0.364437
20381.5, -0.361386
20382, -0.364437
20382.5, -0.37359
20383, -0.364437
20383.5, -0.367488
20384, -0.364437
20384.5, -0.364437
20385, -0.355285
20385.5, -0.370539
20386, -0.355285
20386.5, -0.364437
20387, -0.367488
20387.5, -0.34003
20388, -0.37359
20388.5, -0.364437
20389, -0.37359
20389.5, -0.352234
20390, -0.367488
20390.5, -0.355285
20391, -0.361386
20391.5, -0.355285
20392, -0.37359
20392.5, -0.370539
20393, -0.376641
20393.5, -0.358336
20394, -0.376641
20394.5, -0.37359
20395, -0.367488
20395.5, -0.364437
20396, -0.346132
20396.5, -0.327826
20397, -0.376641
20397.5, -0.361386
20398, -0.376641
20398.5, -0.361386
20399, -0.358336
20399.5, -0.367488
20400, -0.349183
20400.5, -0.358336
20401, -0.358336
20401.5, -0.367488
20402, -0.355285
20402.5, -0.367488
20403, -0.352234
20403.5, -0.361386
20404, -0.343081
20404.5, -0.367488
20405, -0.355285
20405.5, -0.361386
20406, -0.37359
20406.5, -0.358336
20407, -0.361386
20407.5, -0.352234
20408, -0.343081
20408.5, -0.358336
20409, -0.364437
20409.5, -0.367488
20410, -0.370539
20410.5, -0.367488
20411, -0.349183
20411.5, -0.361386
20412, -0.346132
20412.5, -0.367488
20413, -0.37359
20413.5, -0.367488
20414, -0.37359
20414.5, -0.37359
20415, -0.346132
20415.5, -0.370539
20416, -0.370539
20416.5, -0.370539
20417, -0.358336
20417.5, -0.37359
20418, -0.343081
20418.5, -0.370539
20419, -0.346132
20419.5, -0.361386
20420, -0.364437
20420.5, -0.367488
20421, -0.385794
20421.5, -0.358336
20422, -0.346132
20422.5, -0.336979
20423, -0.346132
20423.5, -0.355285
20424, -0.376641
20424.5, -0.370539
20425, -0.376641
20425.5, -0.361386
20426, -0.346132
20426.5, -0.364437
20427, -0.352234
20427.5, -0.355285
20428, -0.37359
20428.5, -0.361386
20429, -0.385794
20429.5, -0.385794
20430, -0.346132
20430.5, -0.330877
20431, -0.364437
20431.5, -0.367488
20432, -0.370539
20432.5, -0.37359
20433, -0.376641
20433.5, -0.346132
20434, -0.333928
20434.5, -0.355285
20435, -0.352234
20435.5, -0.364437
20436, -0.37359
20436.5, -0.376641
20437, -0.370539
20437.5, -0.352234
20438, -0.324775
20438.5, -0.349183
20439, -0.358336
20439.5, -0.37359
20440, -0.385794
20440.5, -0.376641
20441, -0.391896
20441.5, -0.327826
20442, -0.324775
20442.5, -0.34003
20443, -0.343081
20443.5, -0.364437
20444, -0.37359
20444.5, -0.388845
20445, -0.34003
20445.5, -0.327826
20446, -0.349183
20446.5, -0.34003
20447, -0.382743
20447.5, -0.367488
20448, -0.397998
20448.5, -0.382743
20449, -0.336979
20449.5, -0.324775
20450, -0.336979
20450.5, -0.343081
20451, -0.385794
20451.5, -0.367488
20452, -0.385794
20452.5, -0.397998
20453, -0.30952
20453.5, -0.336979
20454, -0.352234
20454.5, -0.358336
20455, -0.391896
20455.5, -0.382743
20456, -0.385794
20456.5, -0.382743
20457, -0.306469
20457.5, -0.321724
20458, -0.346132
20458.5, -0.358336
20459, -0.388845
20459.5, -0.37359
20460, -0.391896
20460.5, -0.355285
20461, -0.361386
20461.5, -0.321724
20462, -0.336979
20462.5, -0.376641
20463, -0.379692
20463.5, -0.388845
20464, -0.391896
20464.5, -0.330877
20465, -0.327826
20465.5, -0.343081
20466, -0.355285
20466.5, -0.370539
20467, -0.370539
20467.5, -0.385794
20468, -0.379692
20468.5, -0.318673
20469, -0.315622
20469.5, -0.333928
20470, -0.37359
20470.5, -0.397998
20471, -0.37359
20471.5, -0.401049
20472, -0.358336
20472.5, -0.330877
20473, -0.370539
20473.5, -0.343081
20474, -0.376641
20474.5, -0.391896
20475, -0.361386
20475.5, -0.382743
20476, -0.349183
20476.5, -0.327826
20477, -0.361386
20477.5, -0.34003
20478, -0.361386
20478.5, -0.361386
20479, -0.358336
20479.5, -0.410202
20480, -0.358336
20480.5, -0.306469
20481, -0.370539
20481.5, -0.34003
20482, -0.382743
20482.5, -0.364437
20483, -0.364437
20483.5, -0.385794
20484, -0.355285
20484.5, -0.315622
20485, -0.358336
20485.5, -0.364437
20486, -0.364437
20486.5, -0.4041
20487, -0.364437
20487.5, -0.306469
20488, -0.358336
20488.5, -0.343081
20489, -0.370539
20489.5, -0.394947
20490, -0.355285
20490.5, -0.4041
20491, -0.352234
20491.5, -0.327826
20492, -0.355285
20492.5, -0.352234
20493, -0.358336
20493.5, -0.388845
20494, -0.358336
20494.5, -0.4041
20495, -0.367488
20495.5, -0.318673
20496, -0.364437
20496.5, -0.352234
20497, -0.370539
20497.5, -0.376641
20498, -0.367488
20498.5, -0.397998
20499, -0.367488
20499.5, -0.312571
20500, -0.364437
20500.5, -0.361386
20501, -0.364437
20501.5, -0.376641
20502, -0.361386
20502.5, -0.385794
20503, -0.367488
20503.5, -0.30952
20504, -0.349183
20504.5, -0.358336
20505, -0.355285
20505.5, -0.367488
20506, -0.358336
20506.5, -0.401049
20507, -0.361386
20507.5, -0.330877
20508, -0.358336
20508.5, -0.37359
20509, -0.361386
20509.5, -0.394947
20510, -0.358336
20510.5, -0.379692
20511, -0.352234
20511.5, -0.306469
20512, -0.361386
20512.5, -0.361386
20513, -0.364437
20513.5, -0.370539
20514, -0.361386
20514.5, -0.379692
20515, -0.336979
20515.5, -0.367488
20516, -0.367488
20516.5, -0.355285
20517, -0.37359
20517.5, -0.367488
20518, -0.367488
20518.5, -0.37359
20519, -0.358336
20519.5, -0.361386
20520, -0.358336
20520.5, -0.367488
20521, -0.358336
20521.5, -0.361386
20522, -0.379692
20522.5, -0.367488
20523, -0.346132
20523.5, -0.361386
20524, -0.343081
20524.5, -0.391896
20525, -0.364437
20525.5, -0.361386
20526, -0.355285
20526.5, -0.355285
20527, -0.343081
20527.5, -0.370539
20528, -0.37359
20528.5, -0.385794
20529, -0.370539
20529.5, -0.349183
20530, -0.343081
20530.5, -0.355285
20531, -0.343081
20531.5, -0.361386
20532, -0.370539
20532.5, -0.364437
20533, -0.382743
20533.5, -0.376641
20534, -0.333928
20534.5, -0.361386
20535, -0.346132
20535.5, -0.343081
20536, -0.382743
20536.5, -0.364437
20537, -0.376641
20537.5, -0.367488
20538, -0.327826
20538.5, -0.358336
20539, -0.336979
20539.5, -0.361386
20540, -0.382743
20540.5, -0.361386
20541, -0.385794
20541.5, -0.370539
20542, -0.321724
20542.5, -0.346132
20543, -0.34003
20543.5, -0.379692
20544, -0.370539
20544.5, -0.37359
20545, -0.382743
20545.5, -0.346132
20546, -0.343081
20546.5, -0.34003
20547, -0.336979
20547.5, -0.382743
20548, -0.37359
20548.5, -0.37359
20549, -0.394947
20549.5, -0.352234
20550, -0.333928
20550.5, -0.327826
20551, -0.349183
20551.5, -0.376641
20552, -0.370539
20552.5, -0.370539
20553, -0.355285
20553.5, -0.346132
20554, -0.321724
20554.5, -0.336979
20555, -0.37359
20555.5, -0.37359
20556, -0.401049
20556.5, -0.361386
20557, -0.324775
20557.5, -0.349183
20558, -0.306469
20558.5, -0.34003
20559, -0.379692
20559.5, -0.355285
20560, -0.394947
20560.5, -0.379692
20561, -0.330877
20561.5, -0.346132
20562, -0.333928
20562.5, -0.34003
20563, -0.385794
20563.5, -0.367488
20564, -0.379692
20564.5, -0.382743
20565, -0.327826
20565.5, -0.327826
20566, -0.327826
20566.5, -0.376641
20567, -0.391896
20567.5, -0.397998
20568, -0.401049
20568.5, -0.343081
20569, -0.312571
20569.5, -0.34003
20570, -0.324775
20570.5, -0.37359
20571, -0.382743
20571.5, -0.388845
20572, -0.397998
20572.5, -0.318673
20573, -0.321724
20573.5, -0.343081
20574, -0.321724
20574.5, -0.358336
20575, -0.391896
20575.5, -0.382743
20576, -0.401049
20576.5, -0.333928
20577, -0.30952
20577.5, -0.343081
20578, -0.349183
20578.5, -0.367488
20579, -0.401049
20579.5, -0.379692
20580, -0.37359
20580.5, -0.333928
20581, -0.343081
20581.5, -0.343081
20582, -0.391896
20582.5, -0.385794
20583, -0.385794
20583.5, -0.388845
20584, -0.303418
20584.5, -0.330877
20585, -0.367488
20585.5, -0.333928
20586, -0.382743
20586.5, -0.4041
20587, -0.376641
20587.5, -0.385794
20588, -0.306469
20588.5, -0.358336
20589, -0.355285
20589.5, -0.333928
20590, -0.388845
20590.5, -0.370539
20591, -0.361386
20591.5, -0.37359
20592, -0.315622
20592.5, -0.327826
20593, -0.364437
20593.5, -0.388845
20594, -0.364437
20594.5, -0.385794
20595, -0.391896
20595.5, -0.330877
20596, -0.349183
20596.5, -0.30952
20597, -0.367488
20597.5, -0.388845
20598, -0.385794
20598.5, -0.401049
20599, -0.361386
20599.5, -0.330877
20600, -0.343081
20600.5, -0.333928
20601, -0.37359
20601.5, -0.385794
20602, -0.382743
20602.5, -0.391896
20603, -0.401049
20603.5, -0.297316
20604, -0.349183
20604.5, -0.327826
20605, -0.355285
20605.5, -0.388845
20606, -0.358336
20606.5, -0.397998
20607, -0.367488
20607.5, -0.303418
20608, -0.37359
20608.5, -0.336979
20609, -0.349183
20609.5, -0.379692
20610, -0.352234
20610.5, -0.410202
20611, -0.346132
20611.5, -0.291214
20612, -0.367488
20612.5, -0.367488
20613, -0.355285
20613.5, -0.37359
20614, -0.346132
20614.5, -0.388845
20615, -0.367488
20615.5, -0.306469
20616, -0.346132
20616.5, -0.343081
20617, -0.379692
20617.5, -0.391896
20618, -0.358336
20618.5, -0.376641
20619, -0.361386
20619.5, -0.330877
20620, -0.364437
20620.5, -0.388845
20621, -0.370539
20621.5, -0.37359
20622, -0.364437
20622.5, -0.327826
20623, -0.367488
20623.5, -0.370539
20624, -0.355285
20624.5, -0.388845
20625, -0.37359
20625.5, -0.352234
20626, -0.37359
20626.5, -0.352234
20627, -0.370539
20627.5, -0.364437
20628, -0.349183
20628.5, -0.376641
20629, -0.355285
20629.5, -0.379692
20630, -0.364437
20630.5, -0.361386
20631, -0.358336
20631.5, -0.346132
20632, -0.361386
20632.5, -0.361386
20633, -0.385794
20633.5, -0.370539
20634, -0.361386
20634.5, -0.343081
20635, -0.343081
20635.5, -0.364437
20636, -0.376641
20636.5, -0.37359
20637, -0.367488
20637.5, -0.385794
20638, -0.37359
20638.5, -0.37359
20639, -0.361386
20639.5, -0.370539
20640, -0.376641
20640.5, -0.364437
20641, -0.367488
20641.5, -0.361386
20642, -0.361386
20642.5, -0.358336
20643, -0.352234
20643.5, -0.361386
20644, -0.37359
20644.5, -0.355285
20645, -0.394947
20645.5, -0.361386
20646, -0.355285
20646.5, -0.358336
20647, -0.324775
20647.5, -0.382743
20648, -0.367488
20648.5, -0.367488
20649, -0.376641
20649.5, -0.364437
20650, -0.327826
20650.5, -0.349183
20651, -0.343081
20651.5, -0.370539
20652, -0.376641
20652.5, -0.370539
20653, -0.37359
20653.5, -0.364437
20654, -0.333928
20654.5, -0.34003
20655, -0.355285
20655.5, -0.358336
20656, -0.364437
20656.5, -0.37359
20657, -0.385794
20657.5, -0.361386
20658, -0.330877
20658.5, -0.358336
20659, -0.333928
20659.5, -0.358336
20660, -0.388845
20660.5, -0.358336
20661, -0.367488
20661.5, -0.370539
20662, -0.343081
20662.5, -0.352234
20663, -0.382743
20663.5, -0.364437
20664, -0.382743
20664.5, -0.370539
20665, -0.34003
20665.5, -0.352234
20666, -0.330877
20666.5, -0.355285
20667, -0.37359
20667.5, -0.376641
20668, -0.379692
20668.5, -0.361386
20669, -0.315622
20669.5, -0.376641
20670, -0.352234
20670.5, -0.355285
20671, -0.370539
20671.5, -0.37359
20672, -0.37359
20672.5, -0.367488
20673, -0.321724
20673.5, -0.355285
20674, -0.343081
20674.5, -0.364437
20675, -0.367488
20675.5, -0.370539
20676, -0.376641
20676.5, -0.349183
20677, -0.333928
20677.5, -0.367488
20678, -0.318673
20678.5, -0.364437
20679, -0.37359
20679.5, -0.382743
20680, -0.397998
20680.5, -0.343081
20681, -0.297316
20681.5, -0.361386
20682, -0.324775
20682.5, -0.364437
20683, -0.388845
20683.5, -0.358336
20684, -0.382743
20684.5, -0.358336
20685, -0.306469
20685.5, -0.355285
20686, -0.312571
20686.5, -0.37359
20687, -0.397998
20687.5, -0.37359
20688, -0.34003
20688.5, -0.34003
20689, -0.355285
20689.5, -0.358336
20690, -0.388845
20690.5, -0.364437
20691, -0.376641
20691.5, -0.37359
20692, -0.306469
20692.5, -0.330877
20693, -0.318673
20693.5, -0.346132
20694, -0.385794
20694.5, -0.358336
20695, -0.379692
20695.5, -0.388845
20696, -0.30952
20696.5, -0.336979
20697, -0.330877
20697.5, -0.34003
20698, -0.4041
20698.5, -0.361386
20699, -0.382743
20699.5, -0.379692
20700, -0.303418
20700.5, -0.336979
20701, -0.327826
20701.5, -0.370539
20702, -0.376641
20702.5, -0.364437
20703, -0.397998
20703.5, -0.324775
20704, -0.300367
20704.5, -0.376641
20705, -0.364437
20705.5, -0.370539
20706, -0.370539
20706.5, -0.385794
20707, -0.379692
20707.5, -0.349183
20708, -0.327826
20708.5, -0.346132
20709, -0.336979
20709.5, -0.37359
20710, -0.379692
20710.5, -0.382743
20711, -0.401049
20711.5, -0.333928
20712, -0.358336
20712.5, -0.34003
20713, -0.349183
20713.5, -0.358336
20714, -0.37359
20714.5, -0.37359
20715, -0.352234
20715.5, -0.34003
20716, -0.364437
20716.5, -0.349183
20717, -0.355285
20717.5, -0.355285
20718, -0.370539
20718.5, -0.382743
20719, -0.330877
20719.5, -0.321724
20720, -0.355285
20720.5, -0.330877
20721, -0.388845
20721.5, -0.355285
20722, -0.37359
20722.5, -0.376641
20723, -0.346132
20723.5, -0.321724
20724, -0.352234
20724.5, -0.349183
20725, -0.376641
20725.5, -0.358336
20726, -0.379692
20726.5, -0.336979
20727, -0.333928
20727.5, -0.324775
20728, -0.370539
20728.5, -0.379692
20729, -0.349183
20729.5, -0.391896
20730, -0.379692
20730.5, -0.30952
20731, -0.370539
20731.5, -0.333928
20732, -0.37359
20732.5, -0.391896
20733, -0.355285
20733.5, -0.391896
20734, -0.349183
20734.5, -0.315622
20735, -0.355285
20735.5, -0.327826
20736, -0.370539
20736.5, -0.379692
20737, -0.361386
20737.5, -0.385794
20738, -0.352234
20738.5, -0.321724
20739, -0.355285
20739.5, -0.330877
20740, -0.358336
20740.5, -0.391896
20741, -0.367488
20741.5, -0.397998
20742, -0.367488
20742.5, -0.343081
20743, -0.361386
20743.5, -0.349183
20744, -0.358336
20744.5, -0.382743
20745, -0.364437
20745.5, -0.343081
20746, -0.367488
20746.5, -0.336979
20747, -0.343081
20747.5, -0.379692
20748, -0.367488
20748.5, -0.370539
20749, -0.382743
20749.5, -0.382743
20750, -0.367488
20750.5, -0.352234
20751, -0.343081
20751.5, -0.37359
20752, -0.367488
20752.5, -0.382743
20753, -0.367488
20753.5, -0.364437
20754, -0.364437
20754.5, -0.312571
20755, -0.364437
20755.5, -0.364437
20756, -0.358336
20756.5, -0.361386
20757, -0.355285
20757.5, -0.361386
20758, -0.346132
20758.5, -0.364437
20759, -0.361386
20759.5, -0.361386
20760, -0.370539
20760.5, -0.37359
20761, -0.367488
20761.5, -0.364437
20762, -0.364437
20762.5, -0.364437
20763, -0.34003
20763.5, -0.355285
20764, -0.367488
20764.5, -0.358336
20765, -0.361386
20765.5, -0.355285
20766, -0.355285
20766.5, -0.367488
20767, -0.343081
20767.5, -0.367488
20768, -0.355285
20768.5, -0.358336
20769, -0.361386
20769.5, -0.358336
20770, -0.355285
20770.5, -0.370539
20771, -0.370539
20771.5, -0.361386
20772, -0.370539
20772.5, -0.364437
20773, -0.343081
20773.5, -0.355285
20774, -0.358336
20774.5, -0.346132
20775, -0.355285
20775.5, -0.364437
20776, -0.37359
20776.5, -0.37359
20777, -0.321724
20777.5, -0.361386
20778, -0.355285
20778.5, -0.349183
20779, -0.379692
20779.5, -0.361386
20780, -0.370539
20780.5, -0.376641
20781, -0.367488
20781.5, -0.367488
20782, -0.343081
20782.5, -0.355285
20783, -0.37359
20783.5, -0.379692
20784, -0.370539
20784.5, -0.370539
20785, -0.318673
20785.5, -0.346132
20786, -0.364437
20786.5, -0.364437
20787, -0.361386
20787.5, -0.370539
20788, -0.376641
20788.5, -0.343081
20789, -0.333928
20789.5, -0.364437
20790, -0.352234
20790.5, -0.370539
20791, -0.367488
20791.5, -0.367488
20792, -0.370539
20792.5, -0.367488
20793, -0.349183
20793.5, -0.349183
20794, -0.34003
20794.5, -0.376641
20795, -0.376641
20795.5, -0.385794
20796, -0.355285
20796.5, -0.364437
20797, -0.336979
20797.5, -0.358336
20798, -0.388845
20798.5, -0.364437
20799, -0.382743
20799.5, -0.382743
20800, -0.312571
20800.5, -0.346132
20801, -0.327826
20801.5, -0.349183
20802, -0.37359
20802.5, -0.361386
20803, -0.379692
20803.5, -0.367488
20804, -0.34003
20804.5, -0.330877
20805, -0.324775
20805.5, -0.358336
20806, -0.358336
20806.5, -0.361386
20807, -0.401049
20807.5, -0.364437
20808, -0.330877
20808.5, -0.343081
20809, -0.343081
20809.5, -0.349183
20810, -0.382743
20810.5, -0.379692
20811, -0.379692
20811.5, -0.315622
20812, -0.315622
20812.5, -0.349183
20813, -0.336979
20813.5, -0.355285
20814, -0.376641
20814.5, -0.379692
20815, -0.391896
20815.5, -0.327826
20816, -0.315622
20816.5, -0.346132
20817, -0.34003
20817.5, -0.361386
20818, -0.382743
20818.5, -0.382743
20819, -0.385794
20819.5, -0.327826
20820, -0.324775
20820.5, -0.355285
20821, -0.324775
20821.5, -0.367488
20822, -0.385794
20822.5, -0.370539
20823, -0.34003
20823.5, -0.346132
20824, -0.333928
20824.5, -0.352234
20825, -0.385794
20825.5, -0.376641
20826, -0.37359
20826.5, -0.37359
20827, -0.30952
20827.5, -0.330877
20828, -0.343081
20828.5, -0.346132
20829, -0.376641
20829.5, -0.379692
20830, -0.361386
20830.5, -0.376641
20831, -0.333928
20831.5, -0.30952
20832, -0.37359
20832.5, -0.343081
20833, -0.379692
20833.5, -0.385794
20834, -0.364437
20834.5, -0.370539
20835, -0.349183
20835.5, -0.324775
20836, -0.37359
20836.5, -0.34003
20837, -0.385794
20837.5, -0.388845
20838, -0.370539
20838.5, -0.34003
20839, -0.361386
20839.5, -0.349183
20840, -0.364437
20840.5, -0.37359
20841, -0.361386
20841.5, -0.388845
20842, -0.382743
20842.5, -0.318673
20843, -0.336979
20843.5, -0.330877
20844, -0.346132
20844.5, -0.370539
20845, -0.367488
20845.5, -0.376641
20846, -0.370539
20846.5, -0.321724
20847, -0.34003
20847.5, -0.336979
20848, -0.364437
20848.5, -0.379692
20849, -0.358336
20849.5, -0.394947
20850, -0.370539
20850.5, -0.318673
20851, -0.349183
20851.5, -0.367488
20852, -0.364437
20852.5, -0.385794
20853, -0.343081
20853.5, -0.370539
20854, -0.379692
20854.5, -0.321724
20855, -0.358336
20855.5, -0.358336
20856, -0.358336
20856.5, -0.394947
20857, -0.361386
20857.5, -0.410202
20858, -0.355285
20858.5, -0.327826
20859, -0.346132
20859.5, -0.333928
20860, -0.361386
20860.5, -0.376641
20861, -0.352234
20861.5, -0.37359
20862, -0.367488
20862.5, -0.346132
20863, -0.361386
20863.5, -0.361386
20864, -0.367488
20864.5, -0.367488
20865, -0.361386
20865.5, -0.364437
20866, -0.361386
20866.5, -0.355285
20867, -0.358336
20867.5, -0.364437
20868, -0.361386
20868.5, -0.376641
20869, -0.364437
20869.5, -0.355285
20870, -0.370539
20870.5, -0.355285
20871, -0.346132
20871.5, -0.364437
20872, -0.37359
20872.5, -0.37359
20873, -0.376641
20873.5, -0.358336
20874, -0.358336
20874.5, -0.352234
20875, -0.370539
20875.5, -0.355285
20876, -0.361386
20876.5, -0.401049
20877, -0.343081
20877.5, -0.355285
20878, -0.361386
20878.5, -0.361386
20879, -0.361386
20879.5, -0.364437
20880, -0.361386
20880.5, -0.352234
20881, -0.364437
20881.5, -0.364437
20882, -0.358336
20882.5, -0.343081
20883, -0.361386
20883.5, -0.355285
20884, -0.37359
20884.5, -0.361386
20885, -0.358336
20885.5, -0.367488
20886, -0.364437
20886.5, -0.364437
20887, -0.370539
20887.5, -0.367488
20888, -0.379692
20888.5, -0.358336
20889, -0.34003
20889.5, -0.367488
20890, -0.346132
20890.5, -0.367488
20891, -0.367488
20891.5, -0.355285
20892, -0.367488
20892.5, -0.376641
20893, -0.358336
20893.5, -0.355285
20894, -0.352234
20894.5, -0.37359
20895, -0.367488
20895.5, -0.364437
20896, -0.376641
20896.5, -0.370539
20897, -0.343081
20897.5, -0.349183
20898, -0.349183
20898.5, -0.352234
20899, -0.367488
20899.5, -0.361386
20900, -0.367488
20900.5, -0.379692
20901, -0.312571
20901.5, -0.34003
20902, -0.352234
20902.5, -0.349183
20903, -0.361386
20903.5, -0.37359
20904, -0.382743
20904.5, -0.355285
20905, -0.346132
20905.5, -0.358336
20906, -0.361386
20906.5, -0.361386
20907, -0.397998
20907.5, -0.37359
20908, -0.349183
20908.5, -0.333928
20909, -0.346132
20909.5, -0.358336
20910, -0.364437
20910.5, -0.367488
20911, -0.382743
20911.5, -0.355285
20912, -0.336979
20912.5, -0.324775
20913, -0.336979
20913.5, -0.349183
20914, -0.385794
20914.5, -0.358336
20915, -0.37359
20915.5, -0.379692
20916, -0.346132
20916.5, -0.333928
20917, -0.346132
20917.5, -0.367488
20918, -0.364437
20918.5, -0.376641
20919, -0.379692
20919.5, -0.364437
20920, -0.343081
20920.5, -0.327826
20921, -0.343081
20921.5, -0.361386
20922, -0.376641
20922.5, -0.376641
20923, -0.379692
20923.5, -0.361386
20924, -0.312571
20924.5, -0.343081
20925, -0.343081
20925.5, -0.364437
20926, -0.352234
20926.5, -0.361386
20927, -0.382743
20927.5, -0.343081
20928, -0.330877
20928.5, -0.352234
20929, -0.330877
20929.5, -0.370539
20930, -0.376641
20930.5, -0.379692
20931, -0.367488
20931.5, -0.336979
20932, -0.333928
20932.5, -0.358336
20933, -0.370539
20933.5, -0.382743
20934, -0.401049
20934.5, -0.382743
20935, -0.330877
20935.5, -0.324775
20936, -0.346132
20936.5, -0.34003
20937, -0.367488
20937.5, -0.37359
20938, -0.367488
20938.5, -0.37359
20939, -0.306469
20939.5, -0.336979
20940, -0.330877
20940.5, -0.349183
20941, -0.361386
20941.5, -0.361386
20942, -0.397998
20942.5, -0.388845
20943, -0.321724
20943.5, -0.346132
20944, -0.34003
20944.5, -0.34003
20945, -0.385794
20945.5, -0.379692
20946, -0.379692
20946.5, -0.333928
20947, -0.306469
20947.5, -0.333928
20948, -0.34003
20948.5, -0.361386
20949, -0.388845
20949.5, -0.382743
20950, -0.376641
20950.5, -0.30952
20951, -0.324775
20951.5, -0.336979
20952, -0.333928
20952.5, -0.388845
20953, -0.376641
20953.5, -0.376641
20954, -0.364437
20954.5, -0.333928
20955, -0.315622
20955.5, -0.333928
20956, -0.358336
20956.5, -0.37359
20957, -0.367488
20957.5, -0.394947
20958, -0.355285
20958.5, -0.306469
20959, -0.346132
20959.5, -0.330877
20960, -0.37359
20960.5, -0.376641
20961, -0.385794
20961.5, -0.394947
20962, -0.327826
20962.5, -0.315622
20963, -0.349183
20963.5, -0.324775
20964, -0.370539
20964.5, -0.382743
20965, -0.352234
20965.5, -0.394947
20966, -0.343081
20966.5, -0.343081
20967, -0.358336
20967.5, -0.346132
20968, -0.376641
20968.5, -0.376641
20969, -0.370539
20969.5, -0.394947
20970, -0.346132
20970.5, -0.327826
20971, -0.367488
20971.5, -0.358336
20972, -0.364437
20972.5, -0.382743
20973, -0.349183
20973.5, -0.312571
20974, -0.367488
20974.5, -0.327826
20975, -0.355285
20975.5, -0.385794
20976, -0.361386
20976.5, -0.391896
20977, -0.358336
20977.5, -0.30952
20978, -0.361386
20978.5, -0.336979
20979, -0.364437
20979.5, -0.382743
20980, -0.361386
20980.5, -0.397998
20981, -0.349183
20981.5, -0.352234
20982, -0.358336
20982.5, -0.358336
20983, -0.352234
20983.5, -0.367488
20984, -0.355285
20984.5, -0.355285
20985, -0.355285
20985.5, -0.355285
20986, -0.358336
20986.5, -0.336979
20987, -0.367488
20987.5, -0.364437
20988, -0.370539
20988.5, -0.382743
20989, -0.358336
20989.5, -0.352234
20990, -0.355285
20990.5, -0.358336
20991, -0.355285
20991.5, -0.361386
20992, -0.355285
20992.5, -0.376641
20993, -0.37359
20993.5, -0.318673
20994, -0.361386
20994.5, -0.358336
20995, -0.355285
20995.5, -0.364437
20996, -0.364437
20996.5, -0.364437
20997, -0.358336
20997.5, -0.333928
20998, -0.361386
20998.5, -0.355285
20999, -0.355285
20999.5, -0.370539
21000, -0.364437
21000.5, -0.370539
21001, -0.355285
21001.5, -0.355285
21002, -0.349183
21002.5, -0.349183
21003, -0.364437
21003.5, -0.361386
21004, -0.361386
21004.5, -0.327826
21005, -0.34003
21005.5, -0.361386
21006, -0.346132
21006.5, -0.352234
21007, -0.370539
21007.5, -0.355285
21008, -0.370539
21008.5, -0.367488
21009, -0.343081
21009.5, -0.370539
21010, -0.333928
21010.5, -0.370539
21011, -0.385794
21011.5, -0.346132
21012, -0.37359
21012.5, -0.355285
21013, -0.343081
21013.5, -0.358336
21014, -0.37359
21014.5, -0.367488
21015, -0.376641
21015.5, -0.355285
21016, -0.352234
21016.5, -0.358336
21017, -0.349183
21017.5, -0.358336
21018, -0.361386
21018.5, -0.361386
21019, -0.376641
21019.5, -0.367488
21020, -0.318673
21020.5, -0.358336
21021, -0.352234
21021.5, -0.346132
21022, -0.37359
21022.5, -0.367488
21023, -0.370539
21023.5, -0.367488
21024, -0.34003
21024.5, -0.361386
21025, -0.34003
21025.5, -0.346132
21026, -0.361386
21026.5, -0.355285
21027, -0.364437
21027.5, -0.336979
21028, -0.327826
21028.5, -0.355285
21029, -0.343081
21029.5, -0.364437
21030, -0.361386
21030.5, -0.352234
21031, -0.37359
21031.5, -0.370539
21032, -0.327826
21032.5, -0.367488
21033, -0.34003
21033.5, -0.37359
21034, -0.367488
21034.5, -0.358336
21035, -0.385794
21035.5, -0.34003
21036, -0.352234
21036.5, -0.361386
21037, -0.336979
21037.5, -0.370539
21038, -0.364437
21038.5, -0.379692
21039, -0.367488
21039.5, -0.346132
21040, -0.364437
21040.5, -0.346132
21041, -0.367488
21041.5, -0.361386
21042, -0.397998
21042.5, -0.376641
21043, -0.327826
21043.5, -0.358336
21044, -0.327826
21044.5, -0.343081
21045, -0.385794
21045.5, -0.367488
21046, -0.394947
21046.5, -0.388845
21047, -0.318673
21047.5, -0.330877
21048, -0.34003
21048.5, -0.358336
21049, -0.388845
21049.5, -0.364437
21050, -0.4041
21050.5, -0.370539
21051, -0.34003
21051.5, -0.336979
21052, -0.327826
21052.5, -0.346132
21053, -0.376641
21053.5, -0.379692
21054, -0.379692
21054.5, -0.355285
21055, -0.30952
21055.5, -0.352234
21056, -0.330877
21056.5, -0.361386
21057, -0.376641
21057.5, -0.37359
21058, -0.382743
21058.5, -0.333928
21059, -0.312571
21059.5, -0.34003
21060, -0.336979
21060.5, -0.367488
21061, -0.385794
21061.5, -0.397998
21062, -0.376641
21062.5, -0.336979
21063, -0.318673
21063.5, -0.349183
21064, -0.343081
21064.5, -0.376641
21065, -0.385794
21065.5, -0.370539
21066, -0.376641
21066.5, -0.349183
21067, -0.336979
21067.5, -0.352234
21068, -0.388845
21068.5, -0.370539
21069, -0.37359
21069.5, -0.370539
21070, -0.30952
21070.5, -0.318673
21071, -0.330877
21071.5, -0.346132
21072, -0.352234
21072.5, -0.382743
21073, -0.376641
21073.5, -0.388845
21074, -0.336979
21074.5, -0.321724
21075, -0.343081
21075.5, -0.330877
21076, -0.370539
21076.5, -0.37359
21077, -0.370539
21077.5, -0.391896
21078, -0.361386
21078.5, -0.333928
21079, -0.361386
21079.5, -0.336979
21080, -0.367488
21080.5, -0.385794
21081, -0.364437
21081.5, -0.330877
21082, -0.364437
21082.5, -0.343081
21083, -0.370539
21083.5, -0.367488
21084, -0.358336
21084.5, -0.385794
21085, -0.379692
21085.5, -0.333928
21086, -0.346132
21086.5, -0.327826
21087, -0.358336
21087.5, -0.385794
21088, -0.361386
21088.5, -0.37359
21089, -0.364437
21089.5, -0.336979
21090, -0.346132
21090.5, -0.34003
21091, -0.361386
21091.5, -0.376641
21092, -0.352234
21092.5, -0.388845
21093, -0.367488
21093.5, -0.336979
21094, -0.355285
21094.5, -0.330877
21095, -0.361386
21095.5, -0.385794
21096, -0.355285
21096.5, -0.379692
21097, -0.37359
21097.5, -0.315622
21098, -0.355285
21098.5, -0.352234
21099, -0.349183
21099.5, -0.364437
21100, -0.364437
21100.5, -0.379692
21101, -0.364437
21101.5, -0.315622
21102, -0.352234
21102.5, -0.318673
21103, -0.364437
21103.5, -0.376641
21104, -0.358336
21104.5, -0.370539
21105, -0.355285
21105.5, -0.355285
21106, -0.364437
21106.5, -0.333928
21107, -0.367488
21107.5, -0.364437
21108, -0.355285
21108.5, -0.364437
21109, -0.358336
21109.5, -0.343081
21110, -0.343081
21110.5, -0.361386
21111, -0.367488
21111.5, -0.370539
21112, -0.37359
21112.5, -0.355285
21113, -0.358336
21113.5, -0.37359
21114, -0.358336
21114.5, -0.37359
21115, -0.355285
21115.5, -0.361386
21116, -0.361386
21116.5, -0.343081
21117, -0.361386
21117.5, -0.346132
21118, -0.358336
21118.5, -0.358336
21119, -0.364437
21119.5, -0.370539
21120, -0.364437
21120.5, -0.349183
21121, -0.367488
21121.5, -0.361386
21122, -0.361386
21122.5, -0.370539
21123, -0.346132
21123.5, -0.358336
21124, -0.343081
21124.5, -0.367488
21125, -0.352234
21125.5, -0.352234
21126, -0.376641
21126.5, -0.349183
21127, -0.376641
21127.5, -0.355285
21128, -0.34003
21128.5, -0.37359
21129, -0.358336
21129.5, -0.358336
21130, -0.364437
21130.5, -0.361386
21131, -0.367488
21131.5, -0.361386
21132, -0.34003
21132.5, -0.312571
21133, -0.349183
21133.5, -0.358336
21134, -0.358336
21134.5, -0.358336
21135, -0.388845
21135.5, -0.358336
21136, -0.333928
21136.5, -0.358336
21137, -0.346132
21137.5, -0.358336
21138, -0.367488
21138.5, -0.346132
21139, -0.37359
21139.5, -0.358336
21140, -0.346132
21140.5, -0.355285
21141, -0.364437
21141.5, -0.367488
21142, -0.364437
21142.5, -0.361386
21143, -0.364437
21143.5, -0.370539
21144, -0.336979
21144.5, -0.358336
21145, -0.343081
21145.5, -0.355285
21146, -0.364437
21146.5, -0.361386
21147, -0.343081
21147.5, -0.370539
21148, -0.330877
21148.5, -0.34003
21149, -0.361386
21149.5, -0.364437
21150, -0.388845
21150.5, -0.364437
21151, -0.346132
21151.5, -0.34003
21152, -0.349183
21152.5, -0.346132
21153, -0.37359
21153.5, -0.364437
21154, -0.382743
21154.5, -0.367488
21155, -0.358336
21155.5, -0.358336
21156, -0.352234
21156.5, -0.361386
21157, -0.376641
21157.5, -0.376641
21158, -0.388845
21158.5, -0.37359
21159, -0.330877
21159.5, -0.349183
21160, -0.361386
21160.5, -0.346132
21161, -0.385794
21161.5, -0.385794
21162, -0.367488
21162.5, -0.330877
21163, -0.330877
21163.5, -0.346132
21164, -0.330877
21164.5, -0.358336
21165, -0.401049
21165.5, -0.37359
21166, -0.394947
21166.5, -0.358336
21167, -0.324775
21167.5, -0.355285
21168, -0.333928
21168.5, -0.37359
21169, -0.367488
21169.5, -0.376641
21170, -0.391896
21170.5, -0.343081
21171, -0.300367
21171.5, -0.346132
21172, -0.343081
21172.5, -0.376641
21173, -0.385794
21173.5, -0.382743
21174, -0.397998
21174.5, -0.336979
21175, -0.324775
21175.5, -0.355285
21176, -0.379692
21176.5, -0.358336
21177, -0.394947
21177.5, -0.370539
21178, -0.306469
21178.5, -0.333928
21179, -0.336979
21179.5, -0.318673
21180, -0.382743
21180.5, -0.388845
21181, -0.367488
21181.5, -0.385794
21182, -0.30952
21182.5, -0.349183
21183, -0.364437
21183.5, -0.330877
21184, -0.385794
21184.5, -0.37359
21185, -0.37359
21185.5, -0.37359
21186, -0.336979
21186.5, -0.333928
21187, -0.336979
21187.5, -0.333928
21188, -0.394947
21188.5, -0.379692
21189, -0.37359
21189.5, -0.358336
21190, -0.330877
21190.5, -0.34003
21191, -0.355285
21191.5, -0.355285
21192, -0.382743
21192.5, -0.361386
21193, -0.4041
21193.5, -0.327826
21194, -0.318673
21194.5, -0.330877
21195, -0.370539
21195.5, -0.382743
21196, -0.352234
21196.5, -0.361386
21197, -0.370539
21197.5, -0.327826
21198, -0.343081
21198.5, -0.327826
21199, -0.349183
21199.5, -0.388845
21200, -0.367488
21200.5, -0.367488
21201, -0.382743
21201.5, -0.318673
21202, -0.321724
21202.5, -0.343081
21203, -0.361386
21203.5, -0.361386
21204, -0.364437
21204.5, -0.388845
21205, -0.355285
21205.5, -0.336979
21206, -0.352234
21206.5, -0.346132
21207, -0.37359
21207.5, -0.382743
21208, -0.367488
21208.5, -0.382743
21209, -0.343081
21209.5, -0.315622
21210, -0.352234
21210.5, -0.346132
21211, -0.355285
21211.5, -0.37359
21212, -0.37359
21212.5, -0.4041
21213, -0.364437
21213.5, -0.321724
21214, -0.358336
21214.5, -0.358336
21215, -0.37359
21215.5, -0.37359
21216, -0.367488
21216.5, -0.324775
21217, -0.358336
21217.5, -0.34003
21218, -0.364437
21218.5, -0.382743
21219, -0.364437
21219.5, -0.370539
21220, -0.364437
21220.5, -0.318673
21221, -0.364437
21221.5, -0.379692
21222, -0.343081
21222.5, -0.367488
21223, -0.37359
21223.5, -0.361386
21224, -0.382743
21224.5, -0.346132
21225, -0.364437
21225.5, -0.343081
21226, -0.361386
21226.5, -0.358336
21227, -0.358336
21227.5, -0.361386
21228, -0.358336
21228.5, -0.336979
21229, -0.349183
21229.5, -0.370539
21230, -0.367488
21230.5, -0.355285
21231, -0.370539
21231.5, -0.358336
21232, -0.352234
21232.5, -0.361386
21233, -0.358336
21233.5, -0.358336
21234, -0.352234
21234.5, -0.352234
21235, -0.379692
21235.5, -0.376641
21236, -0.364437
21236.5, -0.34003
21237, -0.343081
21237.5, -0.367488
21238, -0.370539
21238.5, -0.37359
21239, -0.37359
21239.5, -0.352234
21240, -0.361386
21240.5, -0.364437
21241, -0.358336
21241.5, -0.364437
21242, -0.364437
21242.5, -0.358336
21243, -0.358336
21243.5, -0.364437
21244, -0.364437
21244.5, -0.352234
21245, -0.355285
21245.5, -0.355285
21246, -0.37359
21246.5, -0.364437
21247, -0.361386
21247.5, -0.370539
21248, -0.352234
21248.5, -0.352234
21249, -0.352234
21249.5, -0.370539
21250, -0.376641
21250.5, -0.355285
21251, -0.37359
21251.5, -0.370539
21252, -0.315622
21252.5, -0.358336
21253, -0.34003
21253.5, -0.370539
21254, -0.37359
21254.5, -0.361386
21255, -0.379692
21255.5, -0.352234
21256, -0.336979
21256.5, -0.346132
21257, -0.367488
21257.5, -0.361386
21258, -0.37359
21258.5, -0.361386
21259, -0.343081
21259.5, -0.370539
21260, -0.346132
21260.5, -0.346132
21261, -0.367488
21261.5, -0.367488
21262, -0.379692
21262.5, -0.370539
21263, -0.343081
21263.5, -0.355285
21264, -0.336979
21264.5, -0.346132
21265, -0.352234
21265.5, -0.367488
21266, -0.367488
21266.5, -0.367488
21267, -0.330877
21267.5, -0.358336
21268, -0.352234
21268.5, -0.355285
21269, -0.385794
21269.5, -0.364437
21270, -0.37359
21270.5, -0.352234
21271, -0.336979
21271.5, -0.352234
21272, -0.352234
21272.5, -0.361386
21273, -0.370539
21273.5, -0.367488
21274, -0.376641
21274.5, -0.361386
21275, -0.34003
21275.5, -0.355285
21276, -0.352234
21276.5, -0.364437
21277, -0.370539
21277.5, -0.37359
21278, -0.376641
21278.5, -0.352234
21279, -0.336979
21279.5, -0.333928
21280, -0.333928
21280.5, -0.367488
21281, -0.370539
21281.5, -0.37359
21282, -0.385794
21282.5, -0.34003
21283, -0.34003
21283.5, -0.349183
21284, -0.352234
21284.5, -0.385794
21285, -0.367488
21285.5, -0.37359
21286, -0.312571
21286.5, -0.346132
21287, -0.355285
21287.5, -0.355285
21288, -0.382743
21288.5, -0.370539
21289, -0.391896
21289.5, -0.382743
21290, -0.315622
21290.5, -0.355285
21291, -0.321724
21291.5, -0.361386
21292, -0.391896
21292.5, -0.358336
21293, -0.388845
21293.5, -0.37359
21294, -0.315622
21294.5, -0.346132
21295, -0.336979
21295.5, -0.349183
21296, -0.382743
21296.5, -0.364437
21297, -0.397998
21297.5, -0.361386
21298, -0.349183
21298.5, -0.34003
21299, -0.330877
21299.5, -0.379692
21300, -0.376641
21300.5, -0.37359
21301, -0.388845
21301.5, -0.343081
21302, -0.318673
21302.5, -0.333928
21303, -0.349183
21303.5, -0.355285
21304, -0.376641
21304.5, -0.376641
21305, -0.394947
21305.5, -0.343081
21306, -0.343081
21306.5, -0.324775
21307, -0.370539
21307.5, -0.367488
21308, -0.37359
21308.5, -0.391896
21309, -0.391896
21309.5, -0.318673
21310, -0.312571
21310.5, -0.312571
21311, -0.364437
21311.5, -0.370539
21312, -0.364437
21312.5, -0.370539
21313, -0.361386
21313.5, -0.321724
21314, -0.367488
21314.5, -0.355285
21315, -0.37359
21315.5, -0.382743
21316, -0.379692
21316.5, -0.382743
21317, -0.327826
21317.5, -0.318673
21318, -0.367488
21318.5, -0.358336
21319, -0.379692
21319.5, -0.376641
21320, -0.358336
21320.5, -0.385794
21321, -0.346132
21321.5, -0.312571
21322, -0.364437
21322.5, -0.336979
21323, -0.361386
21323.5, -0.379692
21324, -0.367488
21324.5, -0.388845
21325, -0.358336
21325.5, -0.303418
21326, -0.37359
21326.5, -0.376641
21327, -0.349183
21327.5, -0.401049
21328, -0.358336
21328.5, -0.324775
21329, -0.367488
21329.5, -0.349183
21330, -0.379692
21330.5, -0.388845
21331, -0.367488
21331.5, -0.37359
21332, -0.358336
21332.5, -0.30952
21333, -0.358336
21333.5, -0.361386
21334, -0.367488
21334.5, -0.37359
21335, -0.37359
21335.5, -0.394947
21336, -0.352234
21336.5, -0.330877
21337, -0.358336
21337.5, -0.336979
21338, -0.367488
21338.5, -0.376641
21339, -0.370539
21339.5, -0.401049
21340, -0.376641
21340.5, -0.330877
21341, -0.355285
21341.5, -0.355285
21342, -0.367488
21342.5, -0.364437
21343, -0.355285
21343.5, -0.397998
21344, -0.355285
21344.5, -0.349183
21345, -0.358336
21345.5, -0.370539
21346, -0.367488
21346.5, -0.355285
21347, -0.370539
21347.5, -0.382743
21348, -0.358336
21348.5, -0.346132
21349, -0.364437
21349.5, -0.352234
21350, -0.370539
21350.5, -0.367488
21351, -0.367488
21351.5, -0.355285
21352, -0.358336
21352.5, -0.358336
21353, -0.349183
21353.5, -0.364437
21354, -0.364437
21354.5, -0.355285
21355, -0.376641
21355.5, -0.352234
21356, -0.355285
21356.5, -0.333928
21357, -0.352234
21357.5, -0.376641
21358, -0.361386
21358.5, -0.367488
21359, -0.382743
21359.5, -0.352234
21360, -0.364437
21360.5, -0.355285
21361, -0.370539
21361.5, -0.352234
21362, -0.361386
21362.5, -0.370539
21363, -0.364437
21363.5, -0.352234
21364, -0.361386
21364.5, -0.361386
21365, -0.361386
21365.5, -0.355285
21366, -0.376641
21366.5, -0.367488
21367, -0.367488
21367.5, -0.358336
21368, -0.34003
21368.5, -0.361386
21369, -0.376641
21369.5, -0.358336
21370, -0.379692
21370.5, -0.355285
21371, -0.352234
21371.5, -0.358336
21372, -0.336979
21372.5, -0.367488
21373, -0.364437
21373.5, -0.364437
21374, -0.394947
21374.5, -0.358336
21375, -0.346132
21375.5, -0.370539
21376, -0.349183
21376.5, -0.358336
21377, -0.358336
21377.5, -0.364437
21378, -0.367488
21378.5, -0.355285
21379, -0.349183
21379.5, -0.349183
21380, -0.34003
21380.5, -0.361386
21381, -0.352234
21381.5, -0.370539
21382, -0.379692
21382.5, -0.346132
21383, -0.333928
21383.5, -0.355285
21384, -0.352234
21384.5, -0.37359
21385, -0.364437
21385.5, -0.379692
21386, -0.364437
21386.5, -0.367488
21387, -0.333928
21387.5, -0.349183
21388, -0.349183
21388.5, -0.379692
21389, -0.370539
21389.5, -0.364437
21390, -0.37359
21390.5, -0.379692
21391, -0.312571
21391.5, -0.34003
21392, -0.346132
21392.5, -0.361386
21393, -0.364437
21393.5, -0.37359
21394, -0.34003
21394.5, -0.336979
21395, -0.361386
21395.5, -0.355285
21396, -0.355285
21396.5, -0.376641
21397, -0.367488
21397.5, -0.37359
21398, -0.346132
21398.5, -0.324775
21399, -0.336979
21399.5, -0.361386
21400, -0.346132
21400.5, -0.364437
21401, -0.382743
21401.5, -0.376641
21402, -0.324775
21402.5, -0.352234
21403, -0.336979
21403.5, -0.346132
21404, -0.379692
21404.5, -0.379692
21405, -0.364437
21405.5, -0.376641
21406, -0.355285
21406.5, -0.343081
21407, -0.346132
21407.5, -0.349183
21408, -0.361386
21408.5, -0.379692
21409, -0.367488
21409.5, -0.349183
21410, -0.327826
21410.5, -0.346132
21411, -0.34003
21411.5, -0.376641
21412, -0.385794
21412.5, -0.370539
21413, -0.388845
21413.5, -0.327826
21414, -0.327826
21414.5, -0.355285
21415, -0.336979
21415.5, -0.379692
21416, -0.379692
21416.5, -0.370539
21417, -0.401049
21417.5, -0.312571
21418, -0.333928
21418.5, -0.349183
21419, -0.346132
21419.5, -0.367488
21420, -0.385794
21420.5, -0.382743
21421, -0.37359
21421.5, -0.336979
21422, -0.352234
21422.5, -0.355285
21423, -0.379692
21423.5, -0.364437
21424, -0.37359
21424.5, -0.367488
21425, -0.330877
21425.5, -0.321724
21426, -0.34003
21426.5, -0.343081
21427, -0.376641
21427.5, -0.376641
21428, -0.388845
21428.5, -0.382743
21429, -0.312571
21429.5, -0.343081
21430, -0.358336
21430.5, -0.330877
21431, -0.37359
21431.5, -0.367488
21432, -0.385794
21432.5, -0.391896
21433, -0.346132
21433.5, -0.346132
21434, -0.355285
21434.5, -0.355285
21435, -0.388845
21435.5, -0.382743
21436, -0.385794
21436.5, -0.333928
21437, -0.349183
21437.5, -0.349183
21438, -0.370539
21438.5, -0.379692
21439, -0.364437
21439.5, -0.388845
21440, -0.388845
21440.5, -0.312571
21441, -0.343081
21441.5, -0.327826
21442, -0.355285
21442.5, -0.37359
21443, -0.367488
21443.5, -0.382743
21444, -0.379692
21444.5, -0.315622
21445, -0.336979
21445.5, -0.34003
21446, -0.364437
21446.5, -0.382743
21447, -0.367488
21447.5, -0.388845
21448, -0.37359
21448.5, -0.324775
21449, -0.358336
21449.5, -0.346132
21450, -0.370539
21450.5, -0.37359
21451, -0.367488
21451.5, -0.382743
21452, -0.352234
21452.5, -0.336979
21453, -0.352234
21453.5, -0.346132
21454, -0.367488
21454.5, -0.382743
21455, -0.361386
21455.5, -0.361386
21456, -0.361386
21456.5, -0.330877
21457, -0.367488
21457.5, -0.349183
21458, -0.361386
21458.5, -0.391896
21459, -0.370539
21459.5, -0.37359
21460, -0.361386
21460.5, -0.333928
21461, -0.367488
21461.5, -0.376641
21462, -0.361386
21462.5, -0.388845
21463, -0.364437
21463.5, -0.333928
21464, -0.367488
21464.5, -0.336979
21465, -0.364437
21465.5, -0.352234
21466, -0.367488
21466.5, -0.37359
21467, -0.364437
21467.5, -0.346132
21468, -0.367488
21468.5, -0.352234
21469, -0.361386
21469.5, -0.358336
21470, -0.370539
21470.5, -0.364437
21471, -0.355285
21471.5, -0.361386
21472, -0.361386
21472.5, -0.361386
21473, -0.358336
21473.5, -0.364437
21474, -0.376641
21474.5, -0.37359
21475, -0.358336
21475.5, -0.349183
21476, -0.349183
21476.5, -0.361386
21477, -0.370539
21477.5, -0.361386
21478, -0.358336
21478.5, -0.352234
21479, -0.343081
21479.5, -0.346132
21480, -0.34003
21480.5, -0.364437
21481, -0.361386
21481.5, -0.379692
21482, -0.364437
21482.5, -0.355285
21483, -0.333928
21483.5, -0.364437
21484, -0.352234
21484.5, -0.330877
21485, -0.37359
21485.5, -0.370539
21486, -0.37359
21486.5, -0.355285
21487, -0.367488
21487.5, -0.336979
21488, -0.355285
21488.5, -0.358336
21489, -0.37359
21489.5, -0.358336
21490, -0.370539
21490.5, -0.382743
21491, -0.333928
21491.5, -0.370539
21492, -0.364437
21492.5, -0.355285
21493, -0.367488
21493.5, -0.352234
21494, -0.37359
21494.5, -0.367488
21495, -0.318673
21495.5, -0.355285
21496, -0.327826
21496.5, -0.358336
21497, -0.367488
21497.5, -0.349183
21498, -0.388845
21498.5, -0.355285
21499, -0.346132
21499.5, -0.346132
21500, -0.346132
21500.5, -0.355285
21501, -0.361386
21501.5, -0.355285
21502, -0.37359
21502.5, -0.364437
21503, -0.346132
21503.5, -0.352234
21504, -0.34003
21504.5, -0.364437
21505, -0.364437
21505.5, -0.370539
21506, -0.346132
21506.5, -0.355285
21507, -0.352234
21507.5, -0.343081
21508, -0.376641
21508.5, -0.370539
21509, -0.37359
21509.5, -0.370539
21510, -0.321724
21510.5, -0.364437
21511, -0.343081
21511.5, -0.343081
21512, -0.367488
21512.5, -0.376641
21513, -0.382743
21513.5, -0.376641
21514, -0.349183
21514.5, -0.336979
21515, -0.34003
21515.5, -0.343081
21516, -0.367488
21516.5, -0.370539
21517, -0.388845
21517.5, -0.349183
21518, -0.315622
21518.5, -0.349183
21519, -0.34003
21519.5, -0.367488
21520, -0.370539
21520.5, -0.352234
21521, -0.370539
21521.5, -0.358336
21522, -0.333928
21522.5, -0.352234
21523, -0.321724
21523.5, -0.352234
21524, -0.370539
21524.5, -0.364437
21525, -0.391896
21525.5, -0.324775
21526, -0.312571
21526.5, -0.34003
21527, -0.346132
21527.5, -0.37359
21528, -0.379692
21528.5, -0.388845
21529, -0.361386
21529.5, -0.349183
21530, -0.330877
21530.5, -0.336979
21531, -0.391896
21531.5, -0.367488
21532, -0.397998
21532.5, -0.382743
21533, -0.306469
21533.5, -0.333928
21534, -0.352234
21534.5, -0.346132
21535, -0.379692
21535.5, -0.376641
21536, -0.394947
21536.5, -0.385794
21537, -0.315622
21537.5, -0.352234
21538, -0.336979
21538.5, -0.349183
21539, -0.385794
21539.5, -0.382743
21540, -0.388845
21540.5, -0.37359
21541, -0.327826
21541.5, -0.352234
21542, -0.321724
21542.5, -0.349183
21543, -0.382743
21543.5, -0.385794
21544, -0.379692
21544.5, -0.34003
21545, -0.324775
21545.5, -0.349183
21546, -0.336979
21546.5, -0.370539
21547, -0.379692
21547.5, -0.394947
21548, -0.376641
21548.5, -0.349183
21549, -0.37359
21549.5, -0.330877
21550, -0.391896
21550.5, -0.361386
21551, -0.361386
21551.5, -0.376641
21552, -0.382743
21552.5, -0.346132
21553, -0.30952
21553.5, -0.355285
21554, -0.382743
21554.5, -0.382743
21555, -0.388845
21555.5, -0.391896
21556, -0.385794
21556.5, -0.336979
21557, -0.349183
21557.5, -0.361386
21558, -0.364437
21558.5, -0.376641
21559, -0.37359
21559.5, -0.385794
21560, -0.361386
21560.5, -0.327826
21561, -0.355285
21561.5, -0.321724
21562, -0.336979
21562.5, -0.379692
21563, -0.364437
21563.5, -0.391896
21564, -0.364437
21564.5, -0.318673
21565, -0.358336
21565.5, -0.336979
21566, -0.352234
21566.5, -0.376641
21567, -0.358336
21567.5, -0.382743
21568, -0.327826
21568.5, -0.318673
21569, -0.37359
21569.5, -0.324775
21570, -0.358336
21570.5, -0.379692
21571, -0.355285
21571.5, -0.312571
21572, -0.358336
21572.5, -0.327826
21573, -0.367488
21573.5, -0.37359
21574, -0.367488
21574.5, -0.379692
21575, -0.361386
21575.5, -0.318673
21576, -0.358336
21576.5, -0.336979
21577, -0.349183
21577.5, -0.382743
21578, -0.370539
21578.5, -0.367488
21579, -0.358336
21579.5, -0.318673
21580, -0.361386
21580.5, -0.34003
21581, -0.349183
21581.5, -0.37359
21582, -0.352234
21582.5, -0.382743
21583, -0.370539
21583.5, -0.327826
21584, -0.364437
21584.5, -0.370539
21585, -0.364437
21585.5, -0.379692
21586, -0.370539
21586.5, -0.385794
21587, -0.364437
21587.5, -0.324775
21588, -0.355285
21588.5, -0.364437
21589, -0.37359
21589.5, -0.367488
21590, -0.361386
21590.5, -0.382743
21591, -0.367488
21591.5, -0.376641
21592, -0.352234
21592.5, -0.358336
21593, -0.37359
21593.5, -0.370539
21594, -0.376641
21594.5, -0.370539
21595, -0.34003
21595.5, -0.364437
21596, -0.346132
21596.5, -0.376641
21597, -0.361386
21597.5, -0.364437
21598, -0.361386
21598.5, -0.352234
21599, -0.349183
21599.5, -0.379692
21600, -0.355285
21600.5, -0.364437
21601, -0.361386
21601.5, -0.361386
21602, -0.367488
21602.5, -0.361386
21603, -0.34003
21603.5, -0.355285
21604, -0.346132
21604.5, -0.37359
21605, -0.361386
21605.5, -0.370539
21606, -0.376641
21606.5, -0.361386
21607, -0.349183
21607.5, -0.349183
21608, -0.358336
21608.5, -0.364437
21609, -0.367488
21609.5, -0.364437
21610, -0.37359
21610.5, -0.370539
21611, -0.355285
21611.5, -0.349183
21612, -0.37359
21612.5, -0.37359
21613, -0.37359
21613.5, -0.37359
21614, -0.355285
21614.5, -0.370539
21615, -0.358336
21615.5, -0.364437
21616, -0.364437
21616.5, -0.364437
21617, -0.379692
21617.5, -0.349183
21618, -0.346132
21618.5, -0.361386
21619, -0.358336
21619.5, -0.364437
21620, -0.37359
21620.5, -0.370539
21621, -0.376641
21621.5, -0.358336
21622, -0.336979
21622.5, -0.355285
21623, -0.330877
21623.5, -0.352234
21624, -0.361386
21624.5, -0.361386
21625, -0.382743
21625.5, -0.367488
21626, -0.333928
21626.5, -0.346132
21627, -0.346132
21627.5, -0.361386
21628, -0.355285
21628.5, -0.367488
21629, -0.376641
21629.5, -0.34003
21630, -0.318673
21630.5, -0.343081
21631, -0.352234
21631.5, -0.361386
21632, -0.364437
21632.5, -0.370539
21633, -0.37359
21633.5, -0.333928
21634, -0.330877
21634.5, -0.330877
21635, -0.352234
21635.5, -0.364437
21636, -0.370539
21636.5, -0.382743
21637, -0.370539
21637.5, -0.355285
21638, -0.336979
21638.5, -0.358336
21639, -0.352234
21639.5, -0.37359
21640, -0.364437
21640.5, -0.379692
21641, -0.34003
21641.5, -0.34003
21642, -0.312571
21642.5, -0.349183
21643, -0.364437
21643.5, -0.376641
21644, -0.379692
21644.5, -0.370539
21645, -0.327826
21645.5, -0.321724
21646, -0.330877
21646.5, -0.349183
21647, -0.388845
21647.5, -0.385794
21648, -0.385794
21648.5, -0.385794
21649, -0.324775
21649.5, -0.321724
21650, -0.330877
21650.5, -0.349183
21651, -0.388845
21651.5, -0.37359
21652, -0.370539
21652.5, -0.336979
21653, -0.321724
21653.5, -0.336979
21654, -0.355285
21654.5, -0.367488
21655, -0.379692
21655.5, -0.376641
21656, -0.397998
21656.5, -0.324775
21657, -0.312571
21657.5, -0.352234
21658, -0.34003
21658.5, -0.364437
21659, -0.391896
21659.5, -0.376641
21660, -0.394947
21660.5, -0.312571
21661, -0.34003
21661.5, -0.346132
21662, -0.358336
21662.5, -0.385794
21663, -0.376641
21663.5, -0.388845
21664, -0.388845
21664.5, -0.330877
21665, -0.336979
21665.5, -0.343081
21666, -0.37359
21666.5, -0.358336
21667, -0.379692
21667.5, -0.385794
21668, -0.358336
21668.5, -0.306469
21669, -0.364437
21669.5, -0.34003
21670, -0.382743
21670.5, -0.370539
21671, -0.364437
21671.5, -0.388845
21672, -0.330877
21672.5, -0.330877
21673, -0.370539
21673.5, -0.321724
21674, -0.388845
21674.5, -0.37359
21675, -0.37359
21675.5, -0.391896
21676, -0.346132
21676.5, -0.376641
21677, -0.361386
21677.5, -0.318673
21678, -0.364437
21678.5, -0.382743
21679, -0.37359
21679.5, -0.355285
21680, -0.333928
21680.5, -0.336979
21681, -0.355285
21681.5, -0.385794
21682, -0.358336
21682.5, -0.379692
21683, -0.379692
21683.5, -0.306469
21684, -0.343081
21684.5, -0.333928
21685, -0.370539
21685.5, -0.388845
21686, -0.364437
21686.5, -0.391896
21687, -0.370539
21687.5, -0.297316
21688, -0.361386
21688.5, -0.321724
21689, -0.367488
21689.5, -0.388845
21690, -0.370539
21690.5, -0.388845
21691, -0.358336
21691.5, -0.297316
21692, -0.346132
21692.5, -0.327826
21693, -0.379692
21693.5, -0.388845
21694, -0.361386
21694.5, -0.4041
21695, -0.361386
21695.5, -0.324775
21696, -0.367488
21696.5, -0.349183
21697, -0.367488
21697.5, -0.391896
21698, -0.379692
21698.5, -0.401049
21699, -0.358336
21699.5, -0.315622
21700, -0.355285
21700.5, -0.333928
21701, -0.37359
21701.5, -0.385794
21702, -0.367488
21702.5, -0.410202
21703, -0.358336
21703.5, -0.343081
21704, -0.346132
21704.5, -0.336979
21705, -0.361386
21705.5, -0.382743
21706, -0.352234
21706.5, -0.367488
21707, -0.370539
21707.5, -0.346132
21708, -0.355285
21708.5, -0.376641
21709, -0.37359
21709.5, -0.385794
21710, -0.352234
21710.5, -0.315622
21711, -0.358336
21711.5, -0.361386
21712, -0.34003
21712.5, -0.391896
21713, -0.379692
21713.5, -0.367488
21714, -0.37359
21714.5, -0.361386
21715, -0.352234
21715.5, -0.364437
21716, -0.367488
21716.5, -0.352234
21717, -0.37359
21717.5, -0.355285
21718, -0.37359
21718.5, -0.352234
21719, -0.352234
21719.5, -0.358336
21720, -0.352234
21720.5, -0.361386
21721, -0.37359
21721.5, -0.361386
21722, -0.349183
21722.5, -0.346132
21723, -0.355285
21723.5, -0.370539
21724, -0.364437
21724.5, -0.361386
21725, -0.376641
21725.5, -0.376641
21726, -0.355285
21726.5, -0.367488
21727, -0.358336
21727.5, -0.364437
21728, -0.367488
21728.5, -0.376641
21729, -0.379692
21729.5, -0.358336
21730, -0.376641
21730.5, -0.361386
21731, -0.358336
21731.5, -0.364437
21732, -0.37359
21732.5, -0.370539
21733, -0.37359
21733.5, -0.379692
21734, -0.355285
21734.5, -0.361386
21735, -0.34003
21735.5, -0.361386
21736, -0.376641
21736.5, -0.361386
21737, -0.37359
21737.5, -0.382743
21738, -0.336979
21738.5, -0.358336
21739, -0.34003
21739.5, -0.367488
21740, -0.382743
21740.5, -0.346132
21741, -0.385794
21741.5, -0.364437
21742, -0.318673
21742.5, -0.346132
21743, -0.343081
21743.5, -0.367488
21744, -0.367488
21744.5, -0.352234
21745, -0.376641
21745.5, -0.358336
21746, -0.333928
21746.5, -0.376641
21747, -0.349183
21747.5, -0.376641
21748, -0.379692
21748.5, -0.361386
21749, -0.333928
21749.5, -0.367488
21750, -0.333928
21750.5, -0.349183
21751, -0.358336
21751.5, -0.367488
21752, -0.379692
21752.5, -0.394947
21753, -0.333928
21753.5, -0.361386
21754, -0.349183
21754.5, -0.333928
21755, -0.379692
21755.5, -0.367488
21756, -0.391896
21756.5, -0.370539
21757, -0.327826
21757.5, -0.349183
21758, -0.324775
21758.5, -0.355285
21759, -0.364437
21759.5, -0.358336
21760, -0.4041
21760.5, -0.376641
21761, -0.324775
21761.5, -0.367488
21762, -0.343081
21762.5, -0.352234
21763, -0.385794
21763.5, -0.367488
21764, -0.385794
21764.5, -0.324775
21765, -0.34003
21765.5, -0.336979
21766, -0.34003
21766.5, -0.385794
21767, -0.376641
21767.5, -0.394947
21768, -0.385794
21768.5, -0.330877
21769, -0.303418
21769.5, -0.352234
21770, -0.333928
21770.5, -0.37359
21771, -0.367488
21771.5, -0.397998
21772, -0.385794
21772.5, -0.376641
21773, -0.30952
21773.5, -0.343081
21774, -0.336979
21774.5, -0.364437
21775, -0.376641
21775.5, -0.382743
21776, -0.37359
21776.5, -0.327826
21777, -0.312571
21777.5, -0.346132
21778, -0.391896
21778.5, -0.367488
21779, -0.407151
21779.5, -0.394947
21780, -0.312571
21780.5, -0.321724
21781, -0.30952
21781.5, -0.34003
21782, -0.391896
21782.5, -0.370539
21783, -0.385794
21783.5, -0.385794
21784, -0.306469
21784.5, -0.330877
21785, -0.333928
21785.5, -0.324775
21786, -0.379692
21786.5, -0.370539
21787, -0.385794
21787.5, -0.352234
21788, -0.324775
21788.5, -0.306469
21789, -0.333928
21789.5, -0.367488
21790, -0.379692
21790.5, -0.382743
21791, -0.397998
21791.5, -0.312571
21792, -0.349183
21792.5, -0.343081
21793, -0.343081
21793.5, -0.37359
21794, -0.364437
21794.5, -0.394947
21795, -0.401049
21795.5, -0.300367
21796, -0.343081
21796.5, -0.330877
21797, -0.352234
21797.5, -0.37359
21798, -0.385794
21798.5, -0.388845
21799, -0.391896
21799.5, -0.321724
21800, -0.346132
21800.5, -0.349183
21801, -0.364437
21801.5, -0.370539
21802, -0.367488
21802.5, -0.379692
21803, -0.370539
21803.5, -0.291214
21804, -0.343081
21804.5, -0.367488
21805, -0.364437
21805.5, -0.394947
21806, -0.388845
21806.5, -0.391896
21807, -0.376641
21807.5, -0.318673
21808, -0.352234
21808.5, -0.346132
21809, -0.361386
21809.5, -0.379692
21810, -0.364437
21810.5, -0.397998
21811, -0.34003
21811.5, -0.315622
21812, -0.361386
21812.5, -0.34003
21813, -0.361386
21813.5, -0.388845
21814, -0.355285
21814.5, -0.391896
21815, -0.327826
21815.5, -0.312571
21816, -0.367488
21816.5, -0.358336
21817, -0.367488
21817.5, -0.367488
21818, -0.361386
21818.5, -0.315622
21819, -0.37359
21819.5, -0.349183
21820, -0.361386
21820.5, -0.391896
21821, -0.382743
21821.5, -0.385794
21822, -0.370539
21822.5, -0.321724
21823, -0.37359
21823.5, -0.349183
21824, -0.355285
21824.5, -0.394947
21825, -0.367488
21825.5, -0.379692
21826, -0.367488
21826.5, -0.303418
21827, -0.367488
21827.5, -0.336979
21828, -0.358336
21828.5, -0.37359
21829, -0.364437
21829.5, -0.361386
21830, -0.37359
21830.5, -0.321724
21831, -0.355285
21831.5, -0.34003
21832, -0.352234
21832.5, -0.382743
21833, -0.355285
21833.5, -0.376641
21834, -0.355285
21834.5, -0.324775
21835, -0.352234
21835.5, -0.358336
21836, -0.382743
21836.5, -0.358336
21837, -0.364437
21837.5, -0.394947
21838, -0.37359
21838.5, -0.358336
21839, -0.346132
21839.5, -0.367488
21840, -0.385794
21840.5, -0.367488
21841, -0.379692
21841.5, -0.385794
21842, -0.367488
21842.5, -0.349183
21843, -0.352234
21843.5, -0.37359
21844, -0.379692
21844.5, -0.358336
21845, -0.37359
21845.5, -0.367488
21846, -0.352234
21846.5, -0.358336
21847, -0.349183
21847.5, -0.364437
21848, -0.364437
21848.5, -0.358336
21849, -0.364437
21849.5, -0.37359
21850, -0.352234
21850.5, -0.352234
21851, -0.34003
21851.5, -0.367488
21852, -0.358336
21852.5, -0.367488
21853, -0.376641
21853.5, -0.352234
21854, -0.333928
21854.5, -0.346132
21855, -0.34003
21855.5, -0.367488
21856, -0.361386
21856.5, -0.367488
21857, -0.349183
21857.5, -0.370539
21858, -0.315622
21858.5, -0.364437
21859, -0.352234
21859.5, -0.364437
21860, -0.37359
21860.5, -0.364437
21861, -0.343081
21861.5, -0.370539
21862, -0.330877
21862.5, -0.349183
21863, -0.37359
21863.5, -0.370539
21864, -0.388845
21864.5, -0.364437
21865, -0.333928
21865.5, -0.37359
21866, -0.34003
21866.5, -0.358336
21867, -0.370539
21867.5, -0.355285
21868, -0.391896
21868.5, -0.37359
21869, -0.30952
21869.5, -0.355285
21870, -0.34003
21870.5, -0.355285
21871, -0.361386
21871.5, -0.382743
21872, -0.367488
21872.5, -0.364437
21873, -0.327826
21873.5, -0.346132
21874, -0.346132
21874.5, -0.370539
21875, -0.367488
21875.5, -0.358336
21876, -0.391896
21876.5, -0.370539
21877, -0.324775
21877.5, -0.358336
21878, -0.349183
21878.5, -0.376641
21879, -0.394947
21879.5, -0.346132
21880, -0.382743
21880.5, -0.355285
21881, -0.294265
21881.5, -0.343081
21882, -0.346132
21882.5, -0.385794
21883, -0.385794
21883.5, -0.367488
21884, -0.355285
21884.5, -0.346132
21885, -0.300367
21885.5, -0.358336
21886, -0.343081
21886.5, -0.364437
21887, -0.391896
21887.5, -0.364437
21888, -0.315622
21888.5, -0.346132
21889, -0.34003
21889.5, -0.355285
21890, -0.367488
21890.5, -0.385794
21891, -0.397998
21891.5, -0.376641
21892, -0.306469
21892.5, -0.327826
21893, -0.327826
21893.5, -0.330877
21894, -0.385794
21894.5, -0.388845
21895, -0.385794
21895.5, -0.37359
21896, -0.321724
21896.5, -0.330877
21897, -0.327826
21897.5, -0.352234
21898, -0.391896
21898.5, -0.37359
21899, -0.388845
21899.5, -0.343081
21900, -0.300367
21900.5, -0.352234
21901, -0.355285
21901.5, -0.364437
21902, -0.391896
21902.5, -0.370539
21903, -0.394947
21903.5, -0.34003
21904, -0.312571
21904.5, -0.358336
21905, -0.30952
21905.5, -0.355285
21906, -0.382743
21906.5, -0.376641
21907, -0.401049
21907.5, -0.343081
21908, -0.330877
21908.5, -0.327826
21909, -0.34003
21909.5, -0.355285
21910, -0.37359
21910.5, -0.382743
21911, -0.4041
21911.5, -0.312571
21912, -0.333928
21912.5, -0.349183
21913, -0.355285
21913.5, -0.361386
21914, -0.385794
21914.5, -0.379692
21915, -0.300367
21915.5, -0.352234
21916, -0.361386
21916.5, -0.336979
21917, -0.379692
21917.5, -0.358336
21918, -0.379692
21918.5, -0.4041
21919, -0.294265
21919.5, -0.346132
21920, -0.370539
21920.5, -0.330877
21921, -0.385794
21921.5, -0.37359
21922, -0.391896
21922.5, -0.391896
21923, -0.318673
21923.5, -0.312571
21924, -0.349183
21924.5, -0.327826
21925, -0.364437
21925.5, -0.388845
21926, -0.361386
21926.5, -0.336979
21927, -0.324775
21927.5, -0.315622
21928, -0.355285
21928.5, -0.379692
21929, -0.361386
21929.5, -0.401049
21930, -0.367488
21930.5, -0.312571
21931, -0.361386
21931.5, -0.321724
21932, -0.364437
21932.5, -0.370539
21933, -0.367488
21933.5, -0.401049
21934, -0.367488
21934.5, -0.321724
21935, -0.358336
21935.5, -0.343081
21936, -0.364437
21936.5, -0.376641
21937, -0.364437
21937.5, -0.385794
21938, -0.367488
21938.5, -0.318673
21939, -0.361386
21939.5, -0.324775
21940, -0.376641
21940.5, -0.367488
21941, -0.367488
21941.5, -0.391896
21942, -0.355285
21942.5, -0.321724
21943, -0.358336
21943.5, -0.336979
21944, -0.367488
21944.5, -0.367488
21945, -0.361386
21945.5, -0.370539
21946, -0.370539
21946.5, -0.321724
21947, -0.346132
21947.5, -0.34003
21948, -0.352234
21948.5, -0.37359
21949, -0.349183
21949.5, -0.367488
21950, -0.376641
21950.5, -0.327826
21951, -0.355285
21951.5, -0.367488
21952, -0.358336
21952.5, -0.376641
21953, -0.355285
21953.5, -0.376641
21954, -0.349183
21954.5, -0.358336
21955, -0.364437
21955.5, -0.352234
21956, -0.352234
21956.5, -0.355285
21957, -0.361386
21957.5, -0.361386
21958, -0.361386
21958.5, -0.367488
21959, -0.361386
21959.5, -0.361386
21960, -0.37359
21960.5, -0.370539
21961, -0.364437
21961.5, -0.336979
21962, -0.358336
21962.5, -0.376641
21963, -0.361386
21963.5, -0.361386
21964, -0.367488
21964.5, -0.394947
21965, -0.379692
21965.5, -0.367488
21966, -0.352234
21966.5, -0.379692
21967, -0.37359
21967.5, -0.358336
21968, -0.355285
21968.5, -0.361386
21969, -0.37359
21969.5, -0.364437
21970, -0.343081
21970.5, -0.358336
21971, -0.367488
21971.5, -0.364437
21972, -0.364437
21972.5, -0.346132
21973, -0.358336
21973.5, -0.367488
21974, -0.343081
21974.5, -0.358336
21975, -0.367488
21975.5, -0.379692
21976, -0.37359
21976.5, -0.376641
21977, -0.358336
21977.5, -0.367488
21978, -0.364437
21978.5, -0.367488
21979, -0.367488
21979.5, -0.358336
21980, -0.376641
21980.5, -0.355285
21981, -0.336979
21981.5, -0.352234
21982, -0.343081
21982.5, -0.370539
21983, -0.370539
21983.5, -0.364437
21984, -0.367488
21984.5, -0.358336
21985, -0.349183
21985.5, -0.364437
21986, -0.358336
21986.5, -0.367488
21987, -0.367488
21987.5, -0.361386
21988, -0.37359
21988.5, -0.367488
21989, -0.343081
21989.5, -0.352234
21990, -0.358336
21990.5, -0.364437
21991, -0.364437
21991.5, -0.346132
21992, -0.367488
21992.5, -0.352234
21993, -0.352234
21993.5, -0.355285
21994, -0.385794
21994.5, -0.364437
21995, -0.367488
21995.5, -0.376641
21996, -0.306469
21996.5, -0.358336
21997, -0.346132
21997.5, -0.327826
21998, -0.382743
21998.5, -0.370539
21999, -0.376641
21999.5, -0.376641
22000, -0.321724
22000.5, -0.37359
22001, -0.343081
22001.5, -0.352234
22002, -0.367488
22002.5, -0.352234
22003, -0.401049
22003.5, -0.385794
22004, -0.330877
22004.5, -0.333928
22005, -0.315622
22005.5, -0.352234
22006, -0.385794
22006.5, -0.37359
22007, -0.388845
22007.5, -0.355285
22008, -0.346132
22008.5, -0.330877
22009, -0.355285
22009.5, -0.376641
22010, -0.376641
22010.5, -0.376641
22011, -0.391896
22011.5, -0.343081
22012, -0.346132
22012.5, -0.333928
22013, -0.346132
22013.5, -0.370539
22014, -0.361386
22014.5, -0.379692
22015, -0.367488
22015.5, -0.315622
22016, -0.321724
22016.5, -0.34003
22017, -0.349183
22017.5, -0.379692
22018, -0.37359
22018.5, -0.382743
22019, -0.382743
22019.5, -0.343081
22020, -0.315622
22020.5, -0.343081
22021, -0.321724
22021.5, -0.355285
22022, -0.394947
22022.5, -0.367488
22023, -0.34003
22023.5, -0.343081
22024, -0.330877
22024.5, -0.355285
22025, -0.379692
22025.5, -0.370539
22026, -0.379692
22026.5, -0.367488
22027, -0.318673
22027.5, -0.346132
22028, -0.321724
22028.5, -0.367488
22029, -0.376641
22029.5, -0.358336
22030, -0.385794
22030.5, -0.379692
22031, -0.324775
22031.5, -0.336979
22032, -0.330877
22032.5, -0.352234
22033, -0.376641
22033.5, -0.379692
22034, -0.379692
22034.5, -0.394947
22035, -0.352234
22035.5, -0.327826
22036, -0.37359
22036.5, -0.355285
22037, -0.364437
22037.5, -0.385794
22038, -0.379692
22038.5, -0.352234
22039, -0.321724
22039.5, -0.355285
22040, -0.349183
22040.5, -0.349183
22041, -0.37359
22041.5, -0.388845
22042, -0.37359
22042.5, -0.346132
22043, -0.315622
22043.5, -0.333928
22044, -0.358336
22044.5, -0.376641
22045, -0.37359
22045.5, -0.382743
22046, -0.379692
22046.5, -0.30952
22047, -0.37359
22047.5, -0.336979
22048, -0.364437
22048.5, -0.379692
22049, -0.385794
22049.5, -0.385794
22050, -0.361386
22050.5, -0.315622
22051, -0.358336
22051.5, -0.333928
22052, -0.364437
22052.5, -0.364437
22053, -0.361386
22053.5, -0.388845
22054, -0.364437
22054.5, -0.306469
22055, -0.349183
22055.5, -0.349183
22056, -0.355285
22056.5, -0.379692
22057, -0.361386
22057.5, -0.397998
22058, -0.361386
22058.5, -0.343081
22059, -0.358336
22059.5, -0.330877
22060, -0.370539
22060.5, -0.370539
22061, -0.364437
22061.5, -0.401049
22062, -0.361386
22062.5, -0.346132
22063, -0.364437
22063.5, -0.376641
22064, -0.37359
22064.5, -0.358336
22065, -0.358336
22065.5, -0.336979
22066, -0.367488
22066.5, -0.352234
22067, -0.358336
22067.5, -0.382743
22068, -0.355285
22068.5, -0.367488
22069, -0.367488
22069.5, -0.321724
22070, -0.364437
22070.5, -0.358336
22071, -0.355285
22071.5, -0.358336
22072, -0.361386
22072.5, -0.379692
22073, -0.361386
22073.5, -0.315622
22074, -0.367488
22074.5, -0.364437
22075, -0.370539
22075.5, -0.370539
22076, -0.370539
22076.5, -0.367488
22077, -0.349183
22077.5, -0.349183
22078, -0.361386
22078.5, -0.364437
22079, -0.370539
22079.5, -0.370539
22080, -0.37359
22080.5, -0.367488
22081, -0.355285
22081.5, -0.355285
22082, -0.352234
22082.5, -0.358336
22083, -0.376641
22083.5, -0.361386
22084, -0.37359
22084.5, -0.361386
22085, -0.343081
22085.5, -0.364437
22086, -0.336979
22086.5, -0.361386
22087, -0.364437
22087.5, -0.370539
22088, -0.367488
22088.5, -0.37359
22089, -0.349183
22089.5, -0.361386
22090, -0.37359
22090.5, -0.358336
22091, -0.349183
22091.5, -0.358336
22092, -0.364437
22092.5, -0.361386
22093, -0.297316
22093.5, -0.358336
22094, -0.349183
22094.5, -0.364437
22095, -0.382743
22095.5, -0.364437
22096, -0.364437
22096.5, -0.364437
22097, -0.333928
22097.5, -0.358336
22098, -0.349183
22098.5, -0.364437
22099, -0.367488
22099.5, -0.364437
22100, -0.358336
22100.5, -0.370539
22101, -0.330877
22101.5, -0.352234
22102, -0.355285
22102.5, -0.364437
22103, -0.385794
22103.5, -0.352234
22104, -0.355285
22104.5, -0.364437
22105, -0.333928
22105.5, -0.358336
22106, -0.355285
22106.5, -0.361386
22107, -0.388845
22107.5, -0.370539
22108, -0.349183
22108.5, -0.370539
22109, -0.352234
22109.5, -0.367488
22110, -0.364437
22110.5, -0.37359
22111, -0.394947
22111.5, -0.37359
22112, -0.327826
22112.5, -0.361386
22113, -0.358336
22113.5, -0.352234
22114, -0.361386
22114.5, -0.361386
22115, -0.370539
22115.5, -0.349183
22116, -0.321724
22116.5, -0.355285
22117, -0.349183
22117.5, -0.370539
22118, -0.355285
22118.5, -0.364437
22119, -0.37359
22119.5, -0.370539
22120, -0.315622
22120.5, -0.343081
22121, -0.352234
22121.5, -0.370539
22122, -0.358336
22122.5, -0.382743
22123, -0.367488
22123.5, -0.370539
22124, -0.34003
22124.5, -0.343081
22125, -0.346132
22125.5, -0.364437
22126, -0.379692
22126.5, -0.361386
22127, -0.379692
22127.5, -0.352234
22128, -0.306469
22128.5, -0.346132
22129, -0.333928
22129.5, -0.370539
22130, -0.37359
22130.5, -0.370539
22131, -0.370539
22131.5, -0.321724
22132, -0.324775
22132.5, -0.355285
22133, -0.367488
22133.5, -0.385794
22134, -0.376641
22134.5, -0.379692
22135, -0.343081
22135.5, -0.336979
22136, -0.352234
22136.5, -0.349183
22137, -0.37359
22137.5, -0.382743
22138, -0.391896
22138.5, -0.382743
22139, -0.315622
22139.5, -0.343081
22140, -0.346132
22140.5, -0.355285
22141, -0.37359
22141.5, -0.355285
22142, -0.391896
22142.5, -0.379692
22143, -0.306469
22143.5, -0.327826
22144, -0.346132
22144.5, -0.367488
22145, -0.382743
22145.5, -0.376641
22146, -0.410202
22146.5, -0.343081
22147, -0.30952
22147.5, -0.315622
22148, -0.327826
22148.5, -0.385794
22149, -0.367488
22149.5, -0.382743
22150, -0.401049
22150.5, -0.312571
22151, -0.318673
22151.5, -0.324775
22152, -0.346132
22152.5, -0.382743
22153, -0.376641
22153.5, -0.379692
22154, -0.382743
22154.5, -0.30952
22155, -0.34003
22155.5, -0.343081
22156, -0.352234
22156.5, -0.37359
22157, -0.361386
22157.5, -0.364437
22158, -0.370539
22158.5, -0.346132
22159, -0.346132
22159.5, -0.327826
22160, -0.361386
22160.5, -0.388845
22161, -0.367488
22161.5, -0.370539
22162, -0.346132
22162.5, -0.349183
22163, -0.361386
22163.5, -0.336979
22164, -0.37359
22164.5, -0.376641
22165, -0.355285
22165.5, -0.382743
22166, -0.346132
22166.5, -0.333928
22167, -0.352234
22167.5, -0.324775
22168, -0.382743
22168.5, -0.367488
22169, -0.382743
22169.5, -0.391896
22170, -0.343081
22170.5, -0.352234
22171, -0.355285
22171.5, -0.355285
22172, -0.367488
22172.5, -0.367488
22173, -0.352234
22173.5, -0.321724
22174, -0.367488
22174.5, -0.34003
22175, -0.364437
22175.5, -0.394947
22176, -0.364437
22176.5, -0.401049
22177, -0.358336
22177.5, -0.330877
22178, -0.361386
22178.5, -0.327826
22179, -0.379692
22179.5, -0.382743
22180, -0.37359
22180.5, -0.379692
22181, -0.364437
22181.5, -0.333928
22182, -0.358336
22182.5, -0.333928
22183, -0.37359
22183.5, -0.361386
22184, -0.355285
22184.5, -0.367488
22185, -0.358336
22185.5, -0.312571
22186, -0.355285
22186.5, -0.358336
22187, -0.370539
22187.5, -0.37359
22188, -0.364437
22188.5, -0.367488
22189, -0.349183
22189.5, -0.349183
22190, -0.349183
22190.5, -0.376641
22191, -0.364437
22191.5, -0.37359
22192, -0.358336
22192.5, -0.370539
22193, -0.364437
22193.5, -0.355285
22194, -0.34003
22194.5, -0.382743
22195, -0.37359
22195.5, -0.361386
22196, -0.352234
22196.5, -0.370539
22197, -0.355285
22197.5, -0.34003
22198, -0.355285
22198.5, -0.376641
22199, -0.370539
22199.5, -0.367488
22200, -0.367488
22200.5, -0.358336
22201, -0.367488
22201.5, -0.361386
22202, -0.352234
22202.5, -0.364437
22203, -0.379692
22203.5, -0.358336
22204, -0.364437
22204.5, -0.382743
22205, -0.349183
22205.5, -0.349183
22206, -0.358336
22206.5, -0.358336
22207, -0.370539
22207.5, -0.364437
22208, -0.364437
22208.5, -0.37359
22209, -0.358336
22209.5, -0.361386
22210, -0.352234
22210.5, -0.370539
22211, -0.367488
22211.5, -0.364437
22212, -0.370539
22212.5, -0.358336
22213, -0.364437
22213.5, -0.361386
22214, -0.370539
22214.5, -0.370539
22215, -0.37359
22215.5, -0.355285
22216, -0.367488
22216.5, -0.367488
22217, -0.349183
22217.5, -0.370539
22218, -0.367488
22218.5, -0.364437
22219, -0.385794
22219.5, -0.358336
22220, -0.333928
22220.5, -0.327826
22221, -0.327826
22221.5, -0.349183
22222, -0.355285
22222.5, -0.364437
22223, -0.364437
22223.5, -0.364437
22224, -0.333928
22224.5, -0.364437
22225, -0.361386
22225.5, -0.343081
22226, -0.37359
22226.5, -0.367488
22227, -0.379692
22227.5, -0.361386
22228, -0.330877
22228.5, -0.367488
22229, -0.361386
22229.5, -0.361386
22230, -0.367488
22230.5, -0.361386
22231, -0.379692
22231.5, -0.364437
22232, -0.318673
22232.5, -0.355285
22233, -0.336979
22233.5, -0.382743
22234, -0.370539
22234.5, -0.361386
22235, -0.379692
22235.5, -0.352234
22236, -0.349183
22236.5, -0.34003
22237, -0.346132
22237.5, -0.376641
22238, -0.361386
22238.5, -0.376641
22239, -0.370539
22239.5, -0.34003
22240, -0.321724
22240.5, -0.355285
22241, -0.379692
22241.5, -0.364437
22242, -0.37359
22242.5, -0.376641
22243, -0.330877
22243.5, -0.34003
22244, -0.370539
22244.5, -0.361386
22245, -0.361386
22245.5, -0.358336
22246, -0.394947
22246.5, -0.385794
22247, -0.318673
22247.5, -0.343081
22248, -0.343081
22248.5, -0.346132
22249, -0.385794
22249.5, -0.376641
22250, -0.370539
22250.5, -0.364437
22251, -0.343081
22251.5, -0.349183
22252, -0.327826
22252.5, -0.358336
22253, -0.391896
22253.5, -0.37359
22254, -0.385794
22254.5, -0.367488
22255, -0.355285
22255.5, -0.346132
22256, -0.336979
22256.5, -0.37359
22257, -0.379692
22257.5, -0.388845
22258, -0.379692
22258.5, -0.333928
22259, -0.346132
22259.5, -0.333928
22260, -0.346132
22260.5, -0.355285
22261, -0.379692
22261.5, -0.37359
22262, -0.382743
22262.5, -0.318673
22263, -0.303418
22263.5, -0.346132
22264, -0.336979
22264.5, -0.361386
22265, -0.376641
22265.5, -0.379692
22266, -0.379692
22266.5, -0.343081
22267, -0.318673
22267.5, -0.343081
22268, -0.367488
22268.5, -0.364437
22269, -0.388845
22269.5, -0.370539
22270, -0.315622
22270.5, -0.318673
22271, -0.327826
22271.5, -0.352234
22272, -0.388845
22272.5, -0.37359
22273, -0.401049
22273.5, -0.385794
22274, -0.349183
22274.5, -0.321724
22275, -0.34003
22275.5, -0.324775
22276, -0.385794
22276.5, -0.388845
22277, -0.352234
22277.5, -0.376641
22278, -0.361386
22278.5, -0.333928
22279, -0.358336
22279.5, -0.327826
22280, -0.37359
22280.5, -0.370539
22281, -0.37359
22281.5, -0.336979
22282, -0.321724
22282.5, -0.330877
22283, -0.370539
22283.5, -0.37359
22284, -0.376641
22284.5, -0.379692
22285, -0.361386
22285.5, -0.30952
22286, -0.358336
22286.5, -0.324775
22287, -0.358336
22287.5, -0.391896
22288, -0.376641
22288.5, -0.388845
22289, -0.37359
22289.5, -0.34003
22290, -0.361386
22290.5, -0.352234
22291, -0.349183
22291.5, -0.364437
22292, -0.364437
22292.5, -0.370539
22293, -0.358336
22293.5, -0.312571
22294, -0.346132
22294.5, -0.333928
22295, -0.355285
22295.5, -0.370539
22296, -0.358336
22296.5, -0.397998
22297, -0.355285
22297.5, -0.306469
22298, -0.367488
22298.5, -0.34003
22299, -0.37359
22299.5, -0.382743
22300, -0.361386
22300.5, -0.391896
22301, -0.361386
22301.5, -0.321724
22302, -0.367488
22302.5, -0.333928
22303, -0.367488
22303.5, -0.391896
22304, -0.364437
22304.5, -0.376641
22305, -0.364437
22305.5, -0.364437
22306, -0.370539
22306.5, -0.343081
22307, -0.37359
22307.5, -0.355285
22308, -0.37359
22308.5, -0.361386
22309, -0.361386
22309.5, -0.355285
22310, -0.355285
22310.5, -0.382743
22311, -0.379692
22311.5, -0.382743
22312, -0.367488
22312.5, -0.358336
22313, -0.358336
22313.5, -0.358336
22314, -0.358336
22314.5, -0.367488
22315, -0.364437
22315.5, -0.376641
22316, -0.382743
22316.5, -0.346132
22317, -0.346132
22317.5, -0.352234
22318, -0.361386
22318.5, -0.370539
22319, -0.352234
22319.5, -0.37359
22320, -0.358336
22320.5, -0.355285
22321, -0.355285
22321.5, -0.364437
22322, -0.379692
22322.5, -0.361386
22323, -0.37359
22323.5, -0.358336
22324, -0.361386
22324.5, -0.358336
22325, -0.352234
22325.5, -0.364437
22326, -0.370539
22326.5, -0.355285
22327, -0.364437
22327.5, -0.367488
22328, -0.346132
22328.5, -0.355285
22329, -0.352234
22329.5, -0.358336
22330, -0.361386
22330.5, -0.358336
22331, -0.382743
22331.5, -0.367488
22332, -0.330877
22332.5, -0.358336
22333, -0.349183
22333.5, -0.364437
22334, -0.364437
22334.5, -0.367488
22335, -0.382743
22335.5, -0.364437
22336, -0.352234
22336.5, -0.358336
22337, -0.34003
22337.5, -0.367488
22338, -0.376641
22338.5, -0.37359
22339, -0.364437
22339.5, -0.358336
22340, -0.343081
22340.5, -0.343081
22341, -0.358336
22341.5, -0.364437
22342, -0.355285
22342.5, -0.358336
22343, -0.379692
22343.5, -0.358336
22344, -0.343081
22344.5, -0.343081
22345, -0.370539
22345.5, -0.361386
22346, -0.376641
22346.5, -0.349183
22347, -0.361386
22347.5, -0.367488
22348, -0.318673
22348.5, -0.349183
22349, -0.327826
22349.5, -0.370539
22350, -0.376641
22350.5, -0.364437
22351, -0.349183
22351.5, -0.376641
22352, -0.333928
22352.5, -0.358336
22353, -0.370539
22353.5, -0.364437
22354, -0.364437
22354.5, -0.376641
22355, -0.315622
22355.5, -0.355285
22356, -0.343081
22356.5, -0.361386
22357, -0.358336
22357.5, -0.370539
22358, -0.364437
22358.5, -0.385794
22359, -0.34003
22359.5, -0.336979
22360, -0.361386
22360.5, -0.346132
22361, -0.376641
22361.5, -0.379692
22362, -0.385794
22362.5, -0.385794
22363, -0.343081
22363.5, -0.349183
22364, -0.330877
22364.5, -0.355285
22365, -0.358336
22365.5, -0.37359
22366, -0.352234
22366.5, -0.34003
22367, -0.321724
22367.5, -0.352234
22368, -0.343081
22368.5, -0.361386
22369, -0.382743
22369.5, -0.37359
22370, -0.385794
22370.5, -0.352234
22371, -0.30952
22371.5, -0.346132
22372, -0.352234
22372.5, -0.37359
22373, -0.385794
22373.5, -0.370539
22374, -0.382743
22374.5, -0.349183
22375, -0.358336
22375.5, -0.352234
22376, -0.333928
22376.5, -0.355285
22377, -0.385794
22377.5, -0.376641
22378, -0.34003
22378.5, -0.349183
22379, -0.34003
22379.5, -0.346132
22380, -0.37359
22380.5, -0.361386
22381, -0.385794
22381.5, -0.37359
22382, -0.327826
22382.5, -0.321724
22383, -0.34003
22383.5, -0.349183
22384, -0.367488
22384.5, -0.367488
22385, -0.379692
22385.5, -0.382743
22386, -0.312571
22386.5, -0.336979
22387, -0.336979
22387.5, -0.34003
22388, -0.376641
22388.5, -0.370539
22389, -0.382743
22389.5, -0.382743
22390, -0.306469
22390.5, -0.34003
22391, -0.318673
22391.5, -0.379692
22392, -0.379692
22392.5, -0.361386
22393, -0.385794
22393.5, -0.34003
22394, -0.327826
22394.5, -0.333928
22395, -0.336979
22395.5, -0.37359
22396, -0.370539
22396.5, -0.37359
22397, -0.376641
22397.5, -0.333928
22398, -0.352234
22398.5, -0.343081
22399, -0.355285
22399.5, -0.367488
22400, -0.385794
22400.5, -0.397998
22401, -0.358336
22401.5, -0.336979
22402, -0.349183
22402.5, -0.321724
22403, -0.367488
22403.5, -0.367488
22404, -0.37359
22404.5, -0.391896
22405, -0.346132
22405.5, -0.324775
22406, -0.358336
22406.5, -0.321724
22407, -0.352234
22407.5, -0.376641
22408, -0.364437
22408.5, -0.394947
22409, -0.34003
22409.5, -0.349183
22410, -0.367488
22410.5, -0.333928
22411, -0.364437
22411.5, -0.394947
22412, -0.358336
22412.5, -0.361386
22413, -0.361386
22413.5, -0.303418
22414, -0.367488
22414.5, -0.355285
22415, -0.361386
22415.5, -0.37359
22416, -0.361386
22416.5, -0.391896
22417, -0.361386
22417.5, -0.327826
22418, -0.367488
22418.5, -0.352234
22419, -0.358336
22419.5, -0.379692
22420, -0.358336
22420.5, -0.312571
22421, -0.361386
22421.5, -0.355285
22422, -0.370539
22422.5, -0.376641
22423, -0.364437
22423.5, -0.382743
22424, -0.364437
22424.5, -0.361386
22425, -0.346132
22425.5, -0.367488
22426, -0.352234
22426.5, -0.370539
22427, -0.37359
22427.5, -0.355285
22428, -0.361386
22428.5, -0.346132
22429, -0.361386
22429.5, -0.330877
22430, -0.358336
22430.5, -0.370539
22431, -0.37359
22431.5, -0.376641
22432, -0.376641
22432.5, -0.330877
22433, -0.355285
22433.5, -0.355285
22434, -0.367488
22434.5, -0.376641
22435, -0.358336
22435.5, -0.355285
22436, -0.370539
22436.5, -0.355285
22437, -0.358336
22437.5, -0.370539
22438, -0.367488
22438.5, -0.367488
22439, -0.361386
22439.5, -0.370539
22440, -0.376641
22440.5, -0.343081
22441, -0.349183
22441.5, -0.37359
22442, -0.37359
22442.5, -0.361386
22443, -0.364437
22443.5, -0.361386
22444, -0.361386
22444.5, -0.324775
22445, -0.367488
22445.5, -0.346132
22446, -0.361386
22446.5, -0.349183
22447, -0.370539
22447.5, -0.370539
22448, -0.349183
22448.5, -0.370539
22449, -0.346132
22449.5, -0.361386
22450, -0.367488
22450.5, -0.352234
22451, -0.376641
22451.5, -0.37359
22452, -0.358336
22452.5, -0.367488
22453, -0.346132
22453.5, -0.361386
22454, -0.370539
22454.5, -0.361386
22455, -0.376641
22455.5, -0.376641
22456, -0.34003
22456.5, -0.376641
22457, -0.352234
22457.5, -0.370539
22458, -0.367488
22458.5, -0.355285
22459, -0.379692
22459.5, -0.355285
22460, -0.343081
22460.5, -0.355285
22461, -0.355285
22461.5, -0.370539
22462, -0.37359
22462.5, -0.361386
22463, -0.336979
22463.5, -0.355285
22464, -0.352234
22464.5, -0.361386
22465, -0.370539
22465.5, -0.352234
22466, -0.385794
22466.5, -0.37359
22467, -0.318673
22467.5, -0.367488
22468, -0.346132
22468.5, -0.336979
22469, -0.358336
22469.5, -0.370539
22470, -0.370539
22470.5, -0.382743
22471, -0.34003
22471.5, -0.349183
22472, -0.346132
22472.5, -0.361386
22473, -0.37359
22473.5, -0.352234
22474, -0.37359
22474.5, -0.349183
22475, -0.324775
22475.5, -0.352234
22476, -0.324775
22476.5, -0.361386
22477, -0.37359
22477.5, -0.370539
22478, -0.379692
22478.5, -0.333928
22479, -0.343081
22479.5, -0.361386
22480, -0.315622
22480.5, -0.367488
22481, -0.355285
22481.5, -0.37359
22482, -0.401049
22482.5, -0.358336
22483, -0.352234
22483.5, -0.336979
22484, -0.327826
22484.5, -0.376641
22485, -0.367488
22485.5, -0.382743
22486, -0.382743
22486.5, -0.343081
22487, -0.327826
22487.5, -0.346132
22488, -0.385794
22488.5, -0.370539
22489, -0.385794
22489.5, -0.370539
22490, -0.333928
22490.5, -0.355285
22491, -0.333928
22491.5, -0.355285
22492, -0.376641
22492.5, -0.370539
22493, -0.388845
22493.5, -0.367488
22494, -0.318673
22494.5, -0.34003
22495, -0.333928
22495.5, -0.34003
22496, -0.364437
22496.5, -0.382743
22497, -0.388845
22497.5, -0.370539
22498, -0.336979
22498.5, -0.34003
22499, -0.318673
22499.5, -0.349183
22500, -0.358336
22500.5, -0.37359
22501, -0.376641
22501.5, -0.370539
22502, -0.315622
22502.5, -0.336979
22503, -0.343081
22503.5, -0.37359
22504, -0.379692
22504.5, -0.382743
22505, -0.391896
22505.5, -0.330877
22506, -0.327826
22506.5, -0.349183
22507, -0.361386
22507.5, -0.367488
22508, -0.385794
22508.5, -0.37359
22509, -0.367488
22509.5, -0.355285
22510, -0.318673
22510.5, -0.336979
22511, -0.327826
22511.5, -0.367488
22512, -0.376641
22512.5, -0.382743
22513, -0.370539
22513.5, -0.327826
22514, -0.34003
22514.5, -0.358336
22515, -0.352234
22515.5, -0.358336
22516, -0.376641
22516.5, -0.367488
22517, -0.330877
22517.5, -0.312571
22518, -0.336979
22518.5, -0.324775
22519, -0.391896
22519.5, -0.391896
22520, -0.394947
22520.5, -0.379692
22521, -0.34003
22521.5, -0.327826
22522, -0.367488
22522.5, -0.349183
22523, -0.379692
22523.5, -0.379692
22524, -0.370539
22524.5, -0.382743
22525, -0.324775
22525.5, -0.312571
22526, -0.361386
22526.5, -0.333928
22527, -0.361386
22527.5, -0.37359
22528, -0.358336
22528.5, -0.330877
22529, -0.352234
22529.5, -0.330877
22530, -0.358336
22530.5, -0.376641
22531, -0.361386
22531.5, -0.379692
22532, -0.355285
22532.5, -0.306469
22533, -0.327826
22533.5, -0.34003
22534, -0.358336
22534.5, -0.388845
22535, -0.358336
22535.5, -0.355285
22536, -0.376641
22536.5, -0.327826
22537, -0.352234
22537.5, -0.318673
22538, -0.358336
22538.5, -0.370539
22539, -0.361386
22539.5, -0.391896
22540, -0.361386
22540.5, -0.349183
22541, -0.370539
22541.5, -0.343081
22542, -0.352234
22542.5, -0.388845
22543, -0.358336
22543.5, -0.391896
22544, -0.364437
22544.5, -0.324775
22545, -0.376641
22545.5, -0.327826
22546, -0.364437
22546.5, -0.376641
22547, -0.361386
22547.5, -0.367488
22548, -0.37359
22548.5, -0.367488
22549, -0.346132
22549.5, -0.343081
22550, -0.361386
22550.5, -0.364437
22551, -0.355285
22551.5, -0.385794
22552, -0.364437
22552.5, -0.352234
22553, -0.349183
22553.5, -0.343081
22554, -0.376641
22554.5, -0.370539
22555, -0.376641
22555.5, -0.349183
22556, -0.367488
22556.5, -0.37359
22557, -0.367488
22557.5, -0.358336
22558, -0.367488
22558.5, -0.382743
22559, -0.358336
22559.5, -0.349183
22560, -0.370539
22560.5, -0.355285
22561, -0.349183
22561.5, -0.367488
22562, -0.364437
22562.5, -0.358336
22563, -0.358336
22563.5, -0.361386
22564, -0.346132
22564.5, -0.361386
22565, -0.361386
22565.5, -0.355285
22566, -0.361386
22566.5, -0.358336
22567, -0.376641
22567.5, -0.361386
22568, -0.364437
22568.5, -0.355285
22569, -0.376641
22569.5, -0.358336
22570, -0.367488
22570.5, -0.370539
22571, -0.349183
22571.5, -0.367488
22572, -0.349183
22572.5, -0.346132
22573, -0.379692
22573.5, -0.346132
22574, -0.382743
22574.5, -0.346132
22575, -0.355285
22575.5, -0.361386
22576, -0.333928
22576.5, -0.370539
22577, -0.358336
22577.5, -0.364437
22578, -0.370539
22578.5, -0.352234
22579, -0.364437
22579.5, -0.358336
22580, -0.34003
22580.5, -0.346132
22581, -0.358336
22581.5, -0.358336
22582, -0.382743
22582.5, -0.355285
22583, -0.343081
22583.5, -0.352234
22584, -0.346132
22584.5, -0.364437
22585, -0.370539
22585.5, -0.37359
22586, -0.367488
22586.5, -0.361386
22587, -0.34003
22587.5, -0.333928
22588, -0.358336
22588.5, -0.37359
22589, -0.358336
22589.5, -0.364437
22590, -0.364437
22590.5, -0.352234
22591, -0.343081
22591.5, -0.349183
22592, -0.336979
22592.5, -0.37359
22593, -0.382743
22593.5, -0.370539
22594, -0.379692
22594.5, -0.333928
22595, -0.34003
22595.5, -0.358336
22596, -0.352234
22596.5, -0.364437
22597, -0.379692
22597.5, -0.364437
22598, -0.333928
22598.5, -0.367488
22599, -0.343081
22599.5, -0.352234
22600, -0.367488
22600.5, -0.376641
22601, -0.364437
22601.5, -0.37359
22602, -0.336979
22602.5, -0.321724
22603, -0.346132
22603.5, -0.346132
22604, -0.391896
22604.5, -0.358336
22605, -0.391896
22605.5, -0.376641
22606, -0.333928
22606.5, -0.336979
22607, -0.346132
22607.5, -0.343081
22608, -0.379692
22608.5, -0.361386
22609, -0.376641
22609.5, -0.364437
22610, -0.315622
22610.5, -0.364437
22611, -0.336979
22611.5, -0.367488
22612, -0.358336
22612.5, -0.364437
22613, -0.394947
22613.5, -0.336979
22614, -0.324775
22614.5, -0.358336
22615, -0.352234
22615.5, -0.385794
22616, -0.376641
22616.5, -0.37359
22617, -0.382743
22617.5, -0.34003
22618, -0.336979
22618.5, -0.333928
22619, -0.327826
22619.5, -0.37359
22620, -0.388845
22620.5, -0.367488
22621, -0.385794
22621.5, -0.336979
22622, -0.312571
22622.5, -0.346132
22623, -0.343081
22623.5, -0.364437
22624, -0.382743
22624.5, -0.376641
22625, -0.321724
22625.5, -0.333928
22626, -0.349183
22626.5, -0.358336
22627, -0.394947
22627.5, -0.37359
22628, -0.401049
22628.5, -0.379692
22629, -0.318673
22629.5, -0.346132
22630, -0.358336
22630.5, -0.336979
22631, -0.388845
22631.5, -0.346132
22632, -0.370539
22632.5, -0.397998
22633, -0.349183
22633.5, -0.312571
22634, -0.352234
22634.5, -0.343081
22635, -0.388845
22635.5, -0.37359
22636, -0.376641
22636.5, -0.382743
22637, -0.370539
22637.5, -0.315622
22638, -0.34003
22638.5, -0.358336
22639, -0.379692
22639.5, -0.379692
22640, -0.361386
22640.5, -0.30952
22641, -0.349183
22641.5, -0.34003
22642, -0.364437
22642.5, -0.367488
22643, -0.379692
22643.5, -0.394947
22644, -0.379692
22644.5, -0.312571
22645, -0.358336
22645.5, -0.315622
22646, -0.379692
22646.5, -0.376641
22647, -0.352234
22647.5, -0.382743
22648, -0.367488
22648.5, -0.30952
22649, -0.355285
22649.5, -0.315622
22650, -0.355285
22650.5, -0.370539
22651, -0.358336
22651.5, -0.391896
22652, -0.349183
22652.5, -0.315622
22653, -0.352234
22653.5, -0.333928
22654, -0.361386
22654.5, -0.385794
22655, -0.361386
22655.5, -0.385794
22656, -0.364437
22656.5, -0.330877
22657, -0.349183
22657.5, -0.333928
22658, -0.364437
22658.5, -0.364437
22659, -0.361386
22659.5, -0.382743
22660, -0.361386
22660.5, -0.333928
22661, -0.358336
22661.5, -0.336979
22662, -0.358336
22662.5, -0.379692
22663, -0.355285
22663.5, -0.394947
22664, -0.367488
22664.5, -0.336979
22665, -0.352234
22665.5, -0.370539
22666, -0.364437
22666.5, -0.401049
22667, -0.364437
22667.5, -0.346132
22668, -0.367488
22668.5, -0.327826
22669, -0.352234
22669.5, -0.37359
22670, -0.358336
22670.5, -0.370539
22671, -0.37359
22671.5, -0.367488
22672, -0.355285
22672.5, -0.370539
22673, -0.370539
22673.5, -0.37359
22674, -0.367488
22674.5, -0.367488
22675, -0.358336
22675.5, -0.355285
22676, -0.355285
22676.5, -0.364437
22677, -0.349183
22677.5, -0.37359
22678, -0.361386
22678.5, -0.367488
22679, -0.361386
22679.5, -0.361386
22680, -0.349183
22680.5, -0.361386
22681, -0.370539
22681.5, -0.364437
22682, -0.352234
22682.5, -0.352234
22683, -0.367488
22683.5, -0.343081
22684, -0.358336
22684.5, -0.358336
22685, -0.361386
22685.5, -0.367488
22686, -0.376641
22686.5, -0.370539
22687, -0.367488
22687.5, -0.355285
22688, -0.343081
22688.5, -0.358336
22689, -0.367488
22689.5, -0.358336
22690, -0.358336
22690.5, -0.37359
22691, -0.361386
22691.5, -0.367488
22692, -0.343081
22692.5, -0.364437
22693, -0.361386
22693.5, -0.355285
22694, -0.370539
22694.5, -0.370539
22695, -0.352234
22695.5, -0.364437
22696, -0.343081
22696.5, -0.367488
22697, -0.379692
22697.5, -0.349183
22698, -0.370539
22698.5, -0.367488
22699, -0.361386
22699.5, -0.343081
22700, -0.346132
22700.5, -0.382743
22701, -0.37359
22701.5, -0.355285
22702, -0.379692
22702.5, -0.355285
22703, -0.346132
22703.5, -0.364437
22704, -0.361386
22704.5, -0.370539
22705, -0.364437
22705.5, -0.37359
22706, -0.352234
22706.5, -0.355285
22707, -0.352234
22707.5, -0.364437
22708, -0.343081
22708.5, -0.364437
22709, -0.379692
22709.5, -0.385794
22710, -0.346132
22710.5, -0.355285
22711, -0.355285
22711.5, -0.349183
22712, -0.364437
22712.5, -0.379692
22713, -0.364437
22713.5, -0.361386
22714, -0.333928
22714.5, -0.346132
22715, -0.352234
22715.5, -0.367488
22716, -0.370539
22716.5, -0.355285
22717, -0.37359
22717.5, -0.364437
22718, -0.34003
22718.5, -0.358336
22719, -0.336979
22719.5, -0.361386
22720, -0.355285
22720.5, -0.364437
22721, -0.376641
22721.5, -0.346132
22722, -0.312571
22722.5, -0.343081
22723, -0.324775
22723.5, -0.364437
22724, -0.361386
22724.5, -0.388845
22725, -0.37359
22725.5, -0.327826
22726, -0.333928
22726.5, -0.352234
22727, -0.355285
22727.5, -0.376641
22728, -0.361386
22728.5, -0.358336
22729, -0.364437
22729.5, -0.343081
22730, -0.330877
22730.5, -0.333928
22731, -0.352234
22731.5, -0.367488
22732, -0.376641
22732.5, -0.37359
22733, -0.355285
22733.5, -0.330877
22734, -0.330877
22734.5, -0.346132
22735, -0.37359
22735.5, -0.37359
22736, -0.397998
22736.5, -0.385794
22737, -0.30952
22737.5, -0.330877
22738, -0.333928
22738.5, -0.352234
22739, -0.379692
22739.5, -0.370539
22740, -0.379692
22740.5, -0.364437
22741, -0.30952
22741.5, -0.346132
22742, -0.336979
22742.5, -0.34003
22743, -0.376641
22743.5, -0.370539
22744, -0.376641
22744.5, -0.37359
22745, -0.318673
22745.5, -0.315622
22746, -0.336979
22746.5, -0.364437
22747, -0.376641
22747.5, -0.401049
22748, -0.394947
22748.5, -0.333928
22749, -0.321724
22749.5, -0.330877
22750, -0.37359
22750.5, -0.364437
22751, -0.370539
22751.5, -0.382743
22752, -0.37359
22752.5, -0.358336
22753, -0.321724
22753.5, -0.352234
22754, -0.352234
22754.5, -0.37359
22755, -0.382743
22755.5, -0.385794
22756, -0.376641
22756.5, -0.336979
22757, -0.330877
22757.5, -0.327826
22758, -0.34003
22758.5, -0.379692
22759, -0.388845
22759.5, -0.4041
22760, -0.358336
22760.5, -0.343081
22761, -0.358336
22761.5, -0.358336
22762, -0.379692
22762.5, -0.388845
22763, -0.358336
22763.5, -0.385794
22764, -0.327826
22764.5, -0.324775
22765, -0.37359
22765.5, -0.336979
22766, -0.367488
22766.5, -0.382743
22767, -0.367488
22767.5, -0.4041
22768, -0.346132
22768.5, -0.30952
22769, -0.364437
22769.5, -0.327826
22770, -0.370539
22770.5, -0.388845
22771, -0.355285
22771.5, -0.397998
22772, -0.364437
22772.5, -0.321724
22773, -0.361386
22773.5, -0.388845
22774, -0.376641
22774.5, -0.385794
22775, -0.376641
22775.5, -0.318673
22776, -0.349183
22776.5, -0.343081
22777, -0.355285
22777.5, -0.37359
22778, -0.367488
22778.5, -0.370539
22779, -0.355285
22779.5, -0.321724
22780, -0.349183
22780.5, -0.355285
22781, -0.358336
22781.5, -0.391896
22782, -0.364437
22782.5, -0.397998
22783, -0.370539
22783.5, -0.303418
22784, -0.358336
22784.5, -0.34003
22785, -0.352234
22785.5, -0.385794
22786, -0.358336
22786.5, -0.370539
22787, -0.358336
22787.5, -0.352234
22788, -0.367488
22788.5, -0.34003
22789, -0.367488
22789.5, -0.370539
22790, -0.364437
22790.5, -0.388845
22791, -0.37359
22791.5, -0.315622
22792, -0.352234
22792.5, -0.343081
22793, -0.364437
22793.5, -0.382743
22794, -0.352234
22794.5, -0.358336
22795, -0.364437
22795.5, -0.358336
22796, -0.349183
22796.5, -0.370539
22797, -0.370539
22797.5, -0.352234
22798, -0.382743
22798.5, -0.352234
22799, -0.364437
22799.5, -0.346132
22800, -0.346132
22800.5, -0.382743
22801, -0.355285
22801.5, -0.364437
22802, -0.367488
22802.5, -0.367488
22803, -0.37359
22803.5, -0.364437
22804, -0.346132
22804.5, -0.367488
22805, -0.358336
22805.5, -0.376641
22806, -0.355285
22806.5, -0.355285
22807, -0.358336
22807.5, -0.355285
22808, -0.355285
22808.5, -0.367488
22809, -0.37359
22809.5, -0.364437
22810, -0.379692
22810.5, -0.358336
22811, -0.352234
22811.5, -0.352234
22812, -0.352234
22812.5, -0.361386
22813, -0.376641
22813.5, -0.355285
22814, -0.349183
22814.5, -0.376641
22815, -0.346132
22815.5, -0.364437
22816, -0.370539
22816.5, -0.355285
22817, -0.379692
22817.5, -0.361386
22818, -0.343081
22818.5, -0.364437
22819, -0.343081
22819.5, -0.364437
22820, -0.370539
22820.5, -0.364437
22821, -0.37359
22821.5, -0.385794
22822, -0.315622
22822.5, -0.346132
22823, -0.346132
22823.5, -0.355285
22824, -0.376641
22824.5, -0.37359
22825, -0.367488
22825.5, -0.361386
22826, -0.330877
22826.5, -0.349183
22827, -0.346132
22827.5, -0.355285
22828, -0.37359
22828.5, -0.364437
22829, -0.370539
22829.5, -0.352234
22830, -0.327826
22830.5, -0.343081
22831, -0.343081
22831.5, -0.367488
22832, -0.37359
22832.5, -0.361386
22833, -0.364437
22833.5, -0.358336
22834, -0.336979
22834.5, -0.352234
22835, -0.361386
22835.5, -0.364437
22836, -0.37359
22836.5, -0.379692
22837, -0.367488
22837.5, -0.352234
22838, -0.330877
22838.5, -0.361386
22839, -0.370539
22839.5, -0.367488
22840, -0.358336
22840.5, -0.361386
22841, -0.361386
22841.5, -0.346132
22842, -0.327826
22842.5, -0.352234
22843, -0.355285
22843.5, -0.37359
22844, -0.37359
22844.5, -0.382743
22845, -0.321724
22845.5, -0.343081
22846, -0.355285
22846.5, -0.346132
22847, -0.376641
22847.5, -0.361386
22848, -0.379692
22848.5, -0.367488
22849, -0.346132
22849.5, -0.352234
22850, -0.324775
22850.5, -0.34003
22851, -0.379692
22851.5, -0.364437
22852, -0.379692
22852.5, -0.388845
22853, -0.306469
22853.5, -0.333928
22854, -0.333928
22854.5, -0.343081
22855, -0.394947
22855.5, -0.364437
22856, -0.401049
22856.5, -0.358336
22857, -0.30952
22857.5, -0.358336
22858, -0.324775
22858.5, -0.376641
22859, -0.388845
22859.5, -0.367488
22860, -0.397998
22860.5, -0.364437
22861, -0.355285
22861.5, -0.34003
22862, -0.324775
22862.5, -0.385794
22863, -0.382743
22863.5, -0.382743
22864, -0.391896
22864.5, -0.346132
22865, -0.312571
22865.5, -0.318673
22866, -0.327826
22866.5, -0.361386
22867, -0.37359
22867.5, -0.376641
22868, -0.394947
22868.5, -0.346132
22869, -0.330877
22869.5, -0.318673
22870, -0.382743
22870.5, -0.361386
22871, -0.391896
22871.5, -0.382743
22872, -0.333928
22872.5, -0.336979
22873, -0.333928
22873.5, -0.330877
22874, -0.376641
22874.5, -0.370539
22875, -0.388845
22875.5, -0.37359
22876, -0.333928
22876.5, -0.315622
22877, -0.333928
22877.5, -0.327826
22878, -0.367488
22878.5, -0.367488
22879, -0.358336
22879.5, -0.367488
22880, -0.346132
22880.5, -0.333928
22881, -0.355285
22881.5, -0.355285
22882, -0.37359
22882.5, -0.394947
22883, -0.367488
22883.5, -0.30952
22884, -0.361386
22884.5, -0.324775
22885, -0.388845
22885.5, -0.382743
22886, -0.367488
22886.5, -0.407151
22887, -0.364437
22887.5, -0.333928
22888, -0.343081
22888.5, -0.321724
22889, -0.370539
22889.5, -0.376641
22890, -0.355285
22890.5, -0.391896
22891, -0.370539
22891.5, -0.324775
22892, -0.336979
22892.5, -0.343081
22893, -0.361386
22893.5, -0.397998
22894, -0.37359
22894.5, -0.391896
22895, -0.364437
22895.5, -0.318673
22896, -0.352234
22896.5, -0.330877
22897, -0.355285
22897.5, -0.37359
22898, -0.370539
22898.5, -0.391896
22899, -0.367488
22899.5, -0.34003
22900, -0.349183
22900.5, -0.376641
22901, -0.367488
22901.5, -0.379692
22902, -0.364437
22902.5, -0.37359
22903, -0.364437
22903.5, -0.34003
22904, -0.364437
22904.5, -0.370539
22905, -0.346132
22905.5, -0.376641
22906, -0.361386
22906.5, -0.364437
22907, -0.376641
22907.5, -0.324775
22908, -0.361386
22908.5, -0.37359
22909, -0.364437
22909.5, -0.367488
22910, -0.349183
22910.5, -0.358336
22911, -0.367488
22911.5, -0.358336
22912, -0.361386
22912.5, -0.361386
22913, -0.379692
22913.5, -0.370539
22914, -0.361386
22914.5, -0.352234
22915, -0.370539
22915.5, -0.364437
22916, -0.361386
22916.5, -0.37359
22917, -0.385794
22917.5, -0.358336
22918, -0.376641
22918.5, -0.333928
22919, -0.361386
22919.5, -0.358336
22920, -0.34003
22920.5, -0.361386
22921, -0.367488
22921.5, -0.355285
22922, -0.370539
22922.5, -0.358336
22923, -0.352234
22923.5, -0.358336
22924, -0.370539
22924.5, -0.361386
22925, -0.367488
22925.5, -0.370539
22926, -0.352234
22926.5, -0.370539
22927, -0.361386
22927.5, -0.367488
22928, -0.364437
22928.5, -0.364437
22929, -0.379692
22929.5, -0.358336
22930, -0.343081
22930.5, -0.349183
22931, -0.349183
22931.5, -0.352234
22932, -0.379692
22932.5, -0.367488
22933, -0.37359
22933.5, -0.376641
22934, -0.336979
22934.5, -0.364437
22935, -0.352234
22935.5, -0.352234
22936, -0.379692
22936.5, -0.358336
22937, -0.379692
22937.5, -0.367488
22938, -0.34003
22938.5, -0.367488
22939, -0.330877
22939.5, -0.343081
22940, -0.391896
22940.5, -0.358336
22941, -0.364437
22941.5, -0.367488
22942, -0.34003
22942.5, -0.349183
22943, -0.352234
22943.5, -0.367488
22944, -0.376641
22944.5, -0.37359
22945, -0.376641
22945.5, -0.349183
22946, -0.336979
22946.5, -0.34003
22947, -0.346132
22947.5, -0.370539
22948, -0.367488
22948.5, -0.376641
22949, -0.376641
22949.5, -0.336979
22950, -0.333928
22950.5, -0.349183
22951, -0.352234
22951.5, -0.367488
22952, -0.37359
22952.5, -0.358336
22953, -0.327826
22953.5, -0.361386
22954, -0.343081
22954.5, -0.349183
22955, -0.376641
22955.5, -0.364437
22956, -0.388845
22956.5, -0.370539
22957, -0.315622
22957.5, -0.333928
22958, -0.312571
22958.5, -0.34003
22959, -0.379692
22959.5, -0.358336
22960, -0.379692
22960.5, -0.370539
22961, -0.343081
22961.5, -0.346132
22962, -0.321724
22962.5, -0.355285
22963, -0.388845
22963.5, -0.370539
22964, -0.388845
22964.5, -0.34003
22965, -0.300367
22965.5, -0.34003
22966, -0.315622
22966.5, -0.364437
22967, -0.379692
22967.5, -0.388845
22968, -0.382743
22968.5, -0.336979
22969, -0.321724
22969.5, -0.349183
22970, -0.34003
22970.5, -0.361386
22971, -0.364437
22971.5, -0.37359
22972, -0.382743
22972.5, -0.346132
22973, -0.300367
22973.5, -0.349183
22974, -0.327826
22974.5, -0.364437
22975, -0.391896
22975.5, -0.379692
22976, -0.379692
22976.5, -0.34003
22977, -0.30952
22977.5, -0.330877
22978, -0.352234
22978.5, -0.358336
22979, -0.397998
22979.5, -0.367488
22980, -0.297316
22980.5, -0.34003
22981, -0.333928
22981.5, -0.352234
22982, -0.385794
22982.5, -0.370539
22983, -0.407151
22983.5, -0.364437
22984, -0.315622
22984.5, -0.355285
22985, -0.349183
22985.5, -0.352234
22986, -0.379692
22986.5, -0.367488
22987, -0.391896
22987.5, -0.367488
22988, -0.303418
22988.5, -0.352234
22989, -0.382743
22989.5, -0.34003
22990, -0.394947
22990.5, -0.364437
22991, -0.394947
22991.5, -0.370539
22992, -0.303418
22992.5, -0.330877
22993, -0.333928
22993.5, -0.349183
22994, -0.397998
22994.5, -0.385794
22995, -0.382743
22995.5, -0.358336
22996, -0.300367
22996.5, -0.321724
22997, -0.355285
22997.5, -0.379692
22998, -0.391896
22998.5, -0.388845
22999, -0.388845
22999.5, -0.315622
23000, -0.321724
23000.5, -0.333928
23001, -0.333928
23001.5, -0.379692
23002, -0.388845
23002.5, -0.385794
23003, -0.370539
23003.5, -0.303418
23004, -0.315622
23004.5, -0.346132
23005, -0.349183
23005.5, -0.382743
23006, -0.37359
23006.5, -0.382743
23007, -0.364437
23007.5, -0.315622
23008, -0.37359
23008.5, -0.333928
23009, -0.358336
23009.5, -0.382743
23010, -0.364437
23010.5, -0.382743
23011, -0.336979
23011.5, -0.306469
23012, -0.349183
23012.5, -0.333928
23013, -0.388845
23013.5, -0.367488
23014, -0.364437
23014.5, -0.382743
23015, -0.358336
23015.5, -0.30952
23016, -0.358336
23016.5, -0.355285
23017, -0.382743
23017.5, -0.376641
23018, -0.361386
23018.5, -0.355285
23019, -0.367488
23019.5, -0.327826
23020, -0.358336
23020.5, -0.361386
23021, -0.364437
23021.5, -0.382743
23022, -0.37359
23022.5, -0.306469
23023, -0.364437
23023.5, -0.336979
23024, -0.352234
23024.5, -0.391896
23025, -0.361386
23025.5, -0.385794
23026, -0.370539
23026.5, -0.321724
23027, -0.361386
23027.5, -0.352234
23028, -0.37359
23028.5, -0.385794
23029, -0.367488
23029.5, -0.367488
23030, -0.355285
23030.5, -0.352234
23031, -0.361386
23031.5, -0.349183
23032, -0.376641
23032.5, -0.364437
23033, -0.358336
23033.5, -0.361386
23034, -0.367488
23034.5, -0.37359
23035, -0.358336
23035.5, -0.364437
23036, -0.370539
23036.5, -0.358336
23037, -0.349183
23037.5, -0.361386
23038, -0.370539
23038.5, -0.364437
23039, -0.343081
23039.5, -0.361386
23040, -0.364437
23040.5, -0.355285
23041, -0.379692
23041.5, -0.355285
23042, -0.37359
23042.5, -0.361386
23043, -0.364437
23043.5, -0.370539
23044, -0.361386
23044.5, -0.37359
23045, -0.37359
23045.5, -0.352234
23046, -0.382743
23046.5, -0.361386
23047, -0.346132
23047.5, -0.370539
23048, -0.379692
23048.5, -0.355285
23049, -0.376641
23049.5, -0.355285
23050, -0.358336
23050.5, -0.352234
23051, -0.361386
23051.5, -0.358336
23052, -0.370539
23052.5, -0.370539
23053, -0.391896
23053.5, -0.382743
23054, -0.343081
23054.5, -0.352234
23055, -0.346132
23055.5, -0.352234
23056, -0.370539
23056.5, -0.358336
23057, -0.376641
23057.5, -0.361386
23058, -0.34003
23058.5, -0.358336
23059, -0.355285
23059.5, -0.355285
23060, -0.382743
23060.5, -0.352234
23061, -0.379692
23061.5, -0.37359
23062, -0.324775
23062.5, -0.367488
23063, -0.37359
23063.5, -0.367488
23064, -0.355285
23064.5, -0.358336
23065, -0.330877
23065.5, -0.367488
23066, -0.346132
23066.5, -0.349183
23067, -0.37359
23067.5, -0.355285
23068, -0.388845
23068.5, -0.361386
23069, -0.327826
23069.5, -0.352234
23070, -0.352234
23070.5, -0.364437
23071, -0.361386
23071.5, -0.370539
23072, -0.376641
23072.5, -0.379692
23073, -0.34003
23073.5, -0.367488
23074, -0.330877
23074.5, -0.358336
23075, -0.370539
23075.5, -0.364437
23076, -0.376641
23076.5, -0.367488
23077, -0.327826
23077.5, -0.349183
23078, -0.321724
23078.5, -0.364437
23079, -0.382743
23079.5, -0.37359
23080, -0.367488
23080.5, -0.352234
23081, -0.318673
23081.5, -0.364437
23082, -0.346132
23082.5, -0.37359
23083, -0.388845
23083.5, -0.355285
23084, -0.401049
23084.5, -0.330877
23085, -0.303418
23085.5, -0.355285
23086, -0.343081
23086.5, -0.379692
23087, -0.367488
23087.5, -0.367488
23088, -0.352234
23088.5, -0.333928
23089, -0.349183
23089.5, -0.355285
23090, -0.376641
23090.5, -0.376641
23091, -0.391896
23091.5, -0.361386
23092, -0.306469
23092.5, -0.370539
23093, -0.324775
23093.5, -0.336979
23094, -0.382743
23094.5, -0.349183
23095, -0.4041
23095.5, -0.379692
23096, -0.294265
23096.5, -0.352234
23097, -0.330877
23097.5, -0.333928
23098, -0.394947
23098.5, -0.364437
23099, -0.388845
23099.5, -0.37359
23100, -0.294265
23100.5, -0.355285
23101, -0.333928
23101.5, -0.358336
23102, -0.385794
23102.5, -0.367488
23103, -0.4041
23103.5, -0.361386
23104, -0.303418
23104.5, -0.358336
23105, -0.315622
23105.5, -0.346132
23106, -0.382743
23106.5, -0.361386
23107, -0.401049
23107.5, -0.330877
23108, -0.330877
23108.5, -0.333928
23109, -0.315622
23109.5, -0.37359
23110, -0.388845
23110.5, -0.367488
23111, -0.376641
23111.5, -0.333928
23112, -0.300367
23112.5, -0.349183
23113, -0.355285
23113.5, -0.364437
23114, -0.385794
23114.5, -0.364437
23115, -0.349183
23115.5, -0.361386
23116, -0.367488
23116.5, -0.367488
23117, -0.382743
23117.5, -0.367488
23118, -0.370539
23118.5, -0.379692
23119, -0.333928
23119.5, -0.346132
23120, -0.346132
23120.5, -0.343081
23121, -0.391896
23121.5, -0.358336
23122, -0.367488
23122.5, -0.376641
23123, -0.349183
23123.5, -0.355285
23124, -0.367488
23124.5, -0.333928
23125, -0.376641
23125.5, -0.376641
23126, -0.370539
23126.5, -0.370539
23127, -0.361386
23127.5, -0.349183
23128, -0.361386
23128.5, -0.346132
23129, -0.376641
23129.5, -0.364437
23130, -0.367488
23130.5, -0.364437
23131, -0.333928
23131.5, -0.343081
23132, -0.37359
23132.5, -0.352234
23133, -0.376641
23133.5, -0.382743
23134, -0.376641
23134.5, -0.333928
23135, -0.355285
23135.5, -0.355285
23136, -0.361386
23136.5, -0.364437
23137, -0.364437
23137.5, -0.37359
23138, -0.37359
23138.5, -0.343081
23139, -0.352234
23139.5, -0.367488
23140, -0.370539
23140.5, -0.358336
23141, -0.367488
23141.5, -0.361386
23142, -0.355285
23142.5, -0.382743
23143, -0.370539
23143.5, -0.364437
23144, -0.364437
23144.5, -0.370539
23145, -0.361386
23145.5, -0.376641
23146, -0.367488
23146.5, -0.346132
23147, -0.361386
23147.5, -0.352234
23148, -0.349183
23148.5, -0.367488
23149, -0.376641
23149.5, -0.370539
23150, -0.37359
23150.5, -0.346132
23151, -0.370539
23151.5, -0.364437
23152, -0.355285
23152.5, -0.355285
23153, -0.361386
23153.5, -0.37359
23154, -0.364437
23154.5, -0.349183
23155, -0.355285
23155.5, -0.321724
23156, -0.361386
23156.5, -0.355285
23157, -0.355285
23157.5, -0.352234
23158, -0.361386
23158.5, -0.349183
23159, -0.349183
23159.5, -0.352234
23160, -0.361386
23160.5, -0.364437
23161, -0.370539
23161.5, -0.343081
23162, -0.358336
23162.5, -0.352234
23163, -0.349183
23163.5, -0.352234
23164, -0.370539
23164.5, -0.352234
23165, -0.370539
23165.5, -0.333928
23166, -0.330877
23166.5, -0.355285
23167, -0.349183
23167.5, -0.364437
23168, -0.367488
23168.5, -0.370539
23169, -0.382743
23169.5, -0.361386
23170, -0.358336
23170.5, -0.370539
23171, -0.364437
23171.5, -0.367488
23172, -0.364437
23172.5, -0.37359
23173, -0.34003
23173.5, -0.358336
23174, -0.349183
23174.5, -0.324775
23175, -0.37359
23175.5, -0.370539
23176, -0.364437
23176.5, -0.352234
23177, -0.34003
23177.5, -0.333928
23178, -0.34003
23178.5, -0.34003
23179, -0.376641
23179.5, -0.364437
23180, -0.382743
23180.5, -0.382743
23181, -0.343081
23181.5, -0.367488
23182, -0.34003
23182.5, -0.349183
23183, -0.364437
23183.5, -0.367488
23184, -0.379692
23184.5, -0.343081
23185, -0.336979
23185.5, -0.388845
23186, -0.346132
23186.5, -0.34003
23187, -0.361386
23187.5, -0.364437
23188, -0.382743
23188.5, -0.358336
23189, -0.352234
23189.5, -0.343081
23190, -0.361386
23190.5, -0.370539
23191, -0.367488
23191.5, -0.376641
23192, -0.379692
23192.5, -0.324775
23193, -0.336979
23193.5, -0.355285
23194, -0.336979
23194.5, -0.379692
23195, -0.343081
23195.5, -0.361386
23196, -0.367488
23196.5, -0.336979
23197, -0.330877
23197.5, -0.343081
23198, -0.358336
23198.5, -0.361386
23199, -0.376641
23199.5, -0.367488
23200, -0.330877
23200.5, -0.358336
23201, -0.343081
23201.5, -0.312571
23202, -0.388845
23202.5, -0.349183
23203, -0.379692
23203.5, -0.382743
23204, -0.34003
23204.5, -0.361386
23205, -0.346132
23205.5, -0.346132
23206, -0.355285
23206.5, -0.370539
23207, -0.385794
23207.5, -0.37359
23208, -0.343081
23208.5, -0.336979
23209, -0.349183
23209.5, -0.327826
23210, -0.37359
23210.5, -0.382743
23211, -0.367488
23211.5, -0.349183
23212, -0.312571
23212.5, -0.327826
23213, -0.358336
23213.5, -0.355285
23214, -0.364437
23214.5, -0.379692
23215, -0.364437
23215.5, -0.37359
23216, -0.312571
23216.5, -0.355285
23217, -0.343081
23217.5, -0.355285
23218, -0.361386
23218.5, -0.367488
23219, -0.37359
23219.5, -0.358336
23220, -0.312571
23220.5, -0.376641
23221, -0.330877
23221.5, -0.352234
23222, -0.37359
23222.5, -0.358336
23223, -0.370539
23223.5, -0.364437
23224, -0.30952
23224.5, -0.37359
23225, -0.346132
23225.5, -0.358336
23226, -0.388845
23226.5, -0.361386
23227, -0.324775
23227.5, -0.364437
23228, -0.324775
23228.5, -0.367488
23229, -0.370539
23229.5, -0.352234
23230, -0.391896
23230.5, -0.370539
23231, -0.318673
23231.5, -0.352234
23232, -0.327826
23232.5, -0.361386
23233, -0.391896
23233.5, -0.364437
23234, -0.379692
23234.5, -0.385794
23235, -0.321724
23235.5, -0.346132
23236, -0.355285
23236.5, -0.367488
23237, -0.401049
23237.5, -0.364437
23238, -0.364437
23238.5, -0.376641
23239, -0.318673
23239.5, -0.355285
23240, -0.349183
23240.5, -0.358336
23241, -0.361386
23241.5, -0.367488
23242, -0.370539
23242.5, -0.364437
23243, -0.324775
23243.5, -0.361386
23244, -0.336979
23244.5, -0.370539
23245, -0.364437
23245.5, -0.355285
23246, -0.370539
23246.5, -0.367488
23247, -0.312571
23247.5, -0.358336
23248, -0.37359
23248.5, -0.358336
23249, -0.367488
23249.5, -0.367488
23250, -0.388845
23250.5, -0.367488
23251, -0.306469
23251.5, -0.358336
23252, -0.361386
23252.5, -0.358336
23253, -0.352234
23253.5, -0.367488
23254, -0.367488
23254.5, -0.361386
23255, -0.370539
23255.5, -0.358336
23256, -0.367488
23256.5, -0.370539
23257, -0.358336
23257.5, -0.37359
23258, -0.358336
23258.5, -0.37359
23259, -0.358336
23259.5, -0.330877
23260, -0.367488
23260.5, -0.346132
23261, -0.361386
23261.5, -0.379692
23262, -0.361386
23262.5, -0.327826
23263, -0.361386
23263.5, -0.355285
23264, -0.355285
23264.5, -0.361386
23265, -0.367488
23265.5, -0.361386
23266, -0.358336
23266.5, -0.355285
23267, -0.370539
23267.5, -0.355285
23268, -0.367488
23268.5, -0.364437
23269, -0.355285
23269.5, -0.333928
23270, -0.358336
23270.5, -0.37359
23271, -0.352234
23271.5, -0.349183
23272, -0.349183
23272.5, -0.361386
23273, -0.361386
23273.5, -0.367488
23274, -0.355285
23274.5, -0.358336
23275, -0.364437
23275.5, -0.355285
23276, -0.358336
23276.5, -0.376641
23277, -0.364437
23277.5, -0.358336
23278, -0.355285
23278.5, -0.367488
23279, -0.370539
23279.5, -0.352234
23280, -0.358336
23280.5, -0.361386
23281, -0.358336
23281.5, -0.352234
23282, -0.361386
23282.5, -0.352234
23283, -0.37359
23283.5, -0.367488
23284, -0.361386
23284.5, -0.370539
23285, -0.364437
23285.5, -0.352234
23286, -0.358336
23286.5, -0.370539
23287, -0.361386
23287.5, -0.370539
23288, -0.367488
23288.5, -0.352234
23289, -0.370539
23289.5, -0.352234
23290, -0.349183
23290.5, -0.367488
23291, -0.364437
23291.5, -0.358336
23292, -0.367488
23292.5, -0.361386
23293, -0.333928
23293.5, -0.358336
23294, -0.333928
23294.5, -0.370539
23295, -0.367488
23295.5, -0.361386
23296, -0.361386
23296.5, -0.367488
23297, -0.349183
23297.5, -0.361386
23298, -0.352234
23298.5, -0.352234
23299, -0.364437
23299.5, -0.355285
23300, -0.364437
23300.5, -0.358336
23301, -0.318673
23301.5, -0.364437
23302, -0.352234
23302.5, -0.361386
23303, -0.37359
23303.5, -0.349183
23304, -0.382743
23304.5, -0.37359
23305, -0.327826
23305.5, -0.364437
23306, -0.343081
23306.5, -0.364437
23307, -0.376641
23307.5, -0.352234
23308, -0.346132
23308.5, -0.34003
23309, -0.349183
23309.5, -0.358336
23310, -0.37359
23310.5, -0.358336
23311, -0.382743
23311.5, -0.367488
23312, -0.336979
23312.5, -0.352234
23313, -0.349183
23313.5, -0.358336
23314, -0.364437
23314.5, -0.370539
23315, -0.370539
23315.5, -0.385794
23316, -0.330877
23316.5, -0.367488
23317, -0.336979
23317.5, -0.358336
23318, -0.388845
23318.5, -0.364437
23319, -0.385794
23319.5, -0.358336
23320, -0.352234
23320.5, -0.364437
23321, -0.330877
23321.5, -0.364437
23322, -0.376641
23322.5, -0.346132
23323, -0.376641
23323.5, -0.376641
23324, -0.352234
23324.5, -0.361386
23325, -0.327826
23325.5, -0.379692
23326, -0.379692
23326.5, -0.358336
23327, -0.376641
23327.5, -0.333928
23328, -0.333928
23328.5, -0.361386
23329, -0.349183
23329.5, -0.358336
23330, -0.364437
23330.5, -0.367488
23331, -0.385794
23331.5, -0.364437
23332, -0.30952
23332.5, -0.352234
23333, -0.352234
23333.5, -0.382743
23334, -0.361386
23334.5, -0.364437
23335, -0.330877
23335.5, -0.330877
23336, -0.318673
23336.5, -0.364437
23337, -0.364437
23337.5, -0.346132
23338, -0.385794
23338.5, -0.370539
23339, -0.324775
23339.5, -0.364437
23340, -0.321724
23340.5, -0.346132
23341, -0.397998
23341.5, -0.34003
23342, -0.37359
23342.5, -0.379692
23343, -0.303418
23343.5, -0.349183
23344, -0.330877
23344.5, -0.355285
23345, -0.385794
23345.5, -0.364437
23346, -0.391896
23346.5, -0.37359
23347, -0.343081
23347.5, -0.364437
23348, -0.324775
23348.5, -0.346132
23349, -0.382743
23349.5, -0.385794
23350, -0.401049
23350.5, -0.355285
23351, -0.321724
23351.5, -0.34003
23352, -0.346132
23352.5, -0.352234
23353, -0.388845
23353.5, -0.376641
23354, -0.391896
23354.5, -0.315622
23355, -0.324775
23355.5, -0.336979
23356, -0.352234
23356.5, -0.364437
23357, -0.37359
23357.5, -0.376641
23358, -0.379692
23358.5, -0.333928
23359, -0.34003
23359.5, -0.346132
23360, -0.355285
23360.5, -0.358336
23361, -0.376641
23361.5, -0.370539
23362, -0.358336
23362.5, -0.336979
23363, -0.367488
23363.5, -0.349183
23364, -0.376641
23364.5, -0.34003
23365, -0.379692
23365.5, -0.394947
23366, -0.358336
23366.5, -0.330877
23367, -0.358336
23367.5, -0.370539
23368, -0.376641
23368.5, -0.358336
23369, -0.367488
23369.5, -0.370539
23370, -0.361386
23370.5, -0.349183
23371, -0.364437
23371.5, -0.34003
23372, -0.370539
23372.5, -0.355285
23373, -0.358336
23373.5, -0.397998
23374, -0.333928
23374.5, -0.330877
23375, -0.364437
23375.5, -0.343081
23376, -0.37359
23376.5, -0.376641
23377, -0.358336
23377.5, -0.358336
23378, -0.358336
23378.5, -0.346132
23379, -0.364437
23379.5, -0.361386
23380, -0.361386
23380.5, -0.355285
23381, -0.370539
23381.5, -0.34003
23382, -0.349183
23382.5, -0.364437
23383, -0.37359
23383.5, -0.370539
23384, -0.364437
23384.5, -0.364437
23385, -0.352234
23385.5, -0.336979
23386, -0.358336
23386.5, -0.358336
23387, -0.361386
23387.5, -0.349183
23388, -0.364437
23388.5, -0.364437
23389, -0.367488
23389.5, -0.355285
23390, -0.355285
23390.5, -0.376641
23391, -0.343081
23391.5, -0.358336
23392, -0.34003
23392.5, -0.352234
23393, -0.376641
23393.5, -0.346132
23394, -0.361386
23394.5, -0.361386
23395, -0.37359
23395.5, -0.355285
23396, -0.355285
23396.5, -0.364437
23397, -0.361386
23397.5, -0.355285
23398, -0.367488
23398.5, -0.349183
23399, -0.37359
23399.5, -0.370539
23400, -0.352234
23400.5, -0.358336
23401, -0.379692
23401.5, -0.355285
23402, -0.355285
23402.5, -0.343081
23403, -0.388845
23403.5, -0.352234
23404, -0.382743
23404.5, -0.352234
23405, -0.324775
23405.5, -0.361386
23406, -0.34003
23406.5, -0.358336
23407, -0.37359
23407.5, -0.355285
23408, -0.37359
23408.5, -0.364437
23409, -0.364437
23409.5, -0.355285
23410, -0.352234
23410.5, -0.355285
23411, -0.370539
23411.5, -0.37359
23412, -0.385794
23412.5, -0.352234
23413, -0.370539
23413.5, -0.367488
23414, -0.349183
23414.5, -0.361386
23415, -0.364437
23415.5, -0.358336
23416, -0.349183
23416.5, -0.376641
23417, -0.352234
23417.5, -0.355285
23418, -0.370539
23418.5, -0.355285
23419, -0.367488
23419.5, -0.367488
23420, -0.349183
23420.5, -0.364437
23421, -0.352234
23421.5, -0.361386
23422, -0.37359
23422.5, -0.364437
23423, -0.376641
23423.5, -0.361386
23424, -0.34003
23424.5, -0.352234
23425, -0.343081
23425.5, -0.352234
23426, -0.367488
23426.5, -0.361386
23427, -0.376641
23427.5, -0.364437
23428, -0.346132
23428.5, -0.361386
23429, -0.34003
23429.5, -0.37359
23430, -0.370539
23430.5, -0.349183
23431, -0.388845
23431.5, -0.343081
23432, -0.349183
23432.5, -0.349183
23433, -0.349183
23433.5, -0.364437
23434, -0.364437
23434.5, -0.379692
23435, -0.376641
23435.5, -0.352234
23436, -0.336979
23436.5, -0.355285
23437, -0.327826
23437.5, -0.367488
23438, -0.352234
23438.5, -0.367488
23439, -0.370539
23439.5, -0.367488
23440, -0.333928
23440.5, -0.349183
23441, -0.349183
23441.5, -0.367488
23442, -0.361386
23442.5, -0.37359
23443, -0.37359
23443.5, -0.336979
23444, -0.346132
23444.5, -0.343081
23445, -0.364437
23445.5, -0.370539
23446, -0.370539
23446.5, -0.364437
23447, -0.315622
23447.5, -0.330877
23448, -0.312571
23448.5, -0.355285
23449, -0.355285
23449.5, -0.358336
23450, -0.367488
23450.5, -0.364437
23451, -0.333928
23451.5, -0.343081
23452, -0.34003
23452.5, -0.355285
23453, -0.37359
23453.5, -0.370539
23454, -0.370539
23454.5, -0.367488
23455, -0.336979
23455.5, -0.349183
23456, -0.361386
23456.5, -0.336979
23457, -0.376641
23457.5, -0.367488
23458, -0.343081
23458.5, -0.349183
23459, -0.346132
23459.5, -0.358336
23460, -0.34003
23460.5, -0.343081
23461, -0.379692
23461.5, -0.367488
23462, -0.388845
23462.5, -0.361386
23463, -0.333928
23463.5, -0.352234
23464, -0.34003
23464.5, -0.358336
23465, -0.376641
23465.5, -0.364437
23466, -0.391896
23466.5, -0.355285
23467, -0.312571
23467.5, -0.355285
23468, -0.349183
23468.5, -0.352234
23469, -0.379692
23469.5, -0.346132
23470, -0.391896
23470.5, -0.352234
23471, -0.318673
23471.5, -0.364437
23472, -0.355285
23472.5, -0.346132
23473, -0.385794
23473.5, -0.364437
23474, -0.303418
23474.5, -0.324775
23475, -0.34003
23475.5, -0.34003
23476, -0.376641
23476.5, -0.370539
23477, -0.364437
23477.5, -0.37359
23478, -0.327826
23478.5, -0.336979
23479, -0.376641
23479.5, -0.315622
23480, -0.367488
23480.5, -0.346132
23481, -0.391896
23481.5, -0.370539
23482, -0.349183
23482.5, -0.358336
23483, -0.376641
23483.5, -0.312571
23484, -0.367488
23484.5, -0.379692
23485, -0.364437
23485.5, -0.355285
23486, -0.330877
23486.5, -0.361386
23487, -0.370539
23487.5, -0.355285
23488, -0.37359
23488.5, -0.364437
23489, -0.376641
23489.5, -0.333928
23490, -0.324775
23490.5, -0.346132
23491, -0.352234
23491.5, -0.370539
23492, -0.376641
23492.5, -0.361386
23493, -0.397998
23493.5, -0.321724
23494, -0.364437
23494.5, -0.343081
23495, -0.361386
23495.5, -0.37359
23496, -0.355285
23496.5, -0.376641
23497, -0.364437
23497.5, -0.333928
23498, -0.367488
23498.5, -0.361386
23499, -0.361386
23499.5, -0.379692
23500, -0.349183
23500.5, -0.349183
23501, -0.349183
23501.5, -0.361386
23502, -0.355285
23502.5, -0.343081
23503, -0.370539
23503.5, -0.364437
23504, -0.364437
23504.5, -0.382743
23505, -0.358336
23505.5, -0.346132
23506, -0.370539
23506.5, -0.349183
23507, -0.370539
23507.5, -0.376641
23508, -0.361386
23508.5, -0.364437
23509, -0.367488
23509.5, -0.364437
23510, -0.355285
23510.5, -0.346132
23511, -0.364437
23511.5, -0.352234
23512, -0.367488
23512.5, -0.376641
23513, -0.358336
23513.5, -0.358336
23514, -0.355285
23514.5, -0.355285
23515, -0.349183
23515.5, -0.358336
23516, -0.367488
23516.5, -0.330877
23517, -0.364437
23517.5, -0.367488
23518, -0.358336
23518.5, -0.352234
23519, -0.355285
23519.5, -0.358336
23520, -0.370539
23520.5, -0.349183
23521, -0.361386
23521.5, -0.349183
23522, -0.355285
23522.5, -0.346132
23523, -0.376641
23523.5, -0.355285
23524, -0.364437
23524.5, -0.364437
23525, -0.352234
23525.5, -0.349183
23526, -0.364437
23526.5, -0.355285
23527, -0.358336
23527.5, -0.361386
23528, -0.364437
23528.5, -0.364437
23529, -0.355285
23529.5, -0.376641
23530, -0.379692
23530.5, -0.364437
23531, -0.370539
23531.5, -0.364437
23532, -0.379692
23532.5, -0.358336
23533, -0.34003
23533.5, -0.361386
23534, -0.370539
23534.5, -0.358336
23535, -0.385794
23535.5, -0.358336
23536, -0.370539
23536.5, -0.355285
23537, -0.343081
23537.5, -0.355285
23538, -0.370539
23538.5, -0.352234
23539, -0.370539
23539.5, -0.361386
23540, -0.333928
23540.5, -0.352234
23541, -0.346132
23541.5, -0.349183
23542, -0.37359
23542.5, -0.358336
23543, -0.367488
23543.5, -0.364437
23544, -0.330877
23544.5, -0.364437
23545, -0.355285
23545.5, -0.355285
23546, -0.376641
23546.5, -0.358336
23547, -0.364437
23547.5, -0.367488
23548, -0.336979
23548.5, -0.349183
23549, -0.349183
23549.5, -0.367488
23550, -0.376641
23550.5, -0.34003
23551, -0.385794
23551.5, -0.358336
23552, -0.349183
23552.5, -0.376641
23553, -0.34003
23553.5, -0.361386
23554, -0.370539
23554.5, -0.355285
23555, -0.34003
23555.5, -0.37359
23556, -0.346132
23556.5, -0.34003
23557, -0.37359
23557.5, -0.358336
23558, -0.379692
23558.5, -0.379692
23559, -0.315622
23559.5, -0.352234
23560, -0.333928
23560.5, -0.352234
23561, -0.376641
23561.5, -0.352234
23562, -0.388845
23562.5, -0.37359
23563, -0.330877
23563.5, -0.346132
23564, -0.333928
23564.5, -0.343081
23565, -0.370539
23565.5, -0.349183
23566, -0.376641
23566.5, -0.355285
23567, -0.336979
23567.5, -0.364437
23568, -0.321724
23568.5, -0.364437
23569, -0.352234
23569.5, -0.394947
23570, -0.382743
23570.5, -0.352234
23571, -0.346132
23571.5, -0.349183
23572, -0.333928
23572.5, -0.349183
23573, -0.367488
23573.5, -0.370539
23574, -0.397998
23574.5, -0.358336
23575, -0.312571
23575.5, -0.34003
23576, -0.361386
23576.5, -0.364437
23577, -0.361386
23577.5, -0.361386
23578, -0.385794
23578.5, -0.358336
23579, -0.30952
23579.5, -0.343081
23580, -0.355285
23580.5, -0.352234
23581, -0.388845
23581.5, -0.358336
23582, -0.34003
23582.5, -0.34003
23583, -0.327826
23583.5, -0.349183
23584, -0.385794
23584.5, -0.355285
23585, -0.376641
23585.5, -0.376641
23586, -0.324775
23586.5, -0.349183
23587, -0.34003
23587.5, -0.34003
23588, -0.385794
23588.5, -0.376641
23589, -0.394947
23589.5, -0.376641
23590, -0.318673
23590.5, -0.358336
23591, -0.330877
23591.5, -0.346132
23592, -0.382743
23592.5, -0.370539
23593, -0.394947
23593.5, -0.346132
23594, -0.315622
23594.5, -0.34003
23595, -0.361386
23595.5, -0.361386
23596, -0.382743
23596.5, -0.343081
23597, -0.385794
23597.5, -0.358336
23598, -0.30952
23598.5, -0.346132
23599, -0.333928
23599.5, -0.364437
23600, -0.379692
23600.5, -0.388845
23601, -0.370539
23601.5, -0.333928
23602, -0.312571
23602.5, -0.330877
23603, -0.364437
23603.5, -0.358336
23604, -0.382743
23604.5, -0.376641
23605, -0.361386
23605.5, -0.346132
23606, -0.370539
23606.5, -0.361386
23607, -0.364437
23607.5, -0.346132
23608, -0.367488
23608.5, -0.361386
23609, -0.358336
23609.5, -0.333928
23610, -0.361386
23610.5, -0.349183
23611, -0.376641
23611.5, -0.355285
23612, -0.364437
23612.5, -0.37359
23613, -0.349183
23613.5, -0.312571
23614, -0.361386
23614.5, -0.324775
23615, -0.37359
23615.5, -0.370539
23616, -0.361386
23616.5, -0.388845
23617, -0.349183
23617.5, -0.346132
23618, -0.358336
23618.5, -0.318673
23619, -0.367488
23619.5, -0.367488
23620, -0.358336
23620.5, -0.388845
23621, -0.364437
23621.5, -0.34003
23622, -0.370539
23622.5, -0.346132
23623, -0.367488
23623.5, -0.364437
23624, -0.355285
23624.5, -0.327826
23625, -0.352234
23625.5, -0.37359
23626, -0.355285
23626.5, -0.349183
23627, -0.364437
23627.5, -0.361386
23628, -0.346132
23628.5, -0.370539
23629, -0.361386
23629.5, -0.379692
23630, -0.364437
23630.5, -0.355285
23631, -0.361386
23631.5, -0.361386
23632, -0.367488
23632.5, -0.34003
23633, -0.370539
23633.5, -0.37359
23634, -0.355285
23634.5, -0.361386
23635, -0.364437
23635.5, -0.358336
23636, -0.358336
23636.5, -0.361386
23637, -0.361386
23637.5, -0.367488
23638, -0.355285
23638.5, -0.358336
23639, -0.358336
23639.5, -0.367488
23640, -0.361386
23640.5, -0.358336
23641, -0.352234
23641.5, -0.352234
23642, -0.352234
23642.5, -0.364437
23643, -0.367488
23643.5, -0.370539
23644, -0.355285
23644.5, -0.352234
23645, -0.358336
23645.5, -0.37359
23646, -0.364437
23646.5, -0.37359
23647, -0.376641
23647.5, -0.37359
23648, -0.367488
23648.5, -0.367488
23649, -0.34003
23649.5, -0.355285
23650, -0.358336
23650.5, -0.364437
23651, -0.376641
23651.5, -0.358336
23652, -0.37359
23652.5, -0.367488
23653, -0.34003
23653.5, -0.355285
23654, -0.370539
23654.5, -0.361386
23655, -0.385794
23655.5, -0.361386
23656, -0.336979
23656.5, -0.376641
23657, -0.34003
23657.5, -0.361386
23658, -0.358336
23658.5, -0.355285
23659, -0.385794
23659.5, -0.358336
23660, -0.367488
23660.5, -0.34003
23661, -0.343081
23661.5, -0.376641
23662, -0.37359
23662.5, -0.364437
23663, -0.385794
23663.5, -0.358336
23664, -0.352234
23664.5, -0.352234
23665, -0.361386
23665.5, -0.361386
23666, -0.367488
23666.5, -0.367488
23667, -0.324775
23667.5, -0.352234
23668, -0.343081
23668.5, -0.367488
23669, -0.364437
23669.5, -0.352234
23670, -0.370539
23670.5, -0.37359
23671, -0.336979
23671.5, -0.346132
23672, -0.349183
23672.5, -0.361386
23673, -0.370539
23673.5, -0.343081
23674, -0.382743
23674.5, -0.349183
23675, -0.346132
23675.5, -0.352234
23676, -0.343081
23676.5, -0.346132
23677, -0.364437
23677.5, -0.361386
23678, -0.382743
23678.5, -0.358336
23679, -0.346132
23679.5, -0.343081
23680, -0.361386
23680.5, -0.367488
23681, -0.370539
23681.5, -0.361386
23682, -0.364437
23682.5, -0.333928
23683, -0.333928
23683.5, -0.34003
23684, -0.336979
23684.5, -0.37359
23685, -0.364437
23685.5, -0.361386
23686, -0.37359
23686.5, -0.370539
23687, -0.327826
23687.5, -0.379692
23688, -0.343081
23688.5, -0.358336
23689, -0.379692
23689.5, -0.352234
23690, -0.379692
23690.5, -0.355285
23691, -0.324775
23691.5, -0.355285
23692, -0.361386
23692.5, -0.346132
23693, -0.4041
23693.5, -0.367488
23694, -0.333928
23694.5, -0.336979
23695, -0.352234
23695.5, -0.336979
23696, -0.355285
23696.5, -0.361386
23697, -0.391896
23697.5, -0.361386
23698, -0.30952
23698.5, -0.361386
23699, -0.330877
23699.5, -0.343081
23700, -0.394947
23700.5, -0.352234
23701, -0.382743
23701.5, -0.376641
23702, -0.318673
23702.5, -0.34003
23703, -0.318673
23703.5, -0.333928
23704, -0.37359
23704.5, -0.358336
23705, -0.37359
23705.5, -0.34003
23706, -0.333928
23706.5, -0.37359
23707, -0.336979
23707.5, -0.358336
23708, -0.379692
23708.5, -0.370539
23709, -0.388845
23709.5, -0.346132
23710, -0.318673
23710.5, -0.333928
23711, -0.318673
23711.5, -0.367488
23712, -0.385794
23712.5, -0.358336
23713, -0.388845
23713.5, -0.327826
23714, -0.303418
23714.5, -0.34003
23715, -0.333928
23715.5, -0.37359
23716, -0.376641
23716.5, -0.37359
23717, -0.388845
23717.5, -0.330877
23718, -0.34003
23718.5, -0.34003
23719, -0.37359
23719.5, -0.361386
23720, -0.397998
23720.5, -0.385794
23721, -0.327826
23721.5, -0.324775
23722, -0.364437
23722.5, -0.321724
23723, -0.382743
23723.5, -0.367488
23724, -0.349183
23724.5, -0.385794
23725, -0.361386
23725.5, -0.361386
23726, -0.370539
23726.5, -0.321724
23727, -0.364437
23727.5, -0.355285
23728, -0.361386
23728.5, -0.391896
23729, -0.333928
23729.5, -0.352234
23730, -0.352234
23730.5, -0.327826
23731, -0.358336
23731.5, -0.376641
23732, -0.367488
23732.5, -0.358336
23733, -0.349183
23733.5, -0.376641
23734, -0.352234
23734.5, -0.364437
23735, -0.367488
23735.5, -0.355285
23736, -0.358336
23736.5, -0.349183
23737, -0.352234
23737.5, -0.370539
23738, -0.376641
23738.5, -0.346132
23739, -0.361386
23739.5, -0.367488
23740, -0.358336
23740.5, -0.364437
23741, -0.37359
23741.5, -0.352234
23742, -0.361386
23742.5, -0.358336
23743, -0.355285
23743.5, -0.370539
23744, -0.361386
23744.5, -0.355285
23745, -0.364437
23745.5, -0.358336
23746, -0.352234
23746.5, -0.343081
23747, -0.358336
23747.5, -0.37359
23748, -0.364437
23748.5, -0.349183
23749, -0.349183
23749.5, -0.333928
23750, -0.376641
23750.5, -0.355285
23751, -0.358336
23751.5, -0.361386
23752, -0.364437
23752.5, -0.355285
23753, -0.343081
23753.5, -0.358336
23754, -0.37359
23754.5, -0.367488
23755, -0.361386
23755.5, -0.349183
23756, -0.367488
23756.5, -0.37359
23757, -0.343081
23757.5, -0.370539
23758, -0.370539
23758.5, -0.376641
23759, -0.367488
23759.5, -0.358336
23760, -0.376641
23760.5, -0.361386
23761, -0.358336
23761.5, -0.346132
23762, -0.361386
23762.5, -0.367488
23763, -0.367488
23763.5, -0.367488
23764, -0.358336
23764.5, -0.367488
23765, -0.367488
23765.5, -0.352234
23766, -0.370539
23766.5, -0.361386
23767, -0.361386
23767.5, -0.37359
23768, -0.379692
23768.5, -0.361386
23769, -0.358336
23769.5, -0.358336
23770, -0.370539
23770.5, -0.352234
23771, -0.379692
23771.5, -0.364437
23772, -0.355285
23772.5, -0.364437
23773, -0.361386
23773.5, -0.364437
23774, -0.370539
23774.5, -0.355285
23775, -0.330877
23775.5, -0.367488
23776, -0.333928
23776.5, -0.370539
23777, -0.370539
23777.5, -0.367488
23778, -0.370539
23778.5, -0.352234
23779, -0.343081
23779.5, -0.367488
23780, -0.37359
23780.5, -0.355285
23781, -0.370539
23781.5, -0.367488
23782, -0.367488
23782.5, -0.361386
23783, -0.321724
23783.5, -0.367488
23784, -0.346132
23784.5, -0.364437
23785, -0.367488
23785.5, -0.367488
23786, -0.376641
23786.5, -0.367488
23787, -0.330877
23787.5, -0.358336
23788, -0.361386
23788.5, -0.355285
23789, -0.370539
23789.5, -0.361386
23790, -0.37359
23790.5, -0.367488
23791, -0.336979
23791.5, -0.364437
23792, -0.34003
23792.5, -0.361386
23793, -0.367488
23793.5, -0.358336
23794, -0.364437
23794.5, -0.343081
23795, -0.327826
23795.5, -0.358336
23796, -0.361386
23796.5, -0.37359
23797, -0.358336
23797.5, -0.37359
23798, -0.379692
23798.5, -0.34003
23799, -0.34003
23799.5, -0.37359
23800, -0.352234
23800.5, -0.358336
23801, -0.364437
23801.5, -0.376641
23802, -0.355285
23802.5, -0.34003
23803, -0.346132
23803.5, -0.346132
23804, -0.382743
23804.5, -0.367488
23805, -0.382743
23805.5, -0.370539
23806, -0.349183
23806.5, -0.336979
23807, -0.352234
23807.5, -0.346132
23808, -0.382743
23808.5, -0.364437
23809, -0.370539
23809.5, -0.397998
23810, -0.315622
23810.5, -0.34003
23811, -0.333928
23811.5, -0.352234
23812, -0.394947
23812.5, -0.367488
23813, -0.385794
23813.5, -0.367488
23814, -0.315622
23814.5, -0.355285
23815, -0.321724
23815.5, -0.379692
23816, -0.358336
23816.5, -0.358336
23817, -0.385794
23817.5, -0.355285
23818, -0.352234
23818.5, -0.355285
23819, -0.324775
23819.5, -0.376641
23820, -0.361386
23820.5, -0.361386
23821, -0.364437
23821.5, -0.355285
23822, -0.324775
23822.5, -0.361386
23823, -0.336979
23823.5, -0.376641
23824, -0.37359
23824.5, -0.37359
23825, -0.401049
23825.5, -0.361386
23826, -0.315622
23826.5, -0.379692
23827, -0.352234
23827.5, -0.37359
23828, -0.379692
23828.5, -0.370539
23829, -0.30952
23829.5, -0.34003
23830, -0.343081
23830.5, -0.352234
23831, -0.379692
23831.5, -0.367488
23832, -0.397998
23832.5, -0.370539
23833, -0.349183
23833.5, -0.352234
23834, -0.336979
23834.5, -0.352234
23835, -0.370539
23835.5, -0.376641
23836, -0.388845
23836.5, -0.385794
23837, -0.306469
23837.5, -0.355285
23838, -0.318673
23838.5, -0.330877
23839, -0.367488
23839.5, -0.352234
23840, -0.355285
23840.5, -0.370539
23841, -0.336979
23841.5, -0.336979
23842, -0.336979
23842.5, -0.361386
23843, -0.37359
23843.5, -0.367488
23844, -0.355285
23844.5, -0.333928
23845, -0.315622
23845.5, -0.346132
23846, -0.361386
23846.5, -0.364437
23847, -0.382743
23847.5, -0.37359
23848, -0.361386
23848.5, -0.343081
23849, -0.346132
23849.5, -0.37359
23850, -0.343081
23850.5, -0.361386
23851, -0.376641
23851.5, -0.37359
23852, -0.364437
23852.5, -0.364437
23853, -0.358336
23853.5, -0.343081
23854, -0.370539
23854.5, -0.358336
23855, -0.364437
23855.5, -0.352234
23856, -0.355285
23856.5, -0.330877
23857, -0.367488
23857.5, -0.37359
23858, -0.367488
23858.5, -0.358336
23859, -0.349183
23859.5, -0.385794
23860, -0.367488
23860.5, -0.358336
23861, -0.361386
23861.5, -0.318673
23862, -0.355285
23862.5, -0.376641
23863, -0.352234
23863.5, -0.370539
23864, -0.370539
23864.5, -0.330877
23865, -0.361386
23865.5, -0.336979
23866, -0.367488
23866.5, -0.361386
23867, -0.358336
23867.5, -0.388845
23868, -0.364437
23868.5, -0.355285
23869, -0.355285
23869.5, -0.349183
23870, -0.37359
23870.5, -0.37359
23871, -0.361386
23871.5, -0.370539
23872, -0.352234
23872.5, -0.382743
23873, -0.358336
23873.5, -0.352234
23874, -0.367488
23874.5, -0.349183
23875, -0.364437
23875.5, -0.37359
23876, -0.376641
23876.5, -0.364437
23877, -0.358336
23877.5, -0.367488
23878, -0.37359
23878.5, -0.352234
23879, -0.367488
23879.5, -0.370539
23880, -0.367488
23880.5, -0.364437
23881, -0.358336
23881.5, -0.355285
23882, -0.370539
23882.5, -0.358336
23883, -0.346132
23883.5, -0.358336
23884, -0.355285
23884.5, -0.37359
23885, -0.370539
23885.5, -0.370539
23886, -0.352234
23886.5, -0.364437
23887, -0.376641
23887.5, -0.367488
23888, -0.346132
23888.5, -0.364437
23889, -0.370539
23889.5, -0.364437
23890, -0.382743
23890.5, -0.352234
23891, -0.361386
23891.5, -0.367488
23892, -0.358336
23892.5, -0.352234
23893, -0.37359
23893.5, -0.367488
23894, -0.346132
23894.5, -0.364437
23895, -0.330877
23895.5, -0.361386
23896, -0.346132
23896.5, -0.358336
23897, -0.364437
23897.5, -0.358336
23898, -0.388845
23898.5, -0.370539
23899, -0.346132
23899.5, -0.349183
23900, -0.346132
23900.5, -0.370539
23901, -0.355285
23901.5, -0.361386
23902, -0.37359
23902.5, -0.355285
23903, -0.333928
23903.5, -0.34003
23904, -0.349183
23904.5, -0.385794
23905, -0.355285
23905.5, -0.370539
23906, -0.376641
23906.5, -0.370539
23907, -0.346132
23907.5, -0.358336
23908, -0.361386
23908.5, -0.361386
23909, -0.370539
23909.5, -0.370539
23910, -0.370539
23910.5, -0.367488
23911, -0.336979
23911.5, -0.352234
23912, -0.382743
23912.5, -0.352234
23913, -0.364437
23913.5, -0.355285
23914, -0.333928
23914.5, -0.361386
23915, -0.336979
23915.5, -0.34003
23916, -0.352234
23916.5, -0.361386
23917, -0.376641
23917.5, -0.355285
23918, -0.346132
23918.5, -0.333928
23919, -0.346132
23919.5, -0.346132
23920, -0.358336
23920.5, -0.37359
23921, -0.361386
23921.5, -0.382743
23922, -0.324775
23922.5, -0.361386
23923, -0.352234
23923.5, -0.358336
23924, -0.361386
23924.5, -0.370539
23925, -0.385794
23925.5, -0.361386
23926, -0.312571
23926.5, -0.34003
23927, -0.37359
23927.5, -0.364437
23928, -0.370539
23928.5, -0.358336
23929, -0.385794
23929.5, -0.349183
23930, -0.321724
23930.5, -0.358336
23931, -0.349183
23931.5, -0.358336
23932, -0.370539
23932.5, -0.358336
23933, -0.382743
23933.5, -0.367488
23934, -0.306469
23934.5, -0.376641
23935, -0.327826
23935.5, -0.379692
23936, -0.37359
23936.5, -0.367488
23937, -0.385794
23937.5, -0.352234
23938, -0.318673
23938.5, -0.355285
23939, -0.361386
23939.5, -0.355285
23940, -0.379692
23940.5, -0.367488
23941, -0.318673
23941.5, -0.336979
23942, -0.346132
23942.5, -0.343081
23943, -0.379692
23943.5, -0.370539
23944, -0.370539
23944.5, -0.382743
23945, -0.327826
23945.5, -0.346132
23946, -0.352234
23946.5, -0.355285
23947, -0.388845
23947.5, -0.364437
23948, -0.379692
23948.5, -0.349183
23949, -0.355285
23949.5, -0.358336
23950, -0.327826
23950.5, -0.327826
23951, -0.388845
23951.5, -0.367488
23952, -0.376641
23952.5, -0.355285
23953, -0.346132
23953.5, -0.364437
23954, -0.352234
23954.5, -0.349183
23955, -0.385794
23955.5, -0.349183
23956, -0.401049
23956.5, -0.367488
23957, -0.297316
23957.5, -0.370539
23958, -0.327826
23958.5, -0.361386
23959, -0.370539
23959.5, -0.370539
23960, -0.401049
23960.5, -0.321724
23961, -0.336979
23961.5, -0.349183
23962, -0.343081
23962.5, -0.367488
23963, -0.379692
23963.5, -0.379692
23964, -0.364437
23964.5, -0.318673
23965, -0.333928
23965.5, -0.349183
23966, -0.379692
23966.5, -0.358336
23967, -0.388845
23967.5, -0.37359
23968, -0.361386
23968.5, -0.346132
23969, -0.361386
23969.5, -0.324775
23970, -0.376641
23970.5, -0.358336
23971, -0.361386
23971.5, -0.385794
23972, -0.349183
23972.5, -0.330877
23973, -0.361386
23973.5, -0.34003
23974, -0.364437
23974.5, -0.358336
23975, -0.385794
23975.5, -0.382743
23976, -0.358336
23976.5, -0.364437
23977, -0.352234
23977.5, -0.330877
23978, -0.355285
23978.5, -0.364437
23979, -0.367488
23979.5, -0.361386
23980, -0.361386
23980.5, -0.364437
23981, -0.346132
23981.5, -0.376641
23982, -0.364437
23982.5, -0.376641
23983, -0.364437
23983.5, -0.34003
23984, -0.346132
23984.5, -0.352234
23985, -0.355285
23985.5, -0.370539
23986, -0.352234
23986.5, -0.376641
23987, -0.355285
23987.5, -0.364437
23988, -0.370539
23988.5, -0.370539
23989, -0.358336
23989.5, -0.352234
23990, -0.358336
23990.5, -0.370539
23991, -0.361386
23991.5, -0.330877
23992, -0.358336
23992.5, -0.370539
23993, -0.364437
23993.5, -0.355285
23994, -0.349183
23994.5, -0.364437
23995, -0.367488
23995.5, -0.361386
23996, -0.349183
23996.5, -0.376641
23997, -0.364437
23997.5, -0.355285
23998, -0.367488
23998.5, -0.358336
23999, -0.367488
23999.5, -0.364437
24000, -0.336979
24000.5, -0.352234
24001, -0.37359
24001.5, -0.376641
24002, -0.364437
24002.5, -0.349183
24003, -0.364437
24003.5, -0.361386
24004, -0.34003
24004.5, -0.367488
24005, -0.361386
24005.5, -0.361386
24006, -0.364437
24006.5, -0.364437
24007, -0.336979
24007.5, -0.355285
24008, -0.349183
24008.5, -0.364437
24009, -0.379692
24009.5, -0.361386
24010, -0.361386
24010.5, -0.367488
24011, -0.336979
24011.5, -0.367488
24012, -0.352234
24012.5, -0.352234
24013, -0.370539
24013.5, -0.358336
24014, -0.379692
24014.5, -0.370539
24015, -0.333928
24015.5, -0.346132
24016, -0.364437
24016.5, -0.361386
24017, -0.37359
24017.5, -0.349183
24018, -0.379692
24018.5, -0.361386
24019, -0.346132
24019.5, -0.367488
24020, -0.364437
24020.5, -0.367488
24021, -0.370539
24021.5, -0.364437
24022, -0.343081
24022.5, -0.352234
24023, -0.361386
24023.5, -0.34003
24024, -0.370539
24024.5, -0.370539
24025, -0.385794
24025.5, -0.361386
24026, -0.324775
24026.5, -0.37359
24027, -0.352234
24027.5, -0.346132
24028, -0.376641
24028.5, -0.37359
24029, -0.367488
24029.5, -0.364437
24030, -0.324775
24030.5, -0.358336
24031, -0.343081
24031.5, -0.361386
24032, -0.364437
24032.5, -0.364437
24033, -0.385794
24033.5, -0.358336
24034, -0.330877
24034.5, -0.367488
24035, -0.343081
24035.5, -0.361386
24036, -0.364437
24036.5, -0.361386
24037, -0.370539
24037.5, -0.370539
24038, -0.346132
24038.5, -0.37359
24039, -0.352234
24039.5, -0.379692
24040, -0.370539
24040.5, -0.367488
24041, -0.379692
24041.5, -0.327826
24042, -0.355285
24042.5, -0.361386
24043, -0.34003
24043.5, -0.370539
24044, -0.376641
24044.5, -0.34003
24045, -0.37359
24045.5, -0.346132
24046, -0.349183
24046.5, -0.343081
24047, -0.34003
24047.5, -0.361386
24048, -0.382743
24048.5, -0.367488
24049, -0.330877
24049.5, -0.37359
24050, -0.330877
24050.5, -0.361386
24051, -0.367488
24051.5, -0.336979
24052, -0.397998
24052.5, -0.376641
24053, -0.324775
24053.5, -0.349183
24054, -0.324775
24054.5, -0.336979
24055, -0.382743
24055.5, -0.37359
24056, -0.394947
24056.5, -0.37359
24057, -0.349183
24057.5, -0.364437
24058, -0.34003
24058.5, -0.343081
24059, -0.382743
24059.5, -0.361386
24060, -0.4041
24060.5, -0.361386
24061, -0.324775
24061.5, -0.37359
24062, -0.333928
24062.5, -0.364437
24063, -0.379692
24063.5, -0.364437
24064, -0.382743
24064.5, -0.352234
24065, -0.336979
24065.5, -0.364437
24066, -0.333928
24066.5, -0.361386
24067, -0.385794
24067.5, -0.370539
24068, -0.385794
24068.5, -0.364437
24069, -0.324775
24069.5, -0.364437
24070, -0.34003
24070.5, -0.364437
24071, -0.379692
24071.5, -0.379692
24072, -0.385794
24072.5, -0.361386
24073, -0.306469
24073.5, -0.349183
24074, -0.349183
24074.5, -0.343081
24075, -0.388845
24075.5, -0.367488
24076, -0.361386
24076.5, -0.370539
24077, -0.358336
24077.5, -0.370539
24078, -0.385794
24078.5, -0.361386
24079, -0.370539
24079.5, -0.385794
24080, -0.349183
24080.5, -0.336979
24081, -0.330877
24081.5, -0.343081
24082, -0.379692
24082.5, -0.370539
24083, -0.385794
24083.5, -0.391896
24084, -0.37359
24084.5, -0.343081
24085, -0.330877
24085.5, -0.34003
24086, -0.370539
24086.5, -0.382743
24087, -0.379692
24087.5, -0.388845
24088, -0.327826
24088.5, -0.343081
24089, -0.358336
24089.5, -0.355285
24090, -0.376641
24090.5, -0.385794
24091, -0.358336
24091.5, -0.333928
24092, -0.343081
24092.5, -0.343081
24093, -0.379692
24093.5, -0.352234
24094, -0.37359
24094.5, -0.361386
24095, -0.37359
24095.5, -0.327826
24096, -0.355285
24096.5, -0.358336
24097, -0.367488
24097.5, -0.355285
24098, -0.361386
24098.5, -0.358336
24099, -0.364437
24099.5, -0.358336
24100, -0.367488
24100.5, -0.355285
24101, -0.370539
24101.5, -0.358336
24102, -0.367488
24102.5, -0.37359
24103, -0.367488
24103.5, -0.358336
24104, -0.364437
24104.5, -0.352234
24105, -0.361386
24105.5, -0.367488
24106, -0.358336
24106.5, -0.352234
24107, -0.370539
24107.5, -0.349183
24108, -0.364437
24108.5, -0.315622
24109, -0.358336
24109.5, -0.364437
24110, -0.352234
24110.5, -0.361386
24111, -0.358336
24111.5, -0.364437
24112, -0.367488
24112.5, -0.34003
24113, -0.367488
24113.5, -0.349183
24114, -0.370539
24114.5, -0.376641
24115, -0.358336
24115.5, -0.361386
24116, -0.358336
24116.5, -0.364437
24117, -0.37359
24117.5, -0.355285
24118, -0.379692
24118.5, -0.361386
24119, -0.376641
24119.5, -0.370539
24120, -0.355285
24120.5, -0.355285
24121, -0.352234
24121.5, -0.364437
24122, -0.367488
24122.5, -0.355285
24123, -0.349183
24123.5, -0.358336
24124, -0.346132
24124.5, -0.361386
24125, -0.367488
24125.5, -0.364437
24126, -0.361386
24126.5, -0.370539
24127, -0.37359
24127.5, -0.352234
24128, -0.364437
24128.5, -0.364437
24129, -0.370539
24129.5, -0.364437
24130, -0.349183
24130.5, -0.361386
24131, -0.352234
24131.5, -0.346132
24132, -0.376641
24132.5, -0.355285
24133, -0.364437
24133.5, -0.367488
24134, -0.333928
24134.5, -0.364437
24135, -0.358336
24135.5, -0.358336
24136, -0.379692
24136.5, -0.358336
24137, -0.385794
24137.5, -0.367488
24138, -0.361386
24138.5, -0.367488
24139, -0.336979
24139.5, -0.364437
24140, -0.37359
24140.5, -0.379692
24141, -0.379692
24141.5, -0.358336
24142, -0.343081
24142.5, -0.358336
24143, -0.358336
24143.5, -0.385794
24144, -0.367488
24144.5, -0.367488
24145, -0.382743
24145.5, -0.364437
24146, -0.333928
24146.5, -0.352234
24147, -0.346132
24147.5, -0.379692
24148, -0.358336
24148.5, -0.361386
24149, -0.364437
24149.5, -0.352234
24150, -0.333928
24150.5, -0.361386
24151, -0.352234
24151.5, -0.361386
24152, -0.37359
24152.5, -0.376641
24153, -0.37359
24153.5, -0.367488
24154, -0.34003
24154.5, -0.364437
24155, -0.349183
24155.5, -0.355285
24156, -0.379692
24156.5, -0.364437
24157, -0.376641
24157.5, -0.361386
24158, -0.349183
24158.5, -0.355285
24159, -0.37359
24159.5, -0.37359
24160, -0.379692
24160.5, -0.379692
24161, -0.336979
24161.5, -0.358336
24162, -0.336979
24162.5, -0.324775
24163, -0.370539
24163.5, -0.364437
24164, -0.401049
24164.5, -0.379692
24165, -0.327826
24165.5, -0.346132
24166, -0.343081
24166.5, -0.349183
24167, -0.367488
24167.5, -0.361386
24168, -0.382743
24168.5, -0.379692
24169, -0.30952
24169.5, -0.346132
24170, -0.312571
24170.5, -0.361386
24171, -0.370539
24171.5, -0.352234
24172, -0.379692
24172.5, -0.37359
24173, -0.318673
24173.5, -0.355285
24174, -0.346132
24174.5, -0.352234
24175, -0.379692
24175.5, -0.379692
24176, -0.4041
24176.5, -0.333928
24177, -0.300367
24177.5, -0.367488
24178, -0.349183
24178.5, -0.379692
24179, -0.382743
24179.5, -0.364437
24180, -0.397998
24180.5, -0.343081
24181, -0.30952
24181.5, -0.346132
24182, -0.312571
24182.5, -0.37359
24183, -0.364437
24183.5, -0.352234
24184, -0.4041
24184.5, -0.358336
24185, -0.315622
24185.5, -0.361386
24186, -0.370539
24186.5, -0.364437
24187, -0.388845
24187.5, -0.370539
24188, -0.312571
24188.5, -0.336979
24189, -0.352234
24189.5, -0.346132
24190, -0.376641
24190.5, -0.37359
24191, -0.388845
24191.5, -0.367488
24192, -0.30952
24192.5, -0.352234
24193, -0.318673
24193.5, -0.330877
24194, -0.397998
24194.5, -0.358336
24195, -0.376641
24195.5, -0.382743
24196, -0.300367
24196.5, -0.336979
24197, -0.367488
24197.5, -0.376641
24198, -0.379692
24198.5, -0.358336
24199, -0.379692
24199.5, -0.367488
24200, -0.30952
24200.5, -0.343081
24201, -0.349183
24201.5, -0.382743
24202, -0.379692
24202.5, -0.361386
24203, -0.37359
24203.5, -0.330877
24204, -0.355285
24204.5, -0.367488
24205, -0.346132
24205.5, -0.361386
24206, -0.37359
24206.5, -0.37359
24207, -0.361386
24207.5, -0.330877
24208, -0.361386
24208.5, -0.346132
24209, -0.367488
24209.5, -0.346132
24210, -0.364437
24210.5, -0.37359
24211, -0.367488
24211.5, -0.324775
24212, -0.330877
24212.5, -0.336979
24213, -0.352234
24213.5, -0.346132
24214, -0.367488
24214.5, -0.370539
24215, -0.34003
24215.5, -0.333928
24216, -0.352234
24216.5, -0.364437
24217, -0.385794
24217.5, -0.361386
24218, -0.367488
24218.5, -0.385794
24219, -0.343081
24219.5, -0.343081
24220, -0.361386
24220.5, -0.330877
24221, -0.370539
24221.5, -0.364437
24222, -0.370539
24222.5, -0.385794
24223, -0.346132
24223.5, -0.349183
24224, -0.364437
24224.5, -0.349183
24225, -0.367488
24225.5, -0.355285
24226, -0.358336
24226.5, -0.367488
24227, -0.370539
24227.5, -0.367488
24228, -0.364437
24228.5, -0.361386
24229, -0.358336
24229.5, -0.382743
24230, -0.358336
24230.5, -0.358336
24231, -0.358336
24231.5, -0.37359
24232, -0.355285
24232.5, -0.352234
24233, -0.361386
24233.5, -0.358336
24234, -0.379692
24234.5, -0.382743
24235, -0.361386
24235.5, -0.376641
24236, -0.352234
24236.5, -0.34003
24237, -0.370539
24237.5, -0.355285
24238, -0.370539
24238.5, -0.364437
24239, -0.346132
24239.5, -0.379692
24240, -0.364437
24240.5, -0.367488
24241, -0.358336
24241.5, -0.355285
24242, -0.379692
24242.5, -0.364437
24243, -0.346132
24243.5, -0.355285
24244, -0.364437
24244.5, -0.37359
24245, -0.37359
24245.5, -0.364437
24246, -0.352234
24246.5, -0.355285
24247, -0.355285
24247.5, -0.358336
24248, -0.367488
24248.5, -0.361386
24249, -0.37359
24249.5, -0.367488
24250, -0.346132
24250.5, -0.361386
24251, -0.349183
24251.5, -0.355285
24252, -0.376641
24252.5, -0.349183
24253, -0.37359
24253.5, -0.367488
24254, -0.333928
24254.5, -0.355285
24255, -0.352234
24255.5, -0.355285
24256, -0.379692
24256.5, -0.358336
24257, -0.367488
24257.5, -0.361386
24258, -0.333928
24258.5, -0.37359
24259, -0.336979
24259.5, -0.361386
24260, -0.370539
24260.5, -0.358336
24261, -0.385794
24261.5, -0.349183
24262, -0.349183
24262.5, -0.364437
24263, -0.346132
24263.5, -0.367488
24264, -0.358336
24264.5, -0.352234
24265, -0.394947
24265.5, -0.361386
24266, -0.346132
24266.5, -0.361386
24267, -0.37359
24267.5, -0.355285
24268, -0.358336
24268.5, -0.349183
24269, -0.358336
24269.5, -0.364437
24270, -0.349183
24270.5, -0.352234
24271, -0.37359
24271.5, -0.358336
24272, -0.388845
24272.5, -0.37359
24273, -0.321724
24273.5, -0.361386
24274, -0.352234
24274.5, -0.364437
24275, -0.367488
24275.5, -0.364437
24276, -0.391896
24276.5, -0.382743
24277, -0.330877
24277.5, -0.355285
24278, -0.346132
24278.5, -0.361386
24279, -0.370539
24279.5, -0.355285
24280, -0.394947
24280.5, -0.361386
24281, -0.327826
24281.5, -0.355285
24282, -0.330877
24282.5, -0.370539
24283, -0.367488
24283.5, -0.352234
24284, -0.388845
24284.5, -0.364437
24285, -0.333928
24285.5, -0.352234
24286, -0.343081
24286.5, -0.358336
24287, -0.361386
24287.5, -0.385794
24288, -0.370539
24288.5, -0.367488
24289, -0.333928
24289.5, -0.34003
24290, -0.343081
24290.5, -0.349183
24291, -0.37359
24291.5, -0.382743
24292, -0.379692
24292.5, -0.370539
24293, -0.294265
24293.5, -0.385794
24294, -0.358336
24294.5, -0.367488
24295, -0.376641
24295.5, -0.361386
24296, -0.370539
24296.5, -0.352234
24297, -0.327826
24297.5, -0.379692
24298, -0.370539
24298.5, -0.349183
24299, -0.391896
24299.5, -0.370539
24300, -0.312571
24300.5, -0.37359
24301, -0.352234
24301.5, -0.355285
24302, -0.382743
24302.5, -0.355285
24303, -0.407151
24303.5, -0.370539
24304, -0.303418
24304.5, -0.346132
24305, -0.327826
24305.5, -0.343081
24306, -0.379692
24306.5, -0.37359
24307, -0.394947
24307.5, -0.37359
24308, -0.300367
24308.5, -0.364437
24309, -0.349183
24309.5, -0.358336
24310, -0.367488
24310.5, -0.367488
24311, -0.394947
24311.5, -0.352234
24312, -0.306469
24312.5, -0.355285
24313, -0.34003
24313.5, -0.367488
24314, -0.376641
24314.5, -0.364437
24315, -0.385794
24315.5, -0.352234
24316, -0.30952
24316.5, -0.358336
24317, -0.333928
24317.5, -0.352234
24318, -0.385794
24318.5, -0.361386
24319, -0.367488
24319.5, -0.367488
24320, -0.288163
24320.5, -0.358336
24321, -0.327826
24321.5, -0.352234
24322, -0.388845
24322.5, -0.346132
24323, -0.376641
24323.5, -0.37359
24324, -0.343081
24324.5, -0.343081
24325, -0.370539
24325.5, -0.361386
24326, -0.382743
24326.5, -0.346132
24327, -0.349183
24327.5, -0.336979
24328, -0.352234
24328.5, -0.336979
24329, -0.382743
24329.5, -0.37359
24330, -0.388845
24330.5, -0.376641
24331, -0.343081
24331.5, -0.346132
24332, -0.346132
24332.5, -0.327826
24333, -0.361386
24333.5, -0.358336
24334, -0.361386
24334.5, -0.385794
24335, -0.34003
24335.5, -0.361386
24336, -0.358336
24336.5, -0.333928
24337, -0.364437
24337.5, -0.349183
24338, -0.358336
24338.5, -0.379692
24339, -0.370539
24339.5, -0.370539
24340, -0.364437
24340.5, -0.346132
24341, -0.364437
24341.5, -0.358336
24342, -0.364437
24342.5, -0.343081
24343, -0.367488
24343.5, -0.367488
24344, -0.358336
24344.5, -0.349183
24345, -0.367488
24345.5, -0.361386
24346, -0.370539
24346.5, -0.364437
24347, -0.367488
24347.5, -0.361386
24348, -0.370539
24348.5, -0.343081
24349, -0.358336
24349.5, -0.358336
24350, -0.379692
24350.5, -0.343081
24351, -0.358336
24351.5, -0.349183
24352, -0.367488
24352.5, -0.343081
24353, -0.355285
24353.5, -0.37359
24354, -0.376641
24354.5, -0.370539
24355, -0.358336
24355.5, -0.336979
24356, -0.37359
24356.5, -0.358336
24357, -0.358336
24357.5, -0.376641
24358, -0.364437
24358.5, -0.355285
24359, -0.364437
24359.5, -0.364437
24360, -0.367488
24360.5, -0.370539
24361, -0.370539
24361.5, -0.364437
24362, -0.355285
24362.5, -0.355285
24363, -0.343081
24363.5, -0.358336
24364, -0.364437
24364.5, -0.367488
24365, -0.388845
24365.5, -0.355285
24366, -0.370539
24366.5, -0.349183
24367, -0.349183
24367.5, -0.370539
24368, -0.355285
24368.5, -0.355285
24369, -0.361386
24369.5, -0.361386
24370, -0.352234
24370.5, -0.349183
24371, -0.355285
24371.5, -0.367488
24372, -0.355285
24372.5, -0.361386
24373, -0.358336
24373.5, -0.37359
24374, -0.349183
24374.5, -0.355285
24375, -0.361386
24375.5, -0.358336
24376, -0.37359
24376.5, -0.358336
24377, -0.352234
24377.5, -0.370539
24378, -0.343081
24378.5, -0.355285
24379, -0.370539
24379.5, -0.352234
24380, -0.370539
24380.5, -0.352234
24381, -0.330877
24381.5, -0.367488
24382, -0.352234
24382.5, -0.367488
24383, -0.37359
24383.5, -0.333928
24384, -0.370539
24384.5, -0.346132
24385, -0.364437
24385.5, -0.346132
24386, -0.352234
24386.5, -0.376641
24387, -0.376641
24387.5, -0.361386
24388, -0.367488
24388.5, -0.346132
24389, -0.333928
24389.5, -0.361386
24390, -0.343081
24390.5, -0.37359
24391, -0.352234
24391.5, -0.364437
24392, -0.361386
24392.5, -0.370539
24393, -0.330877
24393.5, -0.361386
24394, -0.336979
24394.5, -0.370539
24395, -0.367488
24395.5, -0.355285
24396, -0.364437
24396.5, -0.376641
24397, -0.303418
24397.5, -0.361386
24398, -0.343081
24398.5, -0.361386
24399, -0.367488
24399.5, -0.349183
24400, -0.382743
24400.5, -0.349183
24401, -0.346132
24401.5, -0.355285
24402, -0.352234
24402.5, -0.352234
24403, -0.37359
24403.5, -0.346132
24404, -0.379692
24404.5, -0.355285
24405, -0.346132
24405.5, -0.364437
24406, -0.349183
24406.5, -0.355285
24407, -0.367488
24407.5, -0.352234
24408, -0.349183
24408.5, -0.361386
24409, -0.327826
24409.5, -0.346132
24410, -0.346132
24410.5, -0.352234
24411, -0.385794
24411.5, -0.382743
24412, -0.355285
24412.5, -0.352234
24413, -0.355285
24413.5, -0.358336
24414, -0.370539
24414.5, -0.355285
24415, -0.379692
24415.5, -0.376641
24416, -0.321724
24416.5, -0.358336
24417, -0.355285
24417.5, -0.352234
24418, -0.397998
24418.5, -0.361386
24419, -0.367488
24419.5, -0.346132
24420, -0.318673
24420.5, -0.376641
24421, -0.343081
24421.5, -0.364437
24422, -0.376641
24422.5, -0.364437
24423, -0.397998
24423.5, -0.346132
24424, -0.336979
24424.5, -0.361386
24425, -0.343081
24425.5, -0.343081
24426, -0.379692
24426.5, -0.361386
24427, -0.379692
24427.5, -0.355285
24428, -0.324775
24428.5, -0.370539
24429, -0.34003
24429.5, -0.370539
24430, -0.376641
24430.5, -0.367488
24431, -0.382743
24431.5, -0.364437
24432, -0.306469
24432.5, -0.37359
24433, -0.349183
24433.5, -0.37359
24434, -0.376641
24434.5, -0.364437
24435, -0.361386
24435.5, -0.370539
24436, -0.343081
24436.5, -0.336979
24437, -0.385794
24437.5, -0.361386
24438, -0.397998
24438.5, -0.370539
24439, -0.306469
24439.5, -0.370539
24440, -0.355285
24440.5, -0.358336
24441, -0.388845
24441.5, -0.358336
24442, -0.37359
24442.5, -0.376641
24443, -0.333928
24443.5, -0.358336
24444, -0.336979
24444.5, -0.355285
24445, -0.382743
24445.5, -0.352234
24446, -0.382743
24446.5, -0.367488
24447, -0.349183
24447.5, -0.361386
24448, -0.346132
24448.5, -0.352234
24449, -0.37359
24449.5, -0.358336
24450, -0.376641
24450.5, -0.333928
24451, -0.318673
24451.5, -0.358336
24452, -0.370539
24452.5, -0.349183
24453, -0.352234
24453.5, -0.370539
24454, -0.367488
24454.5, -0.346132
24455, -0.321724
24455.5, -0.355285
24456, -0.376641
24456.5, -0.349183
24457, -0.358336
24457.5, -0.379692
24458, -0.349183
24458.5, -0.361386
24459, -0.361386
24459.5, -0.361386
24460, -0.367488
24460.5, -0.336979
24461, -0.358336
24461.5, -0.355285
24462, -0.367488
24462.5, -0.376641
24463, -0.361386
24463.5, -0.336979
24464, -0.361386
24464.5, -0.358336
24465, -0.361386
24465.5, -0.376641
24466, -0.367488
24466.5, -0.361386
24467, -0.349183
24467.5, -0.379692
24468, -0.364437
24468.5, -0.343081
24469, -0.355285
24469.5, -0.370539
24470, -0.37359
24470.5, -0.346132
24471, -0.34003
24471.5, -0.364437
24472, -0.361386
24472.5, -0.370539
24473, -0.364437
24473.5, -0.376641
24474, -0.370539
24474.5, -0.370539
24475, -0.376641
24475.5, -0.349183
24476, -0.361386
24476.5, -0.355285
24477, -0.346132
24477.5, -0.367488
24478, -0.361386
24478.5, -0.355285
24479, -0.358336
24479.5, -0.355285
24480, -0.37359
24480.5, -0.355285
24481, -0.37359
24481.5, -0.358336
24482, -0.358336
24482.5, -0.364437
24483, -0.349183
24483.5, -0.349183
24484, -0.367488
24484.5, -0.364437
24485, -0.364437
24485.5, -0.352234
24486, -0.376641
24486.5, -0.367488
24487, -0.355285
24487.5, -0.37359
24488, -0.37359
24488.5, -0.355285
24489, -0.361386
24489.5, -0.364437
24490, -0.364437
24490.5, -0.367488
24491, -0.358336
24491.5, -0.370539
24492, -0.352234
24492.5, -0.370539
24493, -0.376641
24493.5, -0.367488
24494, -0.349183
24494.5, -0.361386
24495, -0.367488
24495.5, -0.367488
24496, -0.343081
24496.5, -0.367488
24497, -0.355285
24497.5, -0.352234
24498, -0.358336
24498.5, -0.349183
24499, -0.382743
24499.5, -0.361386
24500, -0.367488
24500.5, -0.379692
24501, -0.336979
24501.5, -0.376641
24502, -0.352234
24502.5, -0.367488
24503, -0.37359
24503.5, -0.358336
24504, -0.376641
24504.5, -0.352234
24505, -0.34003
24505.5, -0.349183
24506, -0.333928
24506.5, -0.355285
24507, -0.364437
24507.5, -0.364437
24508, -0.388845
24508.5, -0.352234
24509, -0.336979
24509.5, -0.355285
24510, -0.336979
24510.5, -0.367488
24511, -0.37359
24511.5, -0.355285
24512, -0.376641
24512.5, -0.364437
24513, -0.346132
24513.5, -0.355285
24514, -0.355285
24514.5, -0.367488
24515, -0.370539
24515.5, -0.370539
24516, -0.364437
24516.5, -0.361386
24517, -0.34003
24517.5, -0.346132
24518, -0.346132
24518.5, -0.367488
24519, -0.37359
24519.5, -0.385794
24520, -0.330877
24520.5, -0.367488
24521, -0.352234
24521.5, -0.333928
24522, -0.370539
24522.5, -0.355285
24523, -0.37359
24523.5, -0.358336
24524, -0.321724
24524.5, -0.376641
24525, -0.34003
24525.5, -0.358336
24526, -0.349183
24526.5, -0.358336
24527, -0.376641
24527.5, -0.364437
24528, -0.336979
24528.5, -0.367488
24529, -0.352234
24529.5, -0.355285
24530, -0.355285
24530.5, -0.361386
24531, -0.385794
24531.5, -0.327826
24532, -0.343081
24532.5, -0.346132
24533, -0.355285
24533.5, -0.358336
24534, -0.364437
24534.5, -0.358336
24535, -0.382743
24535.5, -0.367488
24536, -0.318673
24536.5, -0.367488
24537, -0.358336
24537.5, -0.361386
24538, -0.370539
24538.5, -0.361386
24539, -0.376641
24539.5, -0.370539
24540, -0.330877
24540.5, -0.376641
24541, -0.336979
24541.5, -0.376641
24542, -0.397998
24542.5, -0.34003
24543, -0.355285
24543.5, -0.343081
24544, -0.306469
24544.5, -0.376641
24545, -0.394947
24545.5, -0.34003
24546, -0.397998
24546.5, -0.361386
24547, -0.321724
24547.5, -0.358336
24548, -0.336979
24548.5, -0.346132
24549, -0.379692
24549.5, -0.361386
24550, -0.394947
24550.5, -0.367488
24551, -0.306469
24551.5, -0.358336
24552, -0.336979
24552.5, -0.358336
24553, -0.388845
24553.5, -0.355285
24554, -0.385794
24554.5, -0.370539
24555, -0.343081
24555.5, -0.358336
24556, -0.343081
24556.5, -0.34003
24557, -0.370539
24557.5, -0.367488
24558, -0.385794
24558.5, -0.352234
24559, -0.327826
24559.5, -0.364437
24560, -0.361386
24560.5, -0.336979
24561, -0.379692
24561.5, -0.37359
24562, -0.370539
24562.5, -0.355285
24563, -0.312571
24563.5, -0.370539
24564, -0.330877
24564.5, -0.352234
24565, -0.376641
24565.5, -0.349183
24566, -0.376641
24566.5, -0.336979
24567, -0.315622
24567.5, -0.370539
24568, -0.361386
24568.5, -0.361386
24569, -0.388845
24569.5, -0.358336
24570, -0.37359
24570.5, -0.352234
24571, -0.333928
24571.5, -0.367488
24572, -0.379692
24572.5, -0.355285
24573, -0.379692
24573.5, -0.358336
24574, -0.358336
24574.5, -0.361386
24575, -0.358336
24575.5, -0.330877
24576, -0.367488
24576.5, -0.367488
24577, -0.358336
24577.5, -0.382743
24578, -0.336979
24578.5, -0.361386
24579, -0.367488
24579.5, -0.352234
24580, -0.367488
24580.5, -0.355285
24581, -0.370539
24581.5, -0.367488
24582, -0.330877
24582.5, -0.367488
24583, -0.364437
24583.5, -0.349183
24584, -0.358336
24584.5, -0.349183
24585, -0.364437
24585.5, -0.358336
24586, -0.364437
24586.5, -0.367488
24587, -0.352234
24587.5, -0.367488
24588, -0.358336
24588.5, -0.349183
24589, -0.367488
24589.5, -0.349183
24590, -0.352234
24590.5, -0.370539
24591, -0.364437
24591.5, -0.370539
24592, -0.355285
24592.5, -0.37359
24593, -0.361386
24593.5, -0.361386
24594, -0.370539
24594.5, -0.364437
24595, -0.355285
24595.5, -0.34003
24596, -0.361386
24596.5, -0.370539
24597, -0.361386
24597.5, -0.361386
24598, -0.355285
24598.5, -0.37359
24599, -0.364437
24599.5, -0.346132
24600, -0.361386
24600.5, -0.364437
24601, -0.355285
24601.5, -0.370539
24602, -0.361386
24602.5, -0.361386
24603, -0.367488
24603.5, -0.349183
24604, -0.370539
24604.5, -0.358336
24605, -0.355285
24605.5, -0.361386
24606, -0.346132
24606.5, -0.349183
24607, -0.37359
24607.5, -0.352234
24608, -0.370539
24608.5, -0.355285
24609, -0.382743
24609.5, -0.367488
24610, -0.349183
24610.5, -0.343081
24611, -0.370539
24611.5, -0.361386
24612, -0.367488
24612.5, -0.361386
24613, -0.358336
24613.5, -0.361386
24614, -0.361386
24614.5, -0.358336
24615, -0.367488
24615.5, -0.370539
24616, -0.364437
24616.5, -0.358336
24617, -0.324775
24617.5, -0.349183
24618, -0.352234
24618.5, -0.364437
24619, -0.37359
24619.5, -0.355285
24620, -0.364437
24620.5, -0.379692
24621, -0.327826
24621.5, -0.355285
24622, -0.358336
24622.5, -0.367488
24623, -0.361386
24623.5, -0.364437
24624, -0.382743
24624.5, -0.364437
24625, -0.324775
24625.5, -0.367488
24626, -0.361386
24626.5, -0.358336
24627, -0.367488
24627.5, -0.361386
24628, -0.349183
24628.5, -0.370539
24629, -0.361386
24629.5, -0.358336
24630, -0.382743
24630.5, -0.367488
24631, -0.370539
24631.5, -0.370539
24632, -0.321724
24632.5, -0.349183
24633, -0.346132
24633.5, -0.349183
24634, -0.367488
24634.5, -0.364437
24635, -0.379692
24635.5, -0.385794
24636, -0.343081
24636.5, -0.355285
24637, -0.352234
24637.5, -0.349183
24638, -0.358336
24638.5, -0.370539
24639, -0.361386
24639.5, -0.370539
24640, -0.333928
24640.5, -0.358336
24641, -0.330877
24641.5, -0.361386
24642, -0.367488
24642.5, -0.364437
24643, -0.376641
24643.5, -0.355285
24644, -0.34003
24644.5, -0.352234
24645, -0.346132
24645.5, -0.346132
24646, -0.379692
24646.5, -0.352234
24647, -0.382743
24647.5, -0.364437
24648, -0.321724
24648.5, -0.355285
24649, -0.346132
24649.5, -0.370539
24650, -0.370539
24650.5, -0.367488
24651, -0.382743
24651.5, -0.352234
24652, -0.333928
24652.5, -0.379692
24653, -0.333928
24653.5, -0.364437
24654, -0.37359
24654.5, -0.379692
24655, -0.321724
24655.5, -0.352234
24656, -0.352234
24656.5, -0.370539
24657, -0.361386
24657.5, -0.364437
24658, -0.382743
24658.5, -0.370539
24659, -0.336979
24659.5, -0.343081
24660, -0.327826
24660.5, -0.336979
24661, -0.349183
24661.5, -0.358336
24662, -0.388845
24662.5, -0.385794
24663, -0.321724
24663.5, -0.379692
24664, -0.343081
24664.5, -0.34003
24665, -0.361386
24665.5, -0.385794
24666, -0.391896
24666.5, -0.355285
24667, -0.346132
24667.5, -0.355285
24668, -0.318673
24668.5, -0.358336
24669, -0.364437
24669.5, -0.352234
24670, -0.397998
24670.5, -0.352234
24671, -0.321724
24671.5, -0.370539
24672, -0.327826
24672.5, -0.364437
24673, -0.367488
24673.5, -0.370539
24674, -0.388845
24674.5, -0.352234
24675, -0.321724
24675.5, -0.346132
24676, -0.330877
24676.5, -0.361386
24677, -0.361386
24677.5, -0.361386
24678, -0.391896
24678.5, -0.364437
24679, -0.318673
24679.5, -0.346132
24680, -0.346132
24680.5, -0.358336
24681, -0.379692
24681.5, -0.367488
24682, -0.297316
24682.5, -0.355285
24683, -0.333928
24683.5, -0.346132
24684, -0.355285
24684.5, -0.355285
24685, -0.364437
24685.5, -0.376641
24686, -0.321724
24686.5, -0.376641
24687, -0.352234
24687.5, -0.327826
24688, -0.37359
24688.5, -0.376641
24689, -0.401049
24689.5, -0.367488
24690, -0.333928
24690.5, -0.352234
24691, -0.367488
24691.5, -0.364437
24692, -0.379692
24692.5, -0.358336
24693, -0.364437
24693.5, -0.37359
24694, -0.361386
24694.5, -0.355285
24695, -0.349183
24695.5, -0.352234
24696, -0.364437
24696.5, -0.37359
24697, -0.364437
24697.5, -0.367488
24698, -0.355285
24698.5, -0.370539
24699, -0.37359
24699.5, -0.346132
24700, -0.361386
24700.5, -0.352234
24701, -0.343081
24701.5, -0.358336
24702, -0.361386
24702.5, -0.361386
24703, -0.358336
24703.5, -0.343081
24704, -0.358336
24704.5, -0.352234
24705, -0.364437
24705.5, -0.361386
24706, -0.349183
24706.5, -0.382743
24707, -0.370539
24707.5, -0.355285
24708, -0.361386
24708.5, -0.358336
24709, -0.376641
24709.5, -0.349183
24710, -0.361386
24710.5, -0.367488
24711, -0.364437
24711.5, -0.349183
24712, -0.367488
24712.5, -0.346132
24713, -0.364437
24713.5, -0.355285
24714, -0.370539
24714.5, -0.367488
24715, -0.367488
24715.5, -0.370539
24716, -0.370539
24716.5, -0.358336
24717, -0.336979
24717.5, -0.349183
24718, -0.361386
24718.5, -0.346132
24719, -0.367488
24719.5, -0.367488
24720, -0.343081
24720.5, -0.364437
24721, -0.355285
24721.5, -0.355285
24722, -0.361386
24722.5, -0.355285
24723, -0.367488
24723.5, -0.364437
24724, -0.361386
24724.5, -0.367488
24725, -0.358336
24725.5, -0.352234
24726, -0.355285
24726.5, -0.358336
24727, -0.364437
24727.5, -0.355285
24728, -0.361386
24728.5, -0.367488
24729, -0.34003
24729.5, -0.367488
24730, -0.349183
24730.5, -0.358336
24731, -0.370539
24731.5, -0.355285
24732, -0.361386
24732.5, -0.361386
24733, -0.364437
24733.5, -0.355285
24734, -0.349183
24734.5, -0.367488
24735, -0.367488
24735.5, -0.358336
24736, -0.364437
24736.5, -0.361386
24737, -0.358336
24737.5, -0.358336
24738, -0.364437
24738.5, -0.364437
24739, -0.361386
24739.5, -0.376641
24740, -0.330877
24740.5, -0.358336
24741, -0.352234
24741.5, -0.352234
24742, -0.379692
24742.5, -0.364437
24743, -0.382743
24743.5, -0.370539
24744, -0.327826
24744.5, -0.358336
24745, -0.355285
24745.5, -0.355285
24746, -0.364437
24746.5, -0.364437
24747, -0.367488
24747.5, -0.361386
24748, -0.327826
24748.5, -0.355285
24749, -0.333928
24749.5, -0.370539
24750, -0.361386
24750.5, -0.370539
24751, -0.385794
24751.5, -0.336979
24752, -0.349183
24752.5, -0.358336
24753, -0.355285
24753.5, -0.370539
24754, -0.376641
24754.5, -0.370539
24755, -0.385794
24755.5, -0.343081
24756, -0.333928
24756.5, -0.346132
24757, -0.34003
24757.5, -0.37359
24758, -0.370539
24758.5, -0.355285
24759, -0.376641
24759.5, -0.358336
24760, -0.327826
24760.5, -0.361386
24761, -0.346132
24761.5, -0.367488
24762, -0.364437
24762.5, -0.367488
24763, -0.367488
24763.5, -0.367488
24764, -0.364437
24764.5, -0.364437
24765, -0.34003
24765.5, -0.361386
24766, -0.37359
24766.5, -0.361386
24767, -0.330877
24767.5, -0.376641
24768, -0.358336
24768.5, -0.349183
24769, -0.358336
24769.5, -0.355285
24770, -0.385794
24770.5, -0.382743
24771, -0.346132
24771.5, -0.370539
24772, -0.336979
24772.5, -0.364437
24773, -0.364437
24773.5, -0.355285
24774, -0.376641
24774.5, -0.376641
24775, -0.364437
24775.5, -0.352234
24776, -0.333928
24776.5, -0.358336
24777, -0.37359
24777.5, -0.358336
24778, -0.388845
24778.5, -0.364437
24779, -0.321724
24779.5, -0.358336
24780, -0.336979
24780.5, -0.355285
24781, -0.37359
24781.5, -0.361386
24782, -0.401049
24782.5, -0.352234
24783, -0.315622
24783.5, -0.367488
24784, -0.34003
24784.5, -0.349183
24785, -0.379692
24785.5, -0.364437
24786, -0.379692
24786.5, -0.352234
24787, -0.306469
24787.5, -0.364437
24788, -0.343081
24788.5, -0.358336
24789, -0.382743
24789.5, -0.349183
24790, -0.391896
24790.5, -0.367488
24791, -0.30952
24791.5, -0.361386
24792, -0.367488
24792.5, -0.358336
24793, -0.388845
24793.5, -0.355285
24794, -0.333928
24794.5, -0.349183
24795, -0.336979
24795.5, -0.349183
24796, -0.379692
24796.5, -0.358336
24797, -0.379692
24797.5, -0.376641
24798, -0.315622
24798.5, -0.355285
24799, -0.349183
24799.5, -0.358336
24800, -0.382743
24800.5, -0.346132
24801, -0.385794
24801.5, -0.382743
24802, -0.312571
24802.5, -0.346132
24803, -0.361386
24803.5, -0.358336
24804, -0.367488
24804.5, -0.355285
24805, -0.391896
24805.5, -0.367488
24806, -0.336979
24806.5, -0.349183
24807, -0.346132
24807.5, -0.346132
24808, -0.370539
24808.5, -0.355285
24809, -0.394947
24809.5, -0.349183
24810, -0.343081
24810.5, -0.379692
24811, -0.361386
24811.5, -0.352234
24812, -0.376641
24812.5, -0.336979
24813, -0.367488
24813.5, -0.34003
24814, -0.349183
24814.5, -0.358336
24815, -0.343081
24815.5, -0.361386
24816, -0.355285
24816.5, -0.364437
24817, -0.370539
24817.5, -0.343081
24818, -0.355285
24818.5, -0.352234
24819, -0.370539
24819.5, -0.349183
24820, -0.361386
24820.5, -0.358336
24821, -0.346132
24821.5, -0.358336
24822, -0.355285
24822.5, -0.361386
24823, -0.364437
24823.5, -0.361386
24824, -0.358336
24824.5, -0.385794
24825, -0.343081
24825.5, -0.358336
24826, -0.361386
24826.5, -0.333928
24827, -0.361386
24827.5, -0.361386
24828, -0.361386
24828.5, -0.37359
24829, -0.355285
24829.5, -0.361386
24830, -0.349183
24830.5, -0.336979
24831, -0.370539
24831.5, -0.352234
24832, -0.370539
24832.5, -0.376641
24833, -0.358336
24833.5, -0.361386
24834, -0.361386
24834.5, -0.358336
24835, -0.361386
24835.5, -0.361386
24836, -0.361386
24836.5, -0.37359
24837, -0.370539
24837.5, -0.358336
24838, -0.346132
24838.5, -0.346132
24839, -0.352234
24839.5, -0.370539
24840, -0.367488
24840.5, -0.358336
24841, -0.361386
24841.5, -0.355285
24842, -0.349183
24842.5, -0.367488
24843, -0.364437
24843.5, -0.364437
24844, -0.349183
24844.5, -0.382743
24845, -0.34003
24845.5, -0.361386
24846, -0.358336
24846.5, -0.358336
24847, -0.379692
24847.5, -0.367488
24848, -0.367488
24848.5, -0.355285
24849, -0.336979
24849.5, -0.358336
24850, -0.37359
24850.5, -0.346132
24851, -0.361386
24851.5, -0.355285
24852, -0.358336
24852.5, -0.352234
24853, -0.343081
24853.5, -0.364437
24854, -0.367488
24854.5, -0.358336
24855, -0.382743
24855.5, -0.364437
24856, -0.37359
24856.5, -0.352234
24857, -0.358336
24857.5, -0.361386
24858, -0.37359
24858.5, -0.376641
24859, -0.370539
24859.5, -0.364437
24860, -0.358336
24860.5, -0.370539
24861, -0.358336
24861.5, -0.364437
24862, -0.364437
24862.5, -0.361386
24863, -0.37359
24863.5, -0.361386
24864, -0.352234
24864.5, -0.355285
24865, -0.346132
24865.5, -0.364437
24866, -0.376641
24866.5, -0.364437
24867, -0.370539
24867.5, -0.370539
24868, -0.349183
24868.5, -0.355285
24869, -0.349183
24869.5, -0.358336
24870, -0.382743
24870.5, -0.349183
24871, -0.379692
24871.5, -0.364437
24872, -0.321724
24872.5, -0.367488
24873, -0.343081
24873.5, -0.346132
24874, -0.367488
24874.5, -0.358336
24875, -0.364437
24875.5, -0.361386
24876, -0.343081
24876.5, -0.376641
24877, -0.367488
24877.5, -0.355285
24878, -0.37359
24878.5, -0.364437
24879, -0.34003
24879.5, -0.364437
24880, -0.355285
24880.5, -0.364437
24881, -0.370539
24881.5, -0.364437
24882, -0.37359
24882.5, -0.364437
24883, -0.34003
24883.5, -0.343081
24884, -0.333928
24884.5, -0.355285
24885, -0.367488
24885.5, -0.352234
24886, -0.37359
24886.5, -0.385794
24887, -0.343081
24887.5, -0.358336
24888, -0.330877
24888.5, -0.336979
24889, -0.379692
24889.5, -0.352234
24890, -0.379692
24890.5, -0.355285
24891, -0.333928
24891.5, -0.352234
24892, -0.34003
24892.5, -0.349183
24893, -0.355285
24893.5, -0.370539
24894, -0.37359
24894.5, -0.330877
24895, -0.346132
24895.5, -0.37359
24896, -0.352234
24896.5, -0.355285
24897, -0.379692
24897.5, -0.355285
24898, -0.397998
24898.5, -0.346132
24899, -0.30952
24899.5, -0.352234
24900, -0.327826
24900.5, -0.367488
24901, -0.367488
24901.5, -0.364437
24902, -0.370539
24902.5, -0.361386
24903, -0.336979
24903.5, -0.352234
24904, -0.382743
24904.5, -0.343081
24905, -0.391896
24905.5, -0.355285
24906, -0.312571
24906.5, -0.367488
24907, -0.321724
24907.5, -0.346132
24908, -0.382743
24908.5, -0.349183
24909, -0.385794
24909.5, -0.376641
24910, -0.30952
24910.5, -0.361386
24911, -0.333928
24911.5, -0.361386
24912, -0.379692
24912.5, -0.349183
24913, -0.397998
24913.5, -0.379692
24914, -0.324775
24914.5, -0.364437
24915, -0.333928
24915.5, -0.333928
24916, -0.382743
24916.5, -0.352234
24917, -0.388845
24917.5, -0.370539
24918, -0.34003
24918.5, -0.352234
24919, -0.355285
24919.5, -0.358336
24920, -0.376641
24920.5, -0.370539
24921, -0.385794
24921.5, -0.361386
24922, -0.336979
24922.5, -0.349183
24923, -0.355285
24923.5, -0.343081
24924, -0.376641
24924.5, -0.367488
24925, -0.382743
24925.5, -0.346132
24926, -0.34003
24926.5, -0.349183
24927, -0.37359
24927.5, -0.352234
24928, -0.382743
24928.5, -0.361386
24929, -0.364437
24929.5, -0.370539
24930, -0.349183
24930.5, -0.358336
24931, -0.361386
24931.5, -0.346132
24932, -0.37359
24932.5, -0.367488
24933, -0.343081
24933.5, -0.364437
24934, -0.358336
24934.5, -0.333928
24935, -0.361386
24935.5, -0.367488
24936, -0.361386
24936.5, -0.364437
24937, -0.367488
24937.5, -0.355285
24938, -0.349183
24938.5, -0.352234
24939, -0.358336
24939.5, -0.361386
24940, -0.364437
24940.5, -0.364437
24941, -0.343081
24941.5, -0.343081
24942, -0.358336
24942.5, -0.34003
24943, -0.367488
24943.5, -0.352234
24944, -0.361386
24944.5, -0.379692
24945, -0.367488
24945.5, -0.358336
24946, -0.358336
24946.5, -0.361386
24947, -0.358336
24947.5, -0.361386
24948, -0.352234
24948.5, -0.355285
24949, -0.358336
24949.5, -0.358336
24950, -0.37359
24950.5, -0.358336
24951, -0.367488
24951.5, -0.370539
24952, -0.370539
24952.5, -0.367488
24953, -0.355285
24953.5, -0.370539
24954, -0.370539
24954.5, -0.349183
24955, -0.364437
24955.5, -0.367488
24956, -0.37359
24956.5, -0.367488
24957, -0.361386
24957.5, -0.370539
24958, -0.355285
24958.5, -0.370539
24959, -0.352234
24959.5, -0.361386
24960, -0.361386
24960.5, -0.352234
24961, -0.367488
24961.5, -0.367488
24962, -0.358336
24962.5, -0.361386
24963, -0.355285
24963.5, -0.361386
24964, -0.343081
24964.5, -0.352234
24965, -0.361386
24965.5, -0.346132
24966, -0.364437
24966.5, -0.370539
24967, -0.37359
24967.5, -0.364437
24968, -0.324775
24968.5, -0.346132
24969, -0.352234
24969.5, -0.367488
24970, -0.364437
24970.5, -0.367488
24971, -0.379692
24971.5, -0.355285
24972, -0.364437
24972.5, -0.336979
24973, -0.352234
24973.5, -0.358336
24974, -0.367488
24974.5, -0.361386
24975, -0.370539
24975.5, -0.370539
24976, -0.312571
24976.5, -0.358336
24977, -0.333928
24977.5, -0.37359
24978, -0.352234
24978.5, -0.355285
24979, -0.358336
24979.5, -0.358336
24980, -0.346132
24980.5, -0.364437
24981, -0.34003
24981.5, -0.367488
24982, -0.379692
24982.5, -0.361386
24983, -0.370539
24983.5, -0.367488
24984, -0.37359
24984.5, -0.355285
24985, -0.352234
24985.5, -0.355285
24986, -0.361386
24986.5, -0.355285
24987, -0.324775
24987.5, -0.370539
24988, -0.346132
24988.5, -0.352234
24989, -0.367488
24989.5, -0.352234
24990, -0.364437
24990.5, -0.364437
24991, -0.343081
24991.5, -0.355285
24992, -0.346132
24992.5, -0.352234
24993, -0.370539
24993.5, -0.367488
24994, -0.382743
24994.5, -0.367488
24995, -0.352234
24995.5, -0.364437
24996, -0.34003
24996.5, -0.352234
24997, -0.364437
24997.5, -0.376641
24998, -0.37359
24998.5, -0.376641
24999, -0.324775
24999.5, -0.364437
25000, -0.346132
25000.5, -0.376641
25001, -0.364437
25001.5, -0.358336
25002, -0.367488
25002.5, -0.367488
25003, -0.343081
25003.5, -0.37359
25004, -0.343081
25004.5, -0.361386
25005, -0.379692
25005.5, -0.376641
25006, -0.376641
25006.5, -0.370539
25007, -0.333928
25007.5, -0.343081
25008, -0.346132
25008.5, -0.346132
25009, -0.367488
25009.5, -0.364437
25010, -0.367488
25010.5, -0.346132
25011, -0.352234
25011.5, -0.376641
25012, -0.358336
25012.5, -0.349183
25013, -0.391896
25013.5, -0.361386
25014, -0.355285
25014.5, -0.352234
25015, -0.324775
25015.5, -0.370539
25016, -0.382743
25016.5, -0.355285
25017, -0.37359
25017.5, -0.370539
25018, -0.315622
25018.5, -0.346132
25019, -0.318673
25019.5, -0.352234
25020, -0.376641
25020.5, -0.361386
25021, -0.382743
25021.5, -0.367488
25022, -0.318673
25022.5, -0.364437
25023, -0.361386
25023.5, -0.336979
25024, -0.355285
25024.5, -0.355285
25025, -0.379692
25025.5, -0.382743
25026, -0.30952
25026.5, -0.364437
25027, -0.355285
25027.5, -0.370539
25028, -0.388845
25028.5, -0.364437
25029, -0.370539
25029.5, -0.34003
25030, -0.303418
25030.5, -0.361386
25031, -0.336979
25031.5, -0.352234
25032, -0.385794
25032.5, -0.370539
25033, -0.385794
25033.5, -0.349183
25034, -0.333928
25034.5, -0.364437
25035, -0.333928
25035.5, -0.343081
25036, -0.37359
25036.5, -0.343081
25037, -0.388845
25037.5, -0.349183
25038, -0.346132
25038.5, -0.358336
25039, -0.358336
25039.5, -0.367488
25040, -0.382743
25040.5, -0.355285
25041, -0.379692
25041.5, -0.355285
25042, -0.352234
25042.5, -0.364437
25043, -0.361386
25043.5, -0.364437
25044, -0.382743
25044.5, -0.379692
25045, -0.333928
25045.5, -0.349183
25046, -0.34003
25046.5, -0.352234
25047, -0.37359
25047.5, -0.355285
25048, -0.379692
25048.5, -0.37359
25049, -0.352234
25049.5, -0.355285
25050, -0.364437
25050.5, -0.330877
25051, -0.367488
25051.5, -0.355285
25052, -0.37359
25052.5, -0.370539
25053, -0.343081
25053.5, -0.358336
25054, -0.34003
25054.5, -0.346132
25055, -0.37359
25055.5, -0.352234
25056, -0.367488
25056.5, -0.355285
25057, -0.358336
25057.5, -0.37359
25058, -0.355285
25058.5, -0.352234
25059, -0.361386
25059.5, -0.352234
25060, -0.358336
25060.5, -0.330877
25061, -0.352234
25061.5, -0.367488
25062, -0.358336
25062.5, -0.355285
25063, -0.367488
25063.5, -0.352234
25064, -0.358336
25064.5, -0.352234
25065, -0.358336
25065.5, -0.364437
25066, -0.361386
25066.5, -0.352234
25067, -0.370539
25067.5, -0.367488
25068, -0.358336
25068.5, -0.379692
25069, -0.358336
25069.5, -0.361386
25070, -0.364437
25070.5, -0.349183
25071, -0.364437
25071.5, -0.370539
25072, -0.355285
25072.5, -0.361386
25073, -0.355285
25073.5, -0.34003
25074, -0.370539
25074.5, -0.349183
25075, -0.361386
25075.5, -0.370539
25076, -0.376641
25076.5, -0.361386
25077, -0.349183
25077.5, -0.37359
25078, -0.379692
25078.5, -0.364437
25079, -0.352234
25079.5, -0.361386
25080, -0.370539
25080.5, -0.358336
25081, -0.358336
25081.5, -0.352234
25082, -0.367488
25082.5, -0.370539
25083, -0.355285
25083.5, -0.37359
25084, -0.364437
25084.5, -0.343081
25085, -0.358336
25085.5, -0.370539
25086, -0.355285
25086.5, -0.376641
25087, -0.355285
25087.5, -0.364437
25088, -0.355285
25088.5, -0.349183
25089, -0.352234
25089.5, -0.355285
25090, -0.376641
25090.5, -0.367488
25091, -0.343081
25091.5, -0.361386
25092, -0.346132
25092.5, -0.355285
25093, -0.361386
25093.5, -0.376641
25094, -0.376641
25094.5, -0.355285
25095, -0.364437
25095.5, -0.37359
25096, -0.352234
25096.5, -0.352234
25097, -0.358336
25097.5, -0.364437
25098, -0.37359
25098.5, -0.364437
25099, -0.346132
25099.5, -0.367488
25100, -0.34003
25100.5, -0.358336
25101, -0.358336
25101.5, -0.379692
25102, -0.367488
25102.5, -0.355285
25103, -0.330877
25103.5, -0.355285
25104, -0.352234
25104.5, -0.358336
25105, -0.370539
25105.5, -0.349183
25106, -0.367488
25106.5, -0.361386
25107, -0.343081
25107.5, -0.352234
25108, -0.349183
25108.5, -0.358336
25109, -0.382743
25109.5, -0.361386
25110, -0.379692
25110.5, -0.349183
25111, -0.34003
25111.5, -0.355285
25112, -0.355285
25112.5, -0.367488
25113, -0.361386
25113.5, -0.364437
25114, -0.382743
25114.5, -0.367488
25115, -0.336979
25115.5, -0.358336
25116, -0.333928
25116.5, -0.367488
25117, -0.376641
25117.5, -0.367488
25118, -0.37359
25118.5, -0.358336
25119, -0.34003
25119.5, -0.355285
25120, -0.349183
25120.5, -0.355285
25121, -0.358336
25121.5, -0.355285
25122, -0.379692
25122.5, -0.349183
25123, -0.324775
25123.5, -0.358336
25124, -0.358336
25124.5, -0.367488
25125, -0.382743
25125.5, -0.379692
25126, -0.346132
25126.5, -0.37359
25127, -0.34003
25127.5, -0.361386
25128, -0.370539
25128.5, -0.37359
25129, -0.376641
25129.5, -0.364437
25130, -0.336979
25130.5, -0.361386
25131, -0.349183
25131.5, -0.352234
25132, -0.37359
25132.5, -0.361386
25133, -0.385794
25133.5, -0.37359
25134, -0.336979
25134.5, -0.37359
25135, -0.324775
25135.5, -0.349183
25136, -0.376641
25136.5, -0.364437
25137, -0.385794
25137.5, -0.358336
25138, -0.343081
25138.5, -0.364437
25139, -0.358336
25139.5, -0.370539
25140, -0.376641
25140.5, -0.370539
25141, -0.364437
25141.5, -0.376641
25142, -0.336979
25142.5, -0.379692
25143, -0.336979
25143.5, -0.367488
25144, -0.391896
25144.5, -0.367488
25145, -0.397998
25145.5, -0.352234
25146, -0.34003
25146.5, -0.361386
25147, -0.327826
25147.5, -0.355285
25148, -0.376641
25148.5, -0.370539
25149, -0.388845
25149.5, -0.364437
25150, -0.312571
25150.5, -0.349183
25151, -0.367488
25151.5, -0.361386
25152, -0.401049
25152.5, -0.364437
25153, -0.333928
25153.5, -0.352234
25154, -0.330877
25154.5, -0.361386
25155, -0.382743
25155.5, -0.349183
25156, -0.388845
25156.5, -0.376641
25157, -0.312571
25157.5, -0.367488
25158, -0.333928
25158.5, -0.336979
25159, -0.376641
25159.5, -0.34003
25160, -0.376641
25160.5, -0.355285
25161, -0.312571
25161.5, -0.355285
25162, -0.346132
25162.5, -0.336979
25163, -0.346132
25163.5, -0.361386
25164, -0.391896
25164.5, -0.361386
25165, -0.367488
25165.5, -0.352234
25166, -0.355285
25166.5, -0.346132
25167, -0.382743
25167.5, -0.364437
25168, -0.37359
25168.5, -0.364437
25169, -0.364437
25169.5, -0.352234
25170, -0.349183
25170.5, -0.346132
25171, -0.367488
25171.5, -0.37359
25172, -0.361386
25172.5, -0.364437
25173, -0.346132
25173.5, -0.358336
25174, -0.370539
25174.5, -0.364437
25175, -0.355285
25175.5, -0.358336
25176, -0.361386
25176.5, -0.364437
25177, -0.34003
25177.5, -0.364437
25178, -0.367488
25178.5, -0.361386
25179, -0.361386
25179.5, -0.370539
25180, -0.376641
25180.5, -0.355285
25181, -0.352234
25181.5, -0.364437
25182, -0.361386
25182.5, -0.364437
25183, -0.355285
25183.5, -0.382743
25184, -0.352234
25184.5, -0.361386
25185, -0.370539
25185.5, -0.34003
25186, -0.364437
25186.5, -0.364437
25187, -0.358336
25187.5, -0.37359
25188, -0.361386
25188.5, -0.355285
25189, -0.361386
25189.5, -0.346132
25190, -0.370539
25190.5, -0.358336
25191, -0.358336
25191.5, -0.379692
25192, -0.358336
25192.5, -0.364437
25193, -0.349183
25193.5, -0.361386
25194, -0.379692
25194.5, -0.355285
25195, -0.349183
25195.5, -0.367488
25196, -0.361386
25196.5, -0.355285
25197, -0.349183
25197.5, -0.358336
25198, -0.37359
25198.5, -0.370539
25199, -0.361386
25199.5, -0.355285
25200, -0.364437
25200.5, -0.367488
25201, -0.343081
25201.5, -0.370539
25202, -0.361386
25202.5, -0.370539
25203, -0.367488
25203.5, -0.355285
25204, -0.370539
25204.5, -0.367488
25205, -0.355285
25205.5, -0.376641
25206, -0.361386
25206.5, -0.355285
25207, -0.382743
25207.5, -0.364437
25208, -0.358336
25208.5, -0.364437
25209, -0.367488
25209.5, -0.367488
25210, -0.367488
25210.5, -0.355285
25211, -0.343081
25211.5, -0.364437
25212, -0.336979
25212.5, -0.361386
25213, -0.382743
25213.5, -0.361386
25214, -0.376641
25214.5, -0.358336
25215, -0.352234
25215.5, -0.376641
25216, -0.343081
25216.5, -0.37359
25217, -0.370539
25217.5, -0.361386
25218, -0.367488
25218.5, -0.358336
25219, -0.364437
25219.5, -0.376641
25220, -0.343081
25220.5, -0.37359
25221, -0.352234
25221.5, -0.367488
25222, -0.367488
25222.5, -0.364437
25223, -0.34003
25223.5, -0.364437
25224, -0.343081
25224.5, -0.37359
25225, -0.367488
25225.5, -0.361386
25226, -0.376641
25226.5, -0.364437
25227, -0.336979
25227.5, -0.355285
25228, -0.336979
25228.5, -0.367488
25229, -0.355285
25229.5, -0.37359
25230, -0.367488
25230.5, -0.370539
25231, -0.333928
25231.5, -0.376641
25232, -0.34003
25232.5, -0.370539
25233, -0.364437
25233.5, -0.361386
25234, -0.361386
25234.5, -0.349183
25235, -0.324775
25235.5, -0.349183
25236, -0.370539
25236.5, -0.346132
25237, -0.376641
25237.5, -0.355285
25238, -0.327826
25238.5, -0.358336
25239, -0.333928
25239.5, -0.352234
25240, -0.37359
25240.5, -0.343081
25241, -0.376641
25241.5, -0.364437
25242, -0.346132
25242.5, -0.346132
25243, -0.321724
25243.5, -0.361386
25244, -0.37359
25244.5, -0.349183
25245, -0.367488
25245.5, -0.361386
25246, -0.349183
25246.5, -0.346132
25247, -0.355285
25247.5, -0.364437
25248, -0.379692
25248.5, -0.367488
25249, -0.364437
25249.5, -0.358336
25250, -0.330877
25250.5, -0.361386
25251, -0.364437
25251.5, -0.367488
25252, -0.370539
25252.5, -0.379692
25253, -0.37359
25253.5, -0.367488
25254, -0.330877
25254.5, -0.361386
25255, -0.34003
25255.5, -0.346132
25256, -0.370539
25256.5, -0.361386
25257, -0.388845
25257.5, -0.370539
25258, -0.30952
25258.5, -0.382743
25259, -0.346132
25259.5, -0.349183
25260, -0.367488
25260.5, -0.352234
25261, -0.37359
25261.5, -0.352234
25262, -0.321724
25262.5, -0.364437
25263, -0.37359
25263.5, -0.352234
25264, -0.385794
25264.5, -0.361386
25265, -0.321724
25265.5, -0.355285
25266, -0.352234
25266.5, -0.336979
25267, -0.370539
25267.5, -0.379692
25268, -0.376641
25268.5, -0.370539
25269, -0.327826
25269.5, -0.361386
25270, -0.352234
25270.5, -0.352234
25271, -0.382743
25271.5, -0.364437
25272, -0.376641
25272.5, -0.388845
25273, -0.343081
25273.5, -0.358336
25274, -0.327826
25274.5, -0.361386
25275, -0.391896
25275.5, -0.346132
25276, -0.388845
25276.5, -0.361386
25277, -0.312571
25277.5, -0.358336
25278, -0.327826
25278.5, -0.346132
25279, -0.388845
25279.5, -0.358336
25280, -0.388845
25280.5, -0.355285
25281, -0.321724
25281.5, -0.367488
25282, -0.324775
25282.5, -0.358336
25283, -0.379692
25283.5, -0.361386
25284, -0.391896
25284.5, -0.352234
25285, -0.355285
25285.5, -0.361386
25286, -0.327826
25286.5, -0.361386
25287, -0.370539
25287.5, -0.364437
25288, -0.388845
25288.5, -0.349183
25289, -0.346132
25289.5, -0.364437
25290, -0.352234
25290.5, -0.355285
25291, -0.364437
25291.5, -0.367488
25292, -0.321724
25292.5, -0.370539
25293, -0.364437
25293.5, -0.367488
25294, -0.361386
25294.5, -0.361386
25295, -0.361386
25295.5, -0.364437
25296, -0.34003
25296.5, -0.367488
25297, -0.346132
25297.5, -0.333928
25298, -0.388845
25298.5, -0.358336
25299, -0.382743
25299.5, -0.379692
25300, -0.358336
25300.5, -0.358336
25301, -0.349183
25301.5, -0.34003
25302, -0.364437
25302.5, -0.367488
25303, -0.358336
25303.5, -0.376641
25304, -0.343081
25304.5, -0.355285
25305, -0.355285
25305.5, -0.349183
25306, -0.355285
25306.5, -0.370539
25307, -0.364437
25307.5, -0.37359
25308, -0.364437
25308.5, -0.37359
25309, -0.361386
25309.5, -0.358336
25310, -0.367488
25310.5, -0.367488
25311, -0.352234
25311.5, -0.358336
25312, -0.370539
25312.5, -0.355285
25313, -0.361386
25313.5, -0.361386
25314, -0.367488
25314.5, -0.346132
25315, -0.349183
25315.5, -0.349183
25316, -0.352234
25316.5, -0.370539
25317, -0.352234
25317.5, -0.364437
25318, -0.367488
25318.5, -0.358336
25319, -0.361386
25319.5, -0.358336
25320, -0.34003
25320.5, -0.370539
25321, -0.361386
25321.5, -0.358336
25322, -0.367488
25322.5, -0.361386
25323, -0.364437
25323.5, -0.382743
25324, -0.361386
25324.5, -0.34003
25325, -0.370539
25325.5, -0.361386
25326, -0.364437
25326.5, -0.343081
25327, -0.37359
25327.5, -0.352234
25328, -0.364437
25328.5, -0.367488
25329, -0.361386
25329.5, -0.370539
25330, -0.385794
25330.5, -0.358336
25331, -0.364437
25331.5, -0.361386
25332, -0.367488
25332.5, -0.37359
25333, -0.367488
25333.5, -0.370539
25334, -0.364437
25334.5, -0.37359
25335, -0.352234
25335.5, -0.364437
25336, -0.349183
25336.5, -0.361386
25337, -0.367488
25337.5, -0.361386
25338, -0.382743
25338.5, -0.358336
25339, -0.34003
25339.5, -0.355285
25340, -0.34003
25340.5, -0.364437
25341, -0.370539
25341.5, -0.37359
25342, -0.37359
25342.5, -0.355285
25343, -0.336979
25343.5, -0.367488
25344, -0.34003
25344.5, -0.379692
25345, -0.379692
25345.5, -0.352234
25346, -0.379692
25346.5, -0.358336
25347, -0.355285
25347.5, -0.361386
25348, -0.370539
25348.5, -0.382743
25349, -0.358336
25349.5, -0.364437
25350, -0.349183
25350.5, -0.358336
25351, -0.333928
25351.5, -0.388845
25352, -0.376641
25352.5, -0.34003
25353, -0.379692
25353.5, -0.37359
25354, -0.336979
25354.5, -0.352234
25355, -0.34003
25355.5, -0.336979
25356, -0.367488
25356.5, -0.364437
25357, -0.379692
25357.5, -0.37359
25358, -0.336979
25358.5, -0.37359
25359, -0.343081
25359.5, -0.349183
25360, -0.391896
25360.5, -0.37359
25361, -0.385794
25361.5, -0.370539
25362, -0.34003
25362.5, -0.370539
25363, -0.34003
25363.5, -0.346132
25364, -0.370539
25364.5, -0.376641
25365, -0.388845
25365.5, -0.349183
25366, -0.315622
25366.5, -0.364437
25367, -0.34003
25367.5, -0.358336
25368, -0.367488
25368.5, -0.367488
25369, -0.379692
25369.5, -0.352234
25370, -0.330877
25370.5, -0.370539
25371, -0.349183
25371.5, -0.346132
25372, -0.364437
25372.5, -0.370539
25373, -0.370539
25373.5, -0.355285
25374, -0.315622
25374.5, -0.346132
25375, -0.379692
25375.5, -0.343081
25376, -0.385794
25376.5, -0.355285
25377, -0.291214
25377.5, -0.364437
25378, -0.321724
25378.5, -0.352234
25379, -0.394947
25379.5, -0.349183
25380, -0.379692
25380.5, -0.382743
25381, -0.327826
25381.5, -0.364437
25382, -0.349183
25382.5, -0.346132
25383, -0.388845
25383.5, -0.346132
25384, -0.382743
25384.5, -0.358336
25385, -0.330877
25385.5, -0.352234
25386, -0.330877
25386.5, -0.367488
25387, -0.367488
25387.5, -0.358336
25388, -0.4041
25388.5, -0.352234
25389, -0.318673
25389.5, -0.343081
25390, -0.321724
25390.5, -0.367488
25391, -0.385794
25391.5, -0.367488
25392, -0.4041
25392.5, -0.355285
25393, -0.288163
25393.5, -0.346132
25394, -0.358336
25394.5, -0.352234
25395, -0.379692
25395.5, -0.364437
25396, -0.388845
25396.5, -0.358336
25397, -0.315622
25397.5, -0.361386
25398, -0.34003
25398.5, -0.364437
25399, -0.397998
25399.5, -0.367488
25400, -0.364437
25400.5, -0.343081
25401, -0.297316
25401.5, -0.361386
25402, -0.376641
25402.5, -0.355285
25403, -0.388845
25403.5, -0.346132
25404, -0.312571
25404.5, -0.352234
25405, -0.336979
25405.5, -0.333928
25406, -0.376641
25406.5, -0.361386
25407, -0.382743
25407.5, -0.385794
25408, -0.324775
25408.5, -0.355285
25409, -0.352234
25409.5, -0.346132
25410, -0.361386
25410.5, -0.364437
25411, -0.382743
25411.5, -0.37359
25412, -0.355285
25412.5, -0.358336
25413, -0.352234
25413.5, -0.355285
25414, -0.379692
25414.5, -0.370539
25415, -0.388845
25415.5, -0.361386
25416, -0.346132
25416.5, -0.361386
25417, -0.367488
25417.5, -0.346132
25418, -0.397998
25418.5, -0.364437
25419, -0.382743
25419.5, -0.367488
25420, -0.349183
25420.5, -0.382743
25421, -0.352234
25421.5, -0.343081
25422, -0.376641
25422.5, -0.361386
25423, -0.361386
25423.5, -0.349183
25424, -0.346132
25424.5, -0.37359
25425, -0.34003
25425.5, -0.358336
25426, -0.355285
25426.5, -0.370539
25427, -0.367488
25427.5, -0.34003
25428, -0.349183
25428.5, -0.367488
25429, -0.37359
25429.5, -0.34003
25430, -0.355285
25430.5, -0.358336
25431, -0.364437
25431.5, -0.364437
25432, -0.367488
25432.5, -0.361386
25433, -0.361386
25433.5, -0.346132
25434, -0.364437
25434.5, -0.367488
25435, -0.370539
25435.5, -0.355285
25436, -0.367488
25436.5, -0.336979
25437, -0.37359
25437.5, -0.370539
25438, -0.352234
25438.5, -0.361386
25439, -0.358336
25439.5, -0.370539
25440, -0.352234
25440.5, -0.352234
25441, -0.37359
25441.5, -0.367488
25442, -0.352234
25442.5, -0.367488
25443, -0.349183
25443.5, -0.376641
25444, -0.355285
25444.5, -0.358336
25445, -0.370539
25445.5, -0.361386
25446, -0.367488
25446.5, -0.364437
25447, -0.370539
25447.5, -0.349183
25448, -0.364437
25448.5, -0.37359
25449, -0.361386
25449.5, -0.364437
25450, -0.382743
25450.5, -0.364437
25451, -0.370539
25451.5, -0.352234
25452, -0.355285
25452.5, -0.361386
25453, -0.352234
25453.5, -0.358336
25454, -0.364437
25454.5, -0.364437
25455, -0.352234
25455.5, -0.349183
25456, -0.358336
25456.5, -0.355285
25457, -0.370539
25457.5, -0.367488
25458, -0.321724
25458.5, -0.370539
25459, -0.349183
25459.5, -0.367488
25460, -0.367488
25460.5, -0.346132
25461, -0.37359
25461.5, -0.361386
25462, -0.315622
25462.5, -0.367488
25463, -0.333928
25463.5, -0.379692
25464, -0.364437
25464.5, -0.352234
25465, -0.37359
25465.5, -0.364437
25466, -0.364437
25466.5, -0.358336
25467, -0.343081
25467.5, -0.367488
25468, -0.346132
25468.5, -0.352234
25469, -0.385794
25469.5, -0.367488
25470, -0.324775
25470.5, -0.364437
25471, -0.352234
25471.5, -0.367488
25472, -0.361386
25472.5, -0.370539
25473, -0.367488
25473.5, -0.364437
25474, -0.324775
25474.5, -0.364437
25475, -0.346132
25475.5, -0.364437
25476, -0.379692
25476.5, -0.346132
25477, -0.37359
25477.5, -0.361386
25478, -0.34003
25478.5, -0.352234
25479, -0.352234
25479.5, -0.358336
25480, -0.382743
25480.5, -0.358336
25481, -0.376641
25481.5, -0.367488
25482, -0.318673
25482.5, -0.367488
25483, -0.349183
25483.5, -0.355285
25484, -0.367488
25484.5, -0.367488
25485, -0.358336
25485.5, -0.367488
25486, -0.315622
25486.5, -0.376641
25487, -0.361386
25487.5, -0.34003
25488, -0.385794
25488.5, -0.364437
25489, -0.352234
25489.5, -0.349183
25490, -0.34003
25490.5, -0.367488
25491, -0.358336
25491.5, -0.37359
25492, -0.376641
25492.5, -0.361386
25493, -0.330877
25493.5, -0.370539
25494, -0.312571
25494.5, -0.358336
25495, -0.37359
25495.5, -0.361386
25496, -0.382743
25496.5, -0.37359
25497, -0.333928
25497.5, -0.37359
25498, -0.324775
25498.5, -0.361386
25499, -0.376641
25499.5, -0.367488
25500, -0.401049
25500.5, -0.358336
25501, -0.330877
25501.5, -0.361386
25502, -0.336979
25502.5, -0.361386
25503, -0.391896
25503.5, -0.358336
25504, -0.394947
25504.5, -0.361386
25505, -0.333928
25505.5, -0.361386
25506, -0.324775
25506.5, -0.349183
25507, -0.358336
25507.5, -0.355285
25508, -0.388845
25508.5, -0.379692
25509, -0.321724
25509.5, -0.37359
25510, -0.321724
25510.5, -0.355285
25511, -0.376641
25511.5, -0.352234
25512, -0.385794
25512.5, -0.361386
25513, -0.324775
25513.5, -0.358336
25514, -0.367488
25514.5, -0.361386
25515, -0.394947
25515.5, -0.358336
25516, -0.303418
25516.5, -0.379692
25517, -0.361386
25517.5, -0.34003
25518, -0.391896
25518.5, -0.364437
25519, -0.391896
25519.5, -0.370539
25520, -0.318673
25520.5, -0.367488
25521, -0.324775
25521.5, -0.349183
25522, -0.379692
25522.5, -0.346132
25523, -0.4041
25523.5, -0.367488
25524, -0.306469
25524.5, -0.358336
25525, -0.355285
25525.5, -0.361386
25526, -0.388845
25526.5, -0.355285
25527, -0.376641
25527.5, -0.370539
25528, -0.336979
25528.5, -0.370539
25529, -0.343081
25529.5, -0.346132
25530, -0.379692
25530.5, -0.364437
25531, -0.364437
25531.5, -0.352234
25532, -0.318673
25532.5, -0.37359
25533, -0.355285
25533.5, -0.355285
25534, -0.379692
25534.5, -0.343081
25535, -0.367488
25535.5, -0.358336
25536, -0.355285
25536.5, -0.370539
25537, -0.364437
25537.5, -0.37359
25538, -0.376641
25538.5, -0.355285
25539, -0.358336
25539.5, -0.37359
25540, -0.346132
25540.5, -0.364437
25541, -0.352234
25541.5, -0.34003
25542, -0.364437
25542.5, -0.330877
25543, -0.358336
25543.5, -0.370539
25544, -0.361386
25544.5, -0.352234
25545, -0.349183
25545.5, -0.352234
25546, -0.382743
25546.5, -0.361386
25547, -0.370539
25547.5, -0.364437
25548, -0.352234
25548.5, -0.333928
25549, -0.364437
25549.5, -0.367488
25550, -0.361386
25550.5, -0.352234
25551, -0.361386
25551.5, -0.364437
25552, -0.361386
25552.5, -0.358336
25553, -0.358336
25553.5, -0.367488
25554, -0.361386
25554.5, -0.370539
25555, -0.370539
25555.5, -0.367488
25556, -0.370539
25556.5, -0.343081
25557, -0.358336
25557.5, -0.358336
25558, -0.358336
25558.5, -0.355285
25559, -0.37359
25559.5, -0.352234
25560, -0.370539
25560.5, -0.343081
25561, -0.358336
25561.5, -0.355285
25562, -0.358336
25562.5, -0.355285
25563, -0.355285
25563.5, -0.358336
25564, -0.361386
25564.5, -0.358336
25565, -0.367488
25565.5, -0.355285
25566, -0.367488
25566.5, -0.355285
25567, -0.364437
25567.5, -0.370539
25568, -0.352234
25568.5, -0.370539
25569, -0.364437
25569.5, -0.352234
25570, -0.37359
25570.5, -0.361386
25571, -0.343081
25571.5, -0.358336
25572, -0.37359
25572.5, -0.361386
25573, -0.358336
25573.5, -0.370539
25574, -0.346132
25574.5, -0.343081
25575, -0.352234
25575.5, -0.352234
25576, -0.358336
25576.5, -0.364437
25577, -0.346132
25577.5, -0.379692
25578, -0.364437
25578.5, -0.364437
25579, -0.346132
25579.5, -0.349183
25580, -0.37359
25580.5, -0.370539
25581, -0.358336
25581.5, -0.355285
25582, -0.321724
25582.5, -0.355285
25583, -0.34003
25583.5, -0.367488
25584, -0.376641
25584.5, -0.352234
25585, -0.376641
25585.5, -0.370539
25586, -0.34003
25586.5, -0.370539
25587, -0.336979
25587.5, -0.361386
25588, -0.370539
25588.5, -0.352234
25589, -0.382743
25589.5, -0.364437
25590, -0.327826
25590.5, -0.379692
25591, -0.346132
25591.5, -0.367488
25592, -0.367488
25592.5, -0.361386
25593, -0.385794
25593.5, -0.355285
25594, -0.333928
25594.5, -0.346132
25595, -0.346132
25595.5, -0.364437
25596, -0.361386
25596.5, -0.355285
25597, -0.367488
25597.5, -0.358336
25598, -0.343081
25598.5, -0.364437
25599, -0.370539
25599.5, -0.352234
25600, -0.367488
25600.5, -0.370539
25601, -0.336979
25601.5, -0.355285
25602, -0.34003
25602.5, -0.370539
25603, -0.37359
25603.5, -0.358336
25604, -0.385794
25604.5, -0.355285
25605, -0.336979
25605.5, -0.364437
25606, -0.34003
25606.5, -0.364437
25607, -0.370539
25607.5, -0.355285
25608, -0.388845
25608.5, -0.37359
25609, -0.343081
25609.5, -0.370539
25610, -0.361386
25610.5, -0.364437
25611, -0.352234
25611.5, -0.352234
25612, -0.370539
25612.5, -0.382743
25613, -0.315622
25613.5, -0.37359
25614, -0.333928
25614.5, -0.364437
25615, -0.361386
25615.5, -0.358336
25616, -0.388845
25616.5, -0.358336
25617, -0.336979
25617.5, -0.355285
25618, -0.333928
25618.5, -0.358336
25619, -0.385794
25619.5, -0.358336
25620, -0.361386
25620.5, -0.37359
25621, -0.343081
25621.5, -0.358336
25622, -0.352234
25622.5, -0.361386
25623, -0.37359
25623.5, -0.349183
25624, -0.367488
25624.5, -0.385794
25625, -0.315622
25625.5, -0.355285
25626, -0.364437
25626.5, -0.355285
25627, -0.391896
25627.5, -0.370539
25628, -0.315622
25628.5, -0.37359
25629, -0.333928
25629.5, -0.352234
25630, -0.382743
25630.5, -0.355285
25631, -0.388845
25631.5, -0.343081
25632, -0.321724
25632.5, -0.364437
25633, -0.324775
25633.5, -0.346132
25634, -0.388845
25634.5, -0.352234
25635, -0.382743
25635.5, -0.361386
25636, -0.327826
25636.5, -0.352234
25637, -0.34003
25637.5, -0.34003
25638, -0.382743
25638.5, -0.361386
25639, -0.37359
25639.5, -0.361386
25640, -0.30952
25640.5, -0.361386
25641, -0.352234
25641.5, -0.349183
25642, -0.391896
25642.5, -0.364437
25643, -0.388845
25643.5, -0.379692
25644, -0.333928
25644.5, -0.385794
25645, -0.358336
25645.5, -0.346132
25646, -0.367488
25646.5, -0.352234
25647, -0.4041
25647.5, -0.364437
25648, -0.324775
25648.5, -0.376641
25649, -0.346132
25649.5, -0.346132
25650, -0.382743
25650.5, -0.358336
25651, -0.358336
25651.5, -0.358336
25652, -0.306469
25652.5, -0.370539
25653, -0.361386
25653.5, -0.333928
25654, -0.367488
25654.5, -0.336979
25655, -0.327826
25655.5, -0.361386
25656, -0.349183
25656.5, -0.336979
25657, -0.364437
25657.5, -0.361386
25658, -0.370539
25658.5, -0.379692
25659, -0.364437
25659.5, -0.355285
25660, -0.379692
25660.5, -0.336979
25661, -0.370539
25661.5, -0.346132
25662, -0.37359
25662.5, -0.37359
25663, -0.349183
25663.5, -0.370539
25664, -0.352234
25664.5, -0.346132
25665, -0.361386
25665.5, -0.358336
25666, -0.358336
25666.5, -0.376641
25667, -0.352234
25667.5, -0.361386
25668, -0.358336
25668.5, -0.346132
25669, -0.376641
25669.5, -0.367488
25670, -0.370539
25670.5, -0.358336
25671, -0.358336
25671.5, -0.370539
25672, -0.358336
25672.5, -0.355285
25673, -0.355285
25673.5, -0.364437
25674, -0.358336
25674.5, -0.367488
25675, -0.361386
25675.5, -0.358336
25676, -0.361386
25676.5, -0.352234
25677, -0.361386
25677.5, -0.352234
25678, -0.358336
25678.5, -0.370539
25679, -0.352234
25679.5, -0.349183
25680, -0.370539
25680.5, -0.364437
25681, -0.346132
25681.5, -0.367488
25682, -0.367488
25682.5, -0.364437
25683, -0.364437
25683.5, -0.358336
25684, -0.346132
25684.5, -0.352234
25685, -0.364437
25685.5, -0.361386
25686, -0.364437
25686.5, -0.367488
25687, -0.343081
25687.5, -0.370539
25688, -0.370539
25688.5, -0.370539
25689, -0.358336
25689.5, -0.370539
25690, -0.358336
25690.5, -0.367488
25691, -0.352234
25691.5, -0.370539
25692, -0.355285
25692.5, -0.376641
25693, -0.355285
25693.5, -0.349183
25694, -0.376641
25694.5, -0.358336
25695, -0.361386
25695.5, -0.367488
25696, -0.358336
25696.5, -0.361386
25697, -0.364437
25697.5, -0.364437
25698, -0.333928
25698.5, -0.355285
25699, -0.358336
25699.5, -0.352234
25700, -0.370539
25700.5, -0.364437
25701, -0.376641
25701.5, -0.364437
25702, -0.37359
25702.5, -0.358336
25703, -0.355285
25703.5, -0.358336
25704, -0.361386
25704.5, -0.358336
25705, -0.364437
25705.5, -0.367488
25706, -0.333928
25706.5, -0.355285
25707, -0.355285
25707.5, -0.367488
25708, -0.385794
25708.5, -0.355285
25709, -0.358336
25709.5, -0.361386
25710, -0.355285
25710.5, -0.370539
25711, -0.358336
25711.5, -0.361386
25712, -0.37359
25712.5, -0.358336
25713, -0.352234
25713.5, -0.355285
25714, -0.355285
25714.5, -0.364437
25715, -0.358336
25715.5, -0.361386
25716, -0.37359
25716.5, -0.358336
25717, -0.34003
25717.5, -0.355285
25718, -0.349183
25718.5, -0.364437
25719, -0.367488
25719.5, -0.355285
25720, -0.379692
25720.5, -0.349183
25721, -0.330877
25721.5, -0.358336
25722, -0.34003
25722.5, -0.355285
25723, -0.370539
25723.5, -0.352234
25724, -0.37359
25724.5, -0.361386
25725, -0.324775
25725.5, -0.352234
25726, -0.346132
25726.5, -0.355285
25727, -0.364437
25727.5, -0.346132
25728, -0.379692
25728.5, -0.367488
25729, -0.330877
25729.5, -0.367488
25730, -0.349183
25730.5, -0.355285
25731, -0.370539
25731.5, -0.352234
25732, -0.367488
25732.5, -0.370539
25733, -0.336979
25733.5, -0.367488
25734, -0.346132
25734.5, -0.364437
25735, -0.364437
25735.5, -0.352234
25736, -0.367488
25736.5, -0.361386
25737, -0.34003
25737.5, -0.367488
25738, -0.37359
25738.5, -0.364437
25739, -0.361386
25739.5, -0.355285
25740, -0.333928
25740.5, -0.370539
25741, -0.361386
25741.5, -0.349183
25742, -0.358336
25742.5, -0.358336
25743, -0.382743
25743.5, -0.37359
25744, -0.346132
25744.5, -0.376641
25745, -0.358336
25745.5, -0.34003
25746, -0.385794
25746.5, -0.34003
25747, -0.385794
25747.5, -0.367488
25748, -0.312571
25748.5, -0.37359
25749, -0.343081
25749.5, -0.358336
25750, -0.367488
25750.5, -0.346132
25751, -0.401049
25751.5, -0.355285
25752, -0.352234
25752.5, -0.364437
25753, -0.333928
25753.5, -0.346132
25754, -0.367488
25754.5, -0.346132
25755, -0.382743
25755.5, -0.367488
25756, -0.324775
25756.5, -0.358336
25757, -0.333928
25757.5, -0.361386
25758, -0.37359
25758.5, -0.34003
25759, -0.397998
25759.5, -0.367488
25760, -0.315622
25760.5, -0.358336
25761, -0.34003
25761.5, -0.333928
25762, -0.364437
25762.5, -0.358336
25763, -0.358336
25763.5, -0.376641
25764, -0.349183
25764.5, -0.358336
25765, -0.367488
25765.5, -0.336979
25766, -0.376641
25766.5, -0.352234
25767, -0.30952
25767.5, -0.382743
25768, -0.346132
25768.5, -0.355285
25769, -0.388845
25769.5, -0.361386
25770, -0.385794
25770.5, -0.37359
25771, -0.318673
25771.5, -0.37359
25772, -0.346132
25772.5, -0.333928
25773, -0.370539
25773.5, -0.349183
25774, -0.397998
25774.5, -0.358336
25775, -0.303418
25775.5, -0.37359
25776, -0.358336
25776.5, -0.346132
25777, -0.364437
25777.5, -0.355285
25778, -0.355285
25778.5, -0.364437
25779, -0.330877
25779.5, -0.367488
25780, -0.37359
25780.5, -0.336979
25781, -0.358336
25781.5, -0.352234
25782, -0.370539
25782.5, -0.370539
25783, -0.346132
25783.5, -0.364437
25784, -0.370539
25784.5, -0.343081
25785, -0.364437
25785.5, -0.346132
25786, -0.361386
25786.5, -0.355285
25787, -0.352234
25787.5, -0.382743
25788, -0.358336
25788.5, -0.327826
25789, -0.367488
25789.5, -0.367488
25790, -0.364437
25790.5, -0.370539
25791, -0.355285
25791.5, -0.376641
25792, -0.349183
25792.5, -0.333928
25793, -0.358336
25793.5, -0.364437
25794, -0.361386
25794.5, -0.358336
25795, -0.358336
25795.5, -0.343081
25796, -0.355285
25796.5, -0.370539
25797, -0.358336
25797.5, -0.358336
25798, -0.370539
25798.5, -0.361386
25799, -0.370539
25799.5, -0.349183
25800, -0.367488
25800.5, -0.364437
25801, -0.361386
25801.5, -0.367488
25802, -0.370539
25802.5, -0.367488
25803, -0.361386
25803.5, -0.355285
25804, -0.370539
25804.5, -0.379692
25805, -0.385794
25805.5, -0.361386
25806, -0.367488
25806.5, -0.361386
25807, -0.376641
25807.5, -0.352234
25808, -0.37359
25808.5, -0.361386
25809, -0.370539
25809.5, -0.37359
25810, -0.364437
25810.5, -0.367488
25811, -0.352234
25811.5, -0.361386
25812, -0.364437
25812.5, -0.358336
25813, -0.355285
25813.5, -0.364437
25814, -0.367488
25814.5, -0.358336
25815, -0.349183
25815.5, -0.37359
25816, -0.367488
25816.5, -0.355285
25817, -0.376641
25817.5, -0.364437
25818, -0.367488
25818.5, -0.358336
25819, -0.346132
25819.5, -0.355285
25820, -0.376641
25820.5, -0.367488
25821, -0.333928
25821.5, -0.367488
25822, -0.358336
25822.5, -0.358336
25823, -0.358336
25823.5, -0.370539
25824, -0.367488
25824.5, -0.367488
25825, -0.34003
25825.5, -0.379692
25826, -0.352234
25826.5, -0.352234
25827, -0.361386
25827.5, -0.361386
25828, -0.379692
25828.5, -0.364437
25829, -0.358336
25829.5, -0.367488
25830, -0.358336
25830.5, -0.382743
25831, -0.37359
25831.5, -0.358336
25832, -0.364437
25832.5, -0.361386
25833, -0.367488
25833.5, -0.358336
25834, -0.34003
25834.5, -0.355285
25835, -0.37359
25835.5, -0.361386
25836, -0.382743
25836.5, -0.385794
25837, -0.315622
25837.5, -0.355285
25838, -0.346132
25838.5, -0.358336
25839, -0.364437
25839.5, -0.364437
25840, -0.358336
25840.5, -0.352234
25841, -0.327826
25841.5, -0.364437
25842, -0.352234
25842.5, -0.367488
25843, -0.361386
25843.5, -0.364437
25844, -0.385794
25844.5, -0.370539
25845, -0.330877
25845.5, -0.37359
25846, -0.355285
25846.5, -0.349183
25847, -0.364437
25847.5, -0.349183
25848, -0.34003
25848.5, -0.367488
25849, -0.355285
25849.5, -0.343081
25850, -0.382743
25850.5, -0.346132
25851, -0.37359
25851.5, -0.355285
25852, -0.330877
25852.5, -0.37359
25853, -0.349183
25853.5, -0.355285
25854, -0.355285
25854.5, -0.346132
25855, -0.37359
25855.5, -0.349183
25856, -0.336979
25856.5, -0.361386
25857, -0.324775
25857.5, -0.355285
25858, -0.37359
25858.5, -0.361386
25859, -0.388845
25859.5, -0.367488
25860, -0.343081
25860.5, -0.361386
25861, -0.324775
25861.5, -0.346132
25862, -0.376641
25862.5, -0.361386
25863, -0.379692
25863.5, -0.364437
25864, -0.324775
25864.5, -0.367488
25865, -0.349183
25865.5, -0.352234
25866, -0.358336
25866.5, -0.367488
25867, -0.385794
25867.5, -0.37359
25868, -0.30952
25868.5, -0.376641
25869, -0.37359
25869.5, -0.355285
25870, -0.394947
25870.5, -0.358336
25871, -0.388845
25871.5, -0.361386
25872, -0.312571
25872.5, -0.367488
25873, -0.327826
25873.5, -0.349183
25874, -0.370539
25874.5, -0.358336
25875, -0.343081
25875.5, -0.358336
25876, -0.327826
25876.5, -0.37359
25877, -0.382743
25877.5, -0.349183
25878, -0.376641
25878.5, -0.364437
25879, -0.336979
25879.5, -0.370539
25880, -0.34003
25880.5, -0.346132
25881, -0.364437
25881.5, -0.358336
25882, -0.382743
25882.5, -0.361386
25883, -0.336979
25883.5, -0.37359
25884, -0.355285
25884.5, -0.333928
25885, -0.379692
25885.5, -0.343081
25886, -0.370539
25886.5, -0.370539
25887, -0.343081
25887.5, -0.367488
25888, -0.361386
25888.5, -0.346132
25889, -0.379692
25889.5, -0.355285
25890, -0.391896
25890.5, -0.370539
25891, -0.315622
25891.5, -0.388845
25892, -0.361386
25892.5, -0.336979
25893, -0.364437
25893.5, -0.358336
25894, -0.37359
25894.5, -0.358336
25895, -0.327826
25895.5, -0.391896
25896, -0.367488
25896.5, -0.349183
25897, -0.367488
25897.5, -0.355285
25898, -0.364437
25898.5, -0.367488
25899, -0.367488
25899.5, -0.370539
25900, -0.352234
25900.5, -0.361386
25901, -0.370539
25901.5, -0.361386
25902, -0.358336
25902.5, -0.358336
25903, -0.361386
25903.5, -0.37359
25904, -0.37359
25904.5, -0.349183
25905, -0.355285
25905.5, -0.355285
25906, -0.355285
25906.5, -0.379692
25907, -0.352234
25907.5, -0.343081
25908, -0.37359
25908.5, -0.358336
25909, -0.370539
25909.5, -0.361386
25910, -0.367488
25910.5, -0.364437
25911, -0.364437
25911.5, -0.37359
25912, -0.37359
25912.5, -0.367488
25913, -0.361386
25913.5, -0.343081
25914, -0.37359
25914.5, -0.358336
25915, -0.370539
25915.5, -0.346132
25916, -0.346132
25916.5, -0.361386
25917, -0.361386
25917.5, -0.361386
25918, -0.355285
25918.5, -0.361386
25919, -0.355285
25919.5, -0.358336
25920, -0.355285
25920.5, -0.361386
25921, -0.361386
25921.5, -0.361386
25922, -0.367488
25922.5, -0.358336
25923, -0.358336
25923.5, -0.376641
25924, -0.364437
25924.5, -0.361386
25925, -0.358336
25925.5, -0.367488
25926, -0.364437
25926.5, -0.358336
25927, -0.358336
25927.5, -0.352234
25928, -0.361386
25928.5, -0.346132
25929, -0.367488
25929.5, -0.358336
25930, -0.346132
25930.5, -0.361386
25931, -0.352234
25931.5, -0.364437
25932, -0.379692
25932.5, -0.352234
25933, -0.355285
25933.5, -0.358336
25934, -0.349183
25934.5, -0.358336
25935, -0.364437
25935.5, -0.352234
25936, -0.352234
25936.5, -0.349183
25937, -0.376641
25937.5, -0.370539
25938, -0.34003
25938.5, -0.358336
25939, -0.352234
25939.5, -0.349183
25940, -0.358336
25940.5, -0.364437
25941, -0.355285
25941.5, -0.343081
25942, -0.352234
25942.5, -0.358336
25943, -0.376641
25943.5, -0.364437
25944, -0.37359
25944.5, -0.367488
25945, -0.336979
25945.5, -0.355285
25946, -0.352234
25946.5, -0.349183
25947, -0.367488
25947.5, -0.355285
25948, -0.382743
25948.5, -0.355285
25949, -0.346132
25949.5, -0.391896
25950, -0.343081
25950.5, -0.364437
25951, -0.376641
25951.5, -0.349183
25952, -0.397998
25952.5, -0.37359
25953, -0.324775
25953.5, -0.37359
25954, -0.343081
25954.5, -0.370539
25955, -0.385794
25955.5, -0.343081
25956, -0.388845
25956.5, -0.355285
25957, -0.34003
25957.5, -0.364437
25958, -0.361386
25958.5, -0.358336
25959, -0.385794
25959.5, -0.355285
25960, -0.346132
25960.5, -0.361386
25961, -0.349183
25961.5, -0.352234
25962, -0.385794
25962.5, -0.358336
25963, -0.370539
25963.5, -0.358336
25964, -0.330877
25964.5, -0.37359
25965, -0.318673
25965.5, -0.349183
25966, -0.37359
25966.5, -0.352234
25967, -0.388845
25967.5, -0.361386
25968, -0.321724
25968.5, -0.355285
25969, -0.333928
25969.5, -0.349183
25970, -0.376641
25970.5, -0.358336
25971, -0.376641
25971.5, -0.367488
25972, -0.318673
25972.5, -0.367488
25973, -0.333928
25973.5, -0.352234
25974, -0.37359
25974.5, -0.343081
25975, -0.385794
25975.5, -0.355285
25976, -0.324775
25976.5, -0.388845
25977, -0.343081
25977.5, -0.352234
25978, -0.370539
25978.5, -0.349183
25979, -0.382743
25979.5, -0.370539
25980, -0.34003
25980.5, -0.370539
25981, -0.336979
25981.5, -0.358336
25982, -0.37359
25982.5, -0.355285
25983, -0.376641
25983.5, -0.370539
25984, -0.333928
25984.5, -0.358336
25985, -0.361386
25985.5, -0.349183
25986, -0.367488
25986.5, -0.352234
25987, -0.303418
25987.5, -0.376641
25988, -0.330877
25988.5, -0.370539
25989, -0.376641
25989.5, -0.352234
25990, -0.379692
25990.5, -0.355285
25991, -0.312571
25991.5, -0.370539
25992, -0.333928
25992.5, -0.352234
25993, -0.376641
25993.5, -0.349183
25994, -0.391896
25994.5, -0.376641
25995, -0.321724
25995.5, -0.364437
25996, -0.333928
25996.5, -0.367488
25997, -0.361386
25997.5, -0.355285
25998, -0.401049
25998.5, -0.352234
25999, -0.318673
25999.5, -0.361386
26000, -0.367488
26000.5, -0.352234
26001, -0.382743
26001.5, -0.352234
26002, -0.394947
26002.5, -0.361386
26003, -0.312571
26003.5, -0.358336
26004, -0.367488
26004.5, -0.349183
26005, -0.382743
26005.5, -0.346132
26006, -0.367488
26006.5, -0.355285
26007, -0.303418
26007.5, -0.364437
26008, -0.336979
26008.5, -0.346132
26009, -0.370539
26009.5, -0.352234
26010, -0.37359
26010.5, -0.379692
26011, -0.318673
26011.5, -0.367488
26012, -0.343081
26012.5, -0.34003
26013, -0.379692
26013.5, -0.349183
26014, -0.349183
26014.5, -0.358336
26015, -0.352234
26015.5, -0.343081
26016, -0.37359
26016.5, -0.346132
26017, -0.370539
26017.5, -0.364437
26018, -0.364437
26018.5, -0.37359
26019, -0.370539
26019.5, -0.352234
26020, -0.376641
26020.5, -0.361386
26021, -0.370539
26021.5, -0.370539
26022, -0.349183
26022.5, -0.352234
26023, -0.367488
26023.5, -0.34003
26024, -0.355285
26024.5, -0.358336
26025, -0.349183
26025.5, -0.37359
26026, -0.355285
26026.5, -0.361386
26027, -0.367488
26027.5, -0.346132
26028, -0.358336
26028.5, -0.370539
26029, -0.352234
26029.5, -0.37359
26030, -0.367488
26030.5, -0.370539
26031, -0.364437
26031.5, -0.34003
26032, -0.382743
26032.5, -0.352234
26033, -0.367488
26033.5, -0.355285
26034, -0.355285
26034.5, -0.352234
26035, -0.349183
26035.5, -0.364437
26036, -0.376641
26036.5, -0.330877
26037, -0.370539
26037.5, -0.355285
26038, -0.358336
26038.5, -0.367488
26039, -0.349183
26039.5, -0.364437
26040, -0.358336
26040.5, -0.361386
26041, -0.376641
26041.5, -0.358336
26042, -0.370539
26042.5, -0.364437
26043, -0.358336
26043.5, -0.352234
26044, -0.352234
26044.5, -0.367488
26045, -0.358336
26045.5, -0.352234
26046, -0.355285
26046.5, -0.352234
26047, -0.370539
26047.5, -0.352234
26048, -0.364437
26048.5, -0.370539
26049, -0.355285
26049.5, -0.355285
26050, -0.361386
26050.5, -0.358336
26051, -0.37359
26051.5, -0.361386
26052, -0.361386
26052.5, -0.358336
26053, -0.349183
26053.5, -0.355285
26054, -0.355285
26054.5, -0.355285
26055, -0.379692
26055.5, -0.364437
26056, -0.367488
26056.5, -0.349183
26057, -0.376641
26057.5, -0.367488
26058, -0.352234
26058.5, -0.361386
26059, -0.352234
26059.5, -0.355285
26060, -0.376641
26060.5, -0.358336
26061, -0.343081
26061.5, -0.361386
26062, -0.349183
26062.5, -0.364437
26063, -0.355285
26063.5, -0.37359
26064, -0.382743
26064.5, -0.352234
26065, -0.358336
26065.5, -0.364437
26066, -0.358336
26066.5, -0.361386
26067, -0.352234
26067.5, -0.358336
26068, -0.37359
26068.5, -0.364437
26069, -0.361386
26069.5, -0.364437
26070, -0.370539
26070.5, -0.349183
26071, -0.367488
26071.5, -0.355285
26072, -0.346132
26072.5, -0.358336
26073, -0.336979
26073.5, -0.358336
26074, -0.367488
26074.5, -0.355285
26075, -0.361386
26075.5, -0.361386
26076, -0.336979
26076.5, -0.370539
26077, -0.336979
26077.5, -0.358336
26078, -0.364437
26078.5, -0.343081
26079, -0.370539
26079.5, -0.364437
26080, -0.327826
26080.5, -0.352234
26081, -0.352234
26081.5, -0.367488
26082, -0.349183
26082.5, -0.361386
26083, -0.370539
26083.5, -0.364437
26084, -0.333928
26084.5, -0.367488
26085, -0.352234
26085.5, -0.343081
26086, -0.361386
26086.5, -0.358336
26087, -0.370539
26087.5, -0.352234
26088, -0.321724
26088.5, -0.355285
26089, -0.349183
26089.5, -0.349183
26090, -0.364437
26090.5, -0.358336
26091, -0.37359
26091.5, -0.358336
26092, -0.336979
26092.5, -0.379692
26093, -0.346132
26093.5, -0.34003
26094, -0.370539
26094.5, -0.352234
26095, -0.388845
26095.5, -0.367488
26096, -0.324775
26096.5, -0.352234
26097, -0.364437
26097.5, -0.330877
26098, -0.37359
26098.5, -0.361386
26099, -0.312571
26099.5, -0.352234
26100, -0.343081
26100.5, -0.349183
26101, -0.364437
26101.5, -0.361386
26102, -0.367488
26102.5, -0.367488
26103, -0.346132
26103.5, -0.358336
26104, -0.349183
26104.5, -0.346132
26105, -0.364437
26105.5, -0.355285
26106, -0.379692
26106.5, -0.355285
26107, -0.358336
26107.5, -0.367488
26108, -0.349183
26108.5, -0.358336
26109, -0.379692
26109.5, -0.352234
26110, -0.388845
26110.5, -0.364437
26111, -0.312571
26111.5, -0.37359
26112, -0.336979
26112.5, -0.352234
26113, -0.385794
26113.5, -0.355285
26114, -0.388845
26114.5, -0.361386
26115, -0.306469
26115.5, -0.370539
26116, -0.327826
26116.5, -0.352234
26117, -0.379692
26117.5, -0.34003
26118, -0.397998
26118.5, -0.364437
26119, -0.315622
26119.5, -0.367488
26120, -0.343081
26120.5, -0.355285
26121, -0.370539
26121.5, -0.34003
26122, -0.376641
26122.5, -0.34003
26123, -0.358336
26123.5, -0.361386
26124, -0.355285
26124.5, -0.333928
26125, -0.355285
26125.5, -0.361386
26126, -0.346132
26126.5, -0.364437
26127, -0.336979
26127.5, -0.343081
26128, -0.361386
26128.5, -0.355285
26129, -0.382743
26129.5, -0.364437
26130, -0.297316
26130.5, -0.367488
26131, -0.370539
26131.5, -0.349183
26132, -0.385794
26132.5, -0.34003
26133, -0.379692
26133.5, -0.370539
26134, -0.358336
26134.5, -0.370539
26135, -0.367488
26135.5, -0.352234
26136, -0.376641
26136.5, -0.346132
26137, -0.376641
26137.5, -0.361386
26138, -0.321724
26138.5, -0.364437
26139, -0.367488
26139.5, -0.349183
26140, -0.361386
26140.5, -0.364437
26141, -0.364437
26141.5, -0.370539
26142, -0.361386
26142.5, -0.352234
26143, -0.364437
26143.5, -0.349183
26144, -0.364437
26144.5, -0.370539
26145, -0.370539
26145.5, -0.370539
26146, -0.364437
26146.5, -0.367488
26147, -0.376641
26147.5, -0.336979
26148, -0.367488
26148.5, -0.349183
26149, -0.37359
26149.5, -0.364437
26150, -0.358336
26150.5, -0.358336
26151, -0.361386
26151.5, -0.34003
26152, -0.358336
26152.5, -0.352234
26153, -0.364437
26153.5, -0.367488
26154, -0.358336
26154.5, -0.352234
26155, -0.361386
26155.5, -0.336979
26156, -0.367488
26156.5, -0.352234
26157, -0.364437
26157.5, -0.358336
26158, -0.355285
26158.5, -0.367488
26159, -0.358336
26159.5, -0.352234
26160, -0.364437
26160.5, -0.355285
26161, -0.364437
26161.5, -0.349183
26162, -0.346132
26162.5, -0.364437
26163, -0.361386
26163.5, -0.367488
26164, -0.364437
26164.5, -0.355285
26165, -0.370539
26165.5, -0.355285
26166, -0.358336
26166.5, -0.370539
26167, -0.364437
26167.5, -0.37359
26168, -0.358336
26168.5, -0.352234
26169, -0.361386
26169.5, -0.355285
26170, -0.364437
26170.5, -0.358336
26171, -0.364437
26171.5, -0.352234
26172, -0.367488
26172.5, -0.364437
26173, -0.367488
26173.5, -0.37359
26174, -0.355285
26174.5, -0.349183
26175, -0.37359
26175.5, -0.364437
26176, -0.376641
26176.5, -0.370539
26177, -0.349183
26177.5, -0.364437
26178, -0.358336
26178.5, -0.358336
26179, -0.382743
26179.5, -0.355285
26180, -0.364437
26180.5, -0.358336
26181, -0.343081
26181.5, -0.361386
26182, -0.361386
26182.5, -0.364437
26183, -0.376641
26183.5, -0.358336
26184, -0.336979
26184.5, -0.364437
26185, -0.346132
26185.5, -0.355285
26186, -0.361386
26186.5, -0.352234
26187, -0.385794
26187.5, -0.358336
26188, -0.370539
26188.5, -0.364437
26189, -0.358336
26189.5, -0.346132
26190, -0.358336
26190.5, -0.367488
26191, -0.364437
26191.5, -0.37359
26192, -0.327826
26192.5, -0.355285
26193, -0.355285
26193.5, -0.355285
26194, -0.379692
26194.5, -0.34003
26195, -0.388845
26195.5, -0.364437
26196, -0.349183
26196.5, -0.382743
26197, -0.343081
26197.5, -0.367488
26198, -0.367488
26198.5, -0.343081
26199, -0.37359
26199.5, -0.349183
26200, -0.355285
26200.5, -0.37359
26201, -0.349183
26201.5, -0.352234
26202, -0.382743
26202.5, -0.349183
26203, -0.382743
26203.5, -0.367488
26204, -0.330877
26204.5, -0.352234
26205, -0.327826
26205.5, -0.367488
26206, -0.391896
26206.5, -0.361386
26207, -0.37359
26207.5, -0.361386
26208, -0.358336
26208.5, -0.355285
26209, -0.37359
26209.5, -0.355285
26210, -0.361386
26210.5, -0.370539
26211, -0.352234
26211.5, -0.364437
26212, -0.358336
26212.5, -0.343081
26213, -0.37359
26213.5, -0.355285
26214, -0.379692
26214.5, -0.358336
26215, -0.346132
26215.5, -0.370539
26216, -0.349183
26216.5, -0.349183
26217, -0.370539
26217.5, -0.352234
26218, -0.388845
26218.5, -0.370539
26219, -0.312571
26219.5, -0.364437
26220, -0.327826
26220.5, -0.355285
26221, -0.370539
26221.5, -0.358336
26222, -0.382743
26222.5, -0.358336
26223, -0.324775
26223.5, -0.367488
26224, -0.327826
26224.5, -0.358336
26225, -0.37359
26225.5, -0.346132
26226, -0.379692
26226.5, -0.349183
26227, -0.349183
26227.5, -0.361386
26228, -0.336979
26228.5, -0.358336
26229, -0.385794
26229.5, -0.370539
26230, -0.376641
26230.5, -0.358336
26231, -0.324775
26231.5, -0.367488
26232, -0.343081
26232.5, -0.361386
26233, -0.394947
26233.5, -0.349183
26234, -0.391896
26234.5, -0.376641
26235, -0.312571
26235.5, -0.361386
26236, -0.364437
26236.5, -0.343081
26237, -0.391896
26237.5, -0.358336
26238, -0.306469
26238.5, -0.358336
26239, -0.343081
26239.5, -0.361386
26240, -0.382743
26240.5, -0.355285
26241, -0.385794
26241.5, -0.34003
26242, -0.321724
26242.5, -0.367488
26243, -0.349183
26243.5, -0.346132
26244, -0.379692
26244.5, -0.367488
26245, -0.355285
26245.5, -0.37359
26246, -0.321724
26246.5, -0.358336
26247, -0.34003
26247.5, -0.343081
26248, -0.367488
26248.5, -0.355285
26249, -0.388845
26249.5, -0.370539
26250, -0.324775
26250.5, -0.376641
26251, -0.361386
26251.5, -0.352234
26252, -0.358336
26252.5, -0.352234
26253, -0.355285
26253.5, -0.367488
26254, -0.336979
26254.5, -0.355285
26255, -0.367488
26255.5, -0.343081
26256, -0.385794
26256.5, -0.349183
26257, -0.382743
26257.5, -0.352234
26258, -0.330877
26258.5, -0.364437
26259, -0.358336
26259.5, -0.346132
26260, -0.358336
26260.5, -0.352234
26261, -0.37359
26261.5, -0.367488
26262, -0.349183
26262.5, -0.370539
26263, -0.370539
26263.5, -0.367488
26264, -0.367488
26264.5, -0.352234
26265, -0.355285
26265.5, -0.352234
26266, -0.355285
26266.5, -0.349183
26267, -0.355285
26267.5, -0.361386
26268, -0.355285
26268.5, -0.352234
26269, -0.355285
26269.5, -0.358336
26270, -0.364437
26270.5, -0.343081
26271, -0.364437
26271.5, -0.361386
26272, -0.364437
26272.5, -0.379692
26273, -0.352234
26273.5, -0.361386
26274, -0.367488
26274.5, -0.352234
26275, -0.376641
26275.5, -0.358336
26276, -0.352234
26276.5, -0.367488
26277, -0.367488
26277.5, -0.355285
26278, -0.37359
26278.5, -0.358336
26279, -0.364437
26279.5, -0.349183
26280, -0.37359
26280.5, -0.364437
26281, -0.358336
26281.5, -0.367488
26282, -0.358336
26282.5, -0.355285
26283, -0.352234
26283.5, -0.346132
26284, -0.358336
26284.5, -0.361386
26285, -0.355285
26285.5, -0.361386
26286, -0.352234
26286.5, -0.358336
26287, -0.361386
26287.5, -0.367488
26288, -0.355285
26288.5, -0.349183
26289, -0.370539
26289.5, -0.355285
26290, -0.355285
26290.5, -0.361386
26291, -0.364437
26291.5, -0.37359
26292, -0.361386
26292.5, -0.358336
26293, -0.352234
26293.5, -0.346132
26294, -0.367488
26294.5, -0.355285
26295, -0.367488
26295.5, -0.361386
26296, -0.333928
26296.5, -0.349183
26297, -0.336979
26297.5, -0.361386
26298, -0.370539
26298.5, -0.367488
26299, -0.385794
26299.5, -0.364437
26300, -0.370539
26300.5, -0.358336
26301, -0.349183
26301.5, -0.364437
26302, -0.355285
26302.5, -0.352234
26303, -0.367488
26303.5, -0.361386
26304, -0.346132
26304.5, -0.349183
26305, -0.364437
26305.5, -0.364437
26306, -0.361386
26306.5, -0.361386
26307, -0.382743
26307.5, -0.349183
26308, -0.346132
26308.5, -0.352234
26309, -0.367488
26309.5, -0.361386
26310, -0.376641
26310.5, -0.364437
26311, -0.358336
26311.5, -0.370539
26312, -0.352234
26312.5, -0.352234
26313, -0.349183
26313.5, -0.352234
26314, -0.370539
26314.5, -0.358336
26315, -0.385794
26315.5, -0.355285
26316, -0.330877
26316.5, -0.382743
26317, -0.333928
26317.5, -0.364437
26318, -0.37359
26318.5, -0.346132
26319, -0.346132
26319.5, -0.37359
26320, -0.333928
26320.5, -0.364437
26321, -0.355285
26321.5, -0.346132
26322, -0.376641
26322.5, -0.358336
26323, -0.355285
26323.5, -0.358336
26324, -0.336979
26324.5, -0.361386
26325, -0.358336
26325.5, -0.352234
26326, -0.379692
26326.5, -0.355285
26327, -0.333928
26327.5, -0.370539
26328, -0.349183
26328.5, -0.352234
26329, -0.349183
26329.5, -0.349183
26330, -0.370539
26330.5, -0.358336
26331, -0.343081
26331.5, -0.355285
26332, -0.343081
26332.5, -0.346132
26333, -0.37359
26333.5, -0.358336
26334, -0.382743
26334.5, -0.355285
26335, -0.321724
26335.5, -0.37359
26336, -0.321724
26336.5, -0.34003
26337, -0.391896
26337.5, -0.358336
26338, -0.385794
26338.5, -0.352234
26339, -0.306469
26339.5, -0.367488
26340, -0.30952
26340.5, -0.352234
26341, -0.367488
26341.5, -0.361386
26342, -0.385794
26342.5, -0.364437
26343, -0.318673
26343.5, -0.370539
26344, -0.327826
26344.5, -0.37359
26345, -0.37359
26345.5, -0.34003
26346, -0.394947
26346.5, -0.355285
26347, -0.312571
26347.5, -0.355285
26348, -0.349183
26348.5, -0.355285
26349, -0.385794
26349.5, -0.367488
26350, -0.318673
26350.5, -0.361386
26351, -0.327826
26351.5, -0.333928
26352, -0.382743
26352.5, -0.364437
26353, -0.388845
26353.5, -0.358336
26354, -0.303418
26354.5, -0.364437
26355, -0.333928
26355.5, -0.346132
26356, -0.391896
26356.5, -0.346132
26357, -0.388845
26357.5, -0.361386
26358, -0.30952
26358.5, -0.364437
26359, -0.349183
26359.5, -0.346132
26360, -0.37359
26360.5, -0.355285
26361, -0.391896
26361.5, -0.352234
26362, -0.312571
26362.5, -0.376641
26363, -0.364437
26363.5, -0.361386
26364, -0.376641
26364.5, -0.355285
26365, -0.391896
26365.5, -0.361386
26366, -0.333928
26366.5, -0.367488
26367, -0.361386
26367.5, -0.361386
26368, -0.385794
26368.5, -0.355285
26369, -0.37359
26369.5, -0.352234
26370, -0.312571
26370.5, -0.358336
26371, -0.355285
26371.5, -0.352234
26372, -0.364437
26372.5, -0.358336
26373, -0.361386
26373.5, -0.358336
26374, -0.330877
26374.5, -0.361386
26375, -0.376641
26375.5, -0.343081
26376, -0.370539
26376.5, -0.358336
26377, -0.358336
26377.5, -0.376641
26378, -0.346132
26378.5, -0.343081
26379, -0.382743
26379.5, -0.358336
26380, -0.355285
26380.5, -0.364437
26381, -0.355285
26381.5, -0.364437
26382, -0.370539
26382.5, -0.336979
26383, -0.370539
26383.5, -0.343081
26384, -0.367488
26384.5, -0.379692
26385, -0.364437
26385.5, -0.361386
26386, -0.364437
26386.5, -0.349183
26387, -0.355285
26387.5, -0.352234
26388, -0.355285
26388.5, -0.367488
26389, -0.358336
26389.5, -0.361386
26390, -0.358336
26390.5, -0.34003
26391, -0.361386
26391.5, -0.367488
26392, -0.349183
26392.5, -0.370539
26393, -0.367488
26393.5, -0.352234
26394, -0.37359
26394.5, -0.34003
26395, -0.358336
26395.5, -0.352234
26396, -0.364437
26396.5, -0.352234
26397, -0.364437
26397.5, -0.358336
26398, -0.364437
26398.5, -0.352234
26399, -0.367488
26399.5, -0.367488
26400, -0.358336
26400.5, -0.358336
26401, -0.361386
26401.5, -0.361386
26402, -0.358336
26402.5, -0.349183
26403, -0.361386
26403.5, -0.358336
26404, -0.367488
26404.5, -0.367488
26405, -0.349183
26405.5, -0.352234
26406, -0.358336
26406.5, -0.376641
26407, -0.367488
26407.5, -0.355285
26408, -0.361386
26408.5, -0.352234
26409, -0.367488
26409.5, -0.361386
26410, -0.361386
26410.5, -0.355285
26411, -0.361386
26411.5, -0.364437
26412, -0.361386
26412.5, -0.349183
26413, -0.355285
26413.5, -0.358336
26414, -0.37359
26414.5, -0.361386
26415, -0.367488
26415.5, -0.355285
26416, -0.34003
26416.5, -0.358336
26417, -0.358336
26417.5, -0.358336
26418, -0.361386
26418.5, -0.358336
26419, -0.364437
26419.5, -0.367488
26420, -0.336979
26420.5, -0.355285
26421, -0.349183
26421.5, -0.364437
26422, -0.376641
26422.5, -0.349183
26423, -0.385794
26423.5, -0.355285
26424, -0.361386
26424.5, -0.37359
26425, -0.352234
26425.5, -0.358336
26426, -0.367488
26426.5, -0.34003
26427, -0.379692
26427.5, -0.355285
26428, -0.34003
26428.5, -0.358336
26429, -0.349183
26429.5, -0.370539
26430, -0.376641
26430.5, -0.358336
26431, -0.379692
26431.5, -0.355285
26432, -0.352234
26432.5, -0.352234
26433, -0.358336
26433.5, -0.358336
26434, -0.358336
26434.5, -0.37359
26435, -0.34003
26435.5, -0.379692
26436, -0.352234
26436.5, -0.346132
26437, -0.376641
26437.5, -0.358336
26438, -0.388845
26438.5, -0.358336
26439, -0.324775
26439.5, -0.367488
26440, -0.336979
26440.5, -0.327826
26441, -0.364437
26441.5, -0.34003
26442, -0.370539
26442.5, -0.358336
26443, -0.34003
26443.5, -0.37359
26444, -0.343081
26444.5, -0.349183
26445, -0.37359
26445.5, -0.355285
26446, -0.385794
26446.5, -0.349183
26447, -0.333928
26447.5, -0.355285
26448, -0.355285
26448.5, -0.352234
26449, -0.376641
26449.5, -0.352234
26450, -0.379692
26450.5, -0.358336
26451, -0.327826
26451.5, -0.352234
26452, -0.34003
26452.5, -0.349183
26453, -0.367488
26453.5, -0.361386
26454, -0.376641
26454.5, -0.358336
26455, -0.352234
26455.5, -0.37359
26456, -0.349183
26456.5, -0.349183
26457, -0.379692
26457.5, -0.355285
26458, -0.370539
26458.5, -0.367488
26459, -0.321724
26459.5, -0.361386
26460, -0.376641
26460.5, -0.355285
26461, -0.382743
26461.5, -0.352234
26462, -0.315622
26462.5, -0.355285
26463, -0.324775
26463.5, -0.355285
26464, -0.343081
26464.5, -0.361386
26465, -0.388845
26465.5, -0.358336
26466, -0.315622
26466.5, -0.358336
26467, -0.343081
26467.5, -0.364437
26468, -0.388845
26468.5, -0.355285
26469, -0.385794
26469.5, -0.352234
26470, -0.318673
26470.5, -0.370539
26471, -0.333928
26471.5, -0.34003
26472, -0.382743
26472.5, -0.355285
26473, -0.397998
26473.5, -0.361386
26474, -0.321724
26474.5, -0.367488
26475, -0.346132
26475.5, -0.352234
26476, -0.401049
26476.5, -0.349183
26477, -0.379692
26477.5, -0.361386
26478, -0.306469
26478.5, -0.361386
26479, -0.333928
26479.5, -0.349183
26480, -0.388845
26480.5, -0.34003
26481, -0.379692
26481.5, -0.376641
26482, -0.312571
26482.5, -0.364437
26483, -0.333928
26483.5, -0.336979
26484, -0.385794
26484.5, -0.349183
26485, -0.394947
26485.5, -0.361386
26486, -0.352234
26486.5, -0.37359
26487, -0.367488
26487.5, -0.333928
26488, -0.367488
26488.5, -0.336979
26489, -0.361386
26489.5, -0.370539
26490, -0.349183
26490.5, -0.346132
26491, -0.361386
26491.5, -0.346132
26492, -0.370539
26492.5, -0.370539
26493, -0.349183
26493.5, -0.367488
26494, -0.349183
26494.5, -0.346132
26495, -0.367488
26495.5, -0.355285
26496, -0.376641
26496.5, -0.370539
26497, -0.333928
26497.5, -0.361386
26498, -0.367488
26498.5, -0.34003
26499, -0.370539
26499.5, -0.349183
26500, -0.364437
26500.5, -0.361386
26501, -0.324775
26501.5, -0.364437
26502, -0.352234
26502.5, -0.352234
26503, -0.349183
26503.5, -0.352234
26504, -0.367488
26504.5, -0.349183
26505, -0.34003
26505.5, -0.364437
26506, -0.361386
26506.5, -0.346132
26507, -0.358336
26507.5, -0.352234
26508, -0.379692
26508.5, -0.355285
26509, -0.361386
26509.5, -0.367488
26510, -0.358336
26510.5, -0.346132
26511, -0.361386
26511.5, -0.364437
26512, -0.364437
26512.5, -0.346132
26513, -0.376641
26513.5, -0.352234
26514, -0.37359
26514.5, -0.361386
26515, -0.361386
26515.5, -0.370539
26516, -0.355285
26516.5, -0.355285
26517, -0.364437
26517.5, -0.355285
26518, -0.361386
26518.5, -0.352234
26519, -0.361386
26519.5, -0.370539
26520, -0.364437
26520.5, -0.367488
26521, -0.352234
26521.5, -0.355285
26522, -0.379692
26522.5, -0.361386
26523, -0.367488
26523.5, -0.355285
26524, -0.349183
26524.5, -0.361386
26525, -0.349183
26525.5, -0.355285
26526, -0.364437
26526.5, -0.355285
26527, -0.361386
26527.5, -0.361386
26528, -0.37359
26528.5, -0.367488
26529, -0.352234
26529.5, -0.361386
26530, -0.358336
26530.5, -0.352234
26531, -0.361386
26531.5, -0.361386
26532, -0.355285
26532.5, -0.346132
26533, -0.352234
26533.5, -0.370539
26534, -0.361386
26534.5, -0.361386
26535, -0.385794
26535.5, -0.361386
26536, -0.361386
26536.5, -0.352234
26537, -0.361386
26537.5, -0.349183
26538, -0.382743
26538.5, -0.364437
26539, -0.376641
26539.5, -0.37359
26540, -0.352234
26540.5, -0.364437
26541, -0.370539
26541.5, -0.352234
26542, -0.379692
26542.5, -0.346132
26543, -0.333928
26543.5, -0.352234
26544, -0.330877
26544.5, -0.367488
26545, -0.358336
26545.5, -0.352234
26546, -0.388845
26546.5, -0.361386
26547, -0.333928
26547.5, -0.355285
26548, -0.352234
26548.5, -0.352234
26549, -0.364437
26549.5, -0.355285
26550, -0.37359
26550.5, -0.364437
26551, -0.34003
26551.5, -0.352234
26552, -0.349183
26552.5, -0.361386
26553, -0.367488
26553.5, -0.352234
26554, -0.364437
26554.5, -0.358336
26555, -0.333928
26555.5, -0.364437
26556, -0.355285
26556.5, -0.349183
26557, -0.385794
26557.5, -0.358336
26558, -0.376641
26558.5, -0.37359
26559, -0.327826
26559.5, -0.361386
26560, -0.346132
26560.5, -0.364437
26561, -0.379692
26561.5, -0.352234
26562, -0.379692
26562.5, -0.361386
26563, -0.324775
26563.5, -0.358336
26564, -0.34003
26564.5, -0.358336
26565, -0.367488
26565.5, -0.355285
26566, -0.388845
26566.5, -0.370539
26567, -0.336979
26567.5, -0.376641
26568, -0.346132
26568.5, -0.352234
26569, -0.379692
26569.5, -0.358336
26570, -0.352234
26570.5, -0.355285
26571, -0.34003
26571.5, -0.367488
26572, -0.379692
26572.5, -0.364437
26573, -0.401049
26573.5, -0.379692
26574, -0.336979
26574.5, -0.367488
26575, -0.330877
26575.5, -0.352234
26576, -0.401049
26576.5, -0.358336
26577, -0.385794
26577.5, -0.370539
26578, -0.330877
26578.5, -0.361386
26579, -0.346132
26579.5, -0.352234
26580, -0.397998
26580.5, -0.358336
26581, -0.4041
26581.5, -0.358336
26582, -0.336979
26582.5, -0.367488
26583, -0.330877
26583.5, -0.343081
26584, -0.370539
26584.5, -0.349183
26585, -0.394947
26585.5, -0.352234
26586, -0.327826
26586.5, -0.376641
26587, -0.333928
26587.5, -0.352234
26588, -0.37359
26588.5, -0.358336
26589, -0.391896
26589.5, -0.364437
26590, -0.306469
26590.5, -0.367488
26591, -0.333928
26591.5, -0.364437
26592, -0.355285
26592.5, -0.349183
26593, -0.4041
26593.5, -0.361386
26594, -0.30952
26594.5, -0.367488
26595, -0.34003
26595.5, -0.355285
26596, -0.382743
26596.5, -0.361386
26597, -0.34003
26597.5, -0.370539
26598, -0.327826
26598.5, -0.367488
26599, -0.355285
26599.5, -0.352234
26600, -0.379692
26600.5, -0.37359
26601, -0.312571
26601.5, -0.37359
26602, -0.324775
26602.5, -0.349183
26603, -0.385794
26603.5, -0.343081
26604, -0.385794
26604.5, -0.352234
26605, -0.333928
26605.5, -0.367488
26606, -0.34003
26606.5, -0.352234
26607, -0.376641
26607.5, -0.352234
26608, -0.394947
26608.5, -0.361386
26609, -0.312571
26609.5, -0.355285
26610, -0.34003
26610.5, -0.352234
26611, -0.367488
26611.5, -0.346132
26612, -0.388845
26612.5, -0.358336
26613, -0.349183
26613.5, -0.367488
26614, -0.346132
26614.5, -0.358336
26615, -0.37359
26615.5, -0.358336
26616, -0.379692
26616.5, -0.370539
26617, -0.30952
26617.5, -0.352234
26618, -0.349183
26618.5, -0.343081
26619, -0.370539
26619.5, -0.34003
26620, -0.385794
26620.5, -0.37359
26621, -0.349183
26621.5, -0.382743
26622, -0.367488
26622.5, -0.330877
26623, -0.346132
26623.5, -0.34003
26624, -0.388845
26624.5, -0.370539
26625, -0.352234
26625.5, -0.385794
26626, -0.367488
26626.5, -0.343081
26627, -0.367488
26627.5, -0.364437
26628, -0.34003
26628.5, -0.37359
26629, -0.367488
26629.5, -0.361386
26630, -0.364437
26630.5, -0.367488
26631, -0.349183
26631.5, -0.364437
26632, -0.346132
26632.5, -0.358336
26633, -0.364437
26633.5, -0.34003
26634, -0.37359
26634.5, -0.355285
26635, -0.349183
26635.5, -0.352234
26636, -0.37359
26636.5, -0.358336
26637, -0.343081
26637.5, -0.355285
26638, -0.37359
26638.5, -0.352234
26639, -0.361386
26639.5, -0.361386
26640, -0.364437
26640.5, -0.352234
26641, -0.370539
26641.5, -0.352234
26642, -0.367488
26642.5, -0.349183
26643, -0.364437
26643.5, -0.352234
26644, -0.37359
26644.5, -0.361386
26645, -0.34003
26645.5, -0.361386
26646, -0.355285
26646.5, -0.361386
26647, -0.364437
26647.5, -0.361386
26648, -0.343081
26648.5, -0.358336
26649, -0.346132
26649.5, -0.370539
26650, -0.355285
26650.5, -0.355285
26651, -0.355285
26651.5, -0.355285
26652, -0.361386
26652.5, -0.358336
26653, -0.361386
26653.5, -0.364437
26654, -0.349183
26654.5, -0.367488
26655, -0.358336
26655.5, -0.352234
26656, -0.355285
26656.5, -0.355285
26657, -0.382743
26657.5, -0.352234
26658, -0.361386
26658.5, -0.367488
26659, -0.346132
26659.5, -0.364437
26660, -0.346132
26660.5, -0.358336
26661, -0.376641
26661.5, -0.349183
26662, -0.379692
26662.5, -0.352234
26663, -0.355285
26663.5, -0.364437
26664, -0.346132
26664.5, -0.37359
26665, -0.364437
26665.5, -0.355285
26666, -0.37359
26666.5, -0.358336
26667, -0.346132
26667.5, -0.364437
26668, -0.34003
26668.5, -0.367488
26669, -0.367488
26669.5, -0.361386
26670, -0.37359
26670.5, -0.361386
26671, -0.34003
26671.5, -0.352234
26672, -0.346132
26672.5, -0.364437
26673, -0.367488
26673.5, -0.346132
26674, -0.37359
26674.5, -0.370539
26675, -0.330877
26675.5, -0.355285
26676, -0.330877
26676.5, -0.355285
26677, -0.391896
26677.5, -0.358336
26678, -0.379692
26678.5, -0.37359
26679, -0.327826
26679.5, -0.352234
26680, -0.349183
26680.5, -0.346132
26681, -0.376641
26681.5, -0.355285
26682, -0.349183
26682.5, -0.358336
26683, -0.336979
26683.5, -0.358336
26684, -0.370539
26684.5, -0.346132
26685, -0.388845
26685.5, -0.358336
26686, -0.330877
26686.5, -0.364437
26687, -0.336979
26687.5, -0.349183
26688, -0.364437
26688.5, -0.349183
26689, -0.382743
26689.5, -0.361386
26690, -0.327826
26690.5, -0.358336
26691, -0.352234
26691.5, -0.34003
26692, -0.364437
26692.5, -0.358336
26693, -0.385794
26693.5, -0.361386
26694, -0.346132
26694.5, -0.367488
26695, -0.343081
26695.5, -0.34003
26696, -0.379692
26696.5, -0.37359
26697, -0.376641
26697.5, -0.364437
26698, -0.336979
26698.5, -0.364437
26699, -0.346132
26699.5, -0.346132
26700, -0.37359
26700.5, -0.349183
26701, -0.385794
26701.5, -0.37359
26702, -0.321724
26702.5, -0.37359
26703, -0.327826
26703.5, -0.346132
26704, -0.379692
26704.5, -0.349183
26705, -0.407151
26705.5, -0.349183
26706, -0.30952
26706.5, -0.379692
26707, -0.324775
26707.5, -0.358336
26708, -0.385794
26708.5, -0.34003
26709, -0.343081
26709.5, -0.358336
26710, -0.315622
26710.5, -0.367488
26711, -0.364437
26711.5, -0.364437
26712, -0.385794
26712.5, -0.358336
26713, -0.303418
26713.5, -0.358336
26714, -0.318673
26714.5, -0.343081
26715, -0.385794
26715.5, -0.355285
26716, -0.391896
26716.5, -0.370539
26717, -0.315622
26717.5, -0.358336
26718, -0.336979
26718.5, -0.327826
26719, -0.382743
26719.5, -0.358336
26720, -0.401049
26720.5, -0.367488
26721, -0.300367
26721.5, -0.364437
26722, -0.330877
26722.5, -0.352234
26723, -0.397998
26723.5, -0.352234
26724, -0.401049
26724.5, -0.349183
26725, -0.315622
26725.5, -0.370539
26726, -0.330877
26726.5, -0.336979
26727, -0.391896
26727.5, -0.352234
26728, -0.37359
26728.5, -0.37359
26729, -0.306469
26729.5, -0.361386
26730, -0.358336
26730.5, -0.358336
26731, -0.382743
26731.5, -0.358336
26732, -0.376641
26732.5, -0.370539
26733, -0.364437
26733.5, -0.37359
26734, -0.352234
26734.5, -0.336979
26735, -0.358336
26735.5, -0.346132
26736, -0.397998
26736.5, -0.367488
26737, -0.336979
26737.5, -0.358336
26738, -0.37359
26738.5, -0.343081
26739, -0.355285
26739.5, -0.364437
26740, -0.330877
26740.5, -0.37359
26741, -0.361386
26741.5, -0.34003
26742, -0.401049
26742.5, -0.358336
26743, -0.355285
26743.5, -0.37359
26744, -0.370539
26744.5, -0.37359
26745, -0.355285
26745.5, -0.349183
26746, -0.370539
26746.5, -0.352234
26747, -0.370539
26747.5, -0.370539
26748, -0.349183
26748.5, -0.352234
26749, -0.358336
26749.5, -0.361386
26750, -0.352234
26750.5, -0.336979
26751, -0.37359
26751.5, -0.364437
26752, -0.364437
26752.5, -0.376641
26753, -0.361386
26753.5, -0.364437
26754, -0.358336
26754.5, -0.361386
26755, -0.367488
26755.5, -0.364437
26756, -0.346132
26756.5, -0.349183
26757, -0.367488
26757.5, -0.355285
26758, -0.367488
26758.5, -0.361386
26759, -0.367488
26759.5, -0.358336
26760, -0.364437
26760.5, -0.358336
26761, -0.37359
26761.5, -0.352234
26762, -0.361386
26762.5, -0.349183
26763, -0.364437
26763.5, -0.367488
26764, -0.355285
26764.5, -0.367488
26765, -0.352234
26765.5, -0.352234
26766, -0.367488
26766.5, -0.361386
26767, -0.37359
26767.5, -0.364437
26768, -0.352234
26768.5, -0.358336
26769, -0.370539
26769.5, -0.364437
26770, -0.358336
26770.5, -0.358336
26771, -0.367488
26771.5, -0.355285
26772, -0.364437
26772.5, -0.361386
26773, -0.355285
26773.5, -0.364437
26774, -0.364437
26774.5, -0.358336
26775, -0.367488
26775.5, -0.358336
26776, -0.355285
26776.5, -0.364437
26777, -0.376641
26777.5, -0.361386
26778, -0.355285
26778.5, -0.364437
26779, -0.346132
26779.5, -0.361386
26780, -0.352234
26780.5, -0.364437
26781, -0.37359
26781.5, -0.355285
26782, -0.370539
26782.5, -0.367488
26783, -0.358336
26783.5, -0.367488
26784, -0.349183
26784.5, -0.370539
26785, -0.370539
26785.5, -0.358336
26786, -0.376641
26786.5, -0.361386
26787, -0.336979
26787.5, -0.361386
26788, -0.349183
26788.5, -0.361386
26789, -0.37359
26789.5, -0.367488
26790, -0.379692
26790.5, -0.358336
26791, -0.34003
26791.5, -0.364437
26792, -0.352234
26792.5, -0.358336
26793, -0.361386
26793.5, -0.352234
26794, -0.34003
26794.5, -0.352234
26795, -0.352234
26795.5, -0.367488
26796, -0.367488
26796.5, -0.346132
26797, -0.364437
26797.5, -0.379692
26798, -0.343081
26798.5, -0.361386
26799, -0.343081
26799.5, -0.364437
26800, -0.361386
26800.5, -0.358336
26801, -0.379692
26801.5, -0.376641
26802, -0.333928
26802.5, -0.355285
26803, -0.346132
26803.5, -0.346132
26804, -0.379692
26804.5, -0.352234
26805, -0.376641
26805.5, -0.379692
26806, -0.330877
26806.5, -0.37359
26807, -0.336979
26807.5, -0.352234
26808, -0.376641
26808.5, -0.352234
26809, -0.391896
26809.5, -0.361386
26810, -0.327826
26810.5, -0.379692
26811, -0.343081
26811.5, -0.364437
26812, -0.355285
26812.5, -0.358336
26813, -0.376641
26813.5, -0.370539
26814, -0.330877
26814.5, -0.367488
26815, -0.358336
26815.5, -0.370539
26816, -0.37359
26816.5, -0.355285
26817, -0.382743
26817.5, -0.370539
26818, -0.321724
26818.5, -0.358336
26819, -0.346132
26819.5, -0.358336
26820, -0.355285
26820.5, -0.355285
26821, -0.349183
26821.5, -0.370539
26822, -0.349183
26822.5, -0.346132
26823, -0.394947
26823.5, -0.367488
26824, -0.376641
26824.5, -0.367488
26825, -0.324775
26825.5, -0.361386
26826, -0.349183
26826.5, -0.358336
26827, -0.349183
26827.5, -0.367488
26828, -0.397998
26828.5, -0.361386
26829, -0.306469
26829.5, -0.367488
26830, -0.333928
26830.5, -0.358336
26831, -0.367488
26831.5, -0.358336
26832, -0.388845
26832.5, -0.349183
26833, -0.330877
26833.5, -0.379692
26834, -0.330877
26834.5, -0.361386
26835, -0.379692
26835.5, -0.355285
26836, -0.382743
26836.5, -0.364437
26837, -0.333928
26837.5, -0.361386
26838, -0.346132
26838.5, -0.352234
26839, -0.361386
26839.5, -0.358336
26840, -0.391896
26840.5, -0.358336
26841, -0.303418
26841.5, -0.370539
26842, -0.333928
26842.5, -0.355285
26843, -0.367488
26843.5, -0.349183
26844, -0.397998
26844.5, -0.361386
26845, -0.294265
26845.5, -0.367488
26846, -0.330877
26846.5, -0.34003
26847, -0.394947
26847.5, -0.352234
26848, -0.382743
26848.5, -0.370539
26849, -0.324775
26849.5, -0.385794
26850, -0.364437
26850.5, -0.349183
26851, -0.382743
26851.5, -0.370539
26852, -0.315622
26852.5, -0.358336
26853, -0.367488
26853.5, -0.346132
26854, -0.385794
26854.5, -0.361386
26855, -0.376641
26855.5, -0.37359
26856, -0.318673
26856.5, -0.343081
26857, -0.346132
26857.5, -0.34003
26858, -0.37359
26858.5, -0.355285
26859, -0.364437
26859.5, -0.361386
26860, -0.34003
26860.5, -0.364437
26861, -0.361386
26861.5, -0.336979
26862, -0.367488
26862.5, -0.361386
26863, -0.352234
26863.5, -0.364437
26864, -0.343081
26864.5, -0.367488
26865, -0.367488
26865.5, -0.336979
26866, -0.376641
26866.5, -0.37359
26867, -0.382743
26867.5, -0.361386
26868, -0.34003
26868.5, -0.364437
26869, -0.355285
26869.5, -0.364437
26870, -0.361386
26870.5, -0.34003
26871, -0.391896
26871.5, -0.343081
26872, -0.370539
26872.5, -0.343081
26873, -0.367488
26873.5, -0.370539
26874, -0.355285
26874.5, -0.370539
26875, -0.37359
26875.5, -0.343081
26876, -0.367488
26876.5, -0.343081
26877, -0.364437
26877.5, -0.367488
26878, -0.358336
26878.5, -0.379692
26879, -0.361386
26879.5, -0.333928
26880, -0.352234
26880.5, -0.34003
26881, -0.37359
26881.5, -0.367488
26882, -0.364437
26882.5, -0.370539
26883, -0.358336
26883.5, -0.349183
26884, -0.364437
26884.5, -0.355285
26885, -0.367488
26885.5, -0.361386
26886, -0.352234
26886.5, -0.37359
26887, -0.358336
26887.5, -0.349183
26888, -0.349183
26888.5, -0.349183
26889, -0.364437
26889.5, -0.358336
26890, -0.355285
26890.5, -0.364437
26891, -0.37359
26891.5, -0.336979
26892, -0.355285
26892.5, -0.361386
26893, -0.352234
26893.5, -0.352234
26894, -0.364437
26894.5, -0.358336
26895, -0.358336
26895.5, -0.34003
26896, -0.370539
26896.5, -0.382743
26897, -0.370539
26897.5, -0.370539
26898, -0.376641
26898.5, -0.330877
26899, -0.349183
26899.5, -0.361386
26900, -0.358336
26900.5, -0.355285
26901, -0.37359
26901.5, -0.364437
26902, -0.37359
26902.5, -0.376641
26903, -0.37359
26903.5, -0.346132
26904, -0.361386
26904.5, -0.379692
26905, -0.367488
26905.5, -0.367488
26906, -0.361386
26906.5, -0.355285
26907, -0.352234
26907.5, -0.367488
26908, -0.376641
26908.5, -0.358336
26909, -0.364437
26909.5, -0.358336
26910, -0.364437
26910.5, -0.361386
26911, -0.349183
26911.5, -0.37359
26912, -0.37359
26912.5, -0.370539
26913, -0.382743
26913.5, -0.364437
26914, -0.370539
26914.5, -0.34003
26915, -0.364437
26915.5, -0.364437
26916, -0.370539
26916.5, -0.364437
26917, -0.382743
26917.5, -0.352234
26918, -0.346132
26918.5, -0.349183
26919, -0.336979
26919.5, -0.358336
26920, -0.385794
26920.5, -0.367488
26921, -0.370539
26921.5, -0.355285
26922, -0.333928
26922.5, -0.361386
26923, -0.352234
26923.5, -0.361386
26924, -0.370539
26924.5, -0.355285
26925, -0.382743
26925.5, -0.352234
26926, -0.330877
26926.5, -0.364437
26927, -0.355285
26927.5, -0.361386
26928, -0.370539
26928.5, -0.358336
26929, -0.379692
26929.5, -0.361386
26930, -0.343081
26930.5, -0.367488
26931, -0.349183
26931.5, -0.355285
26932, -0.355285
26932.5, -0.355285
26933, -0.361386
26933.5, -0.358336
26934, -0.327826
26934.5, -0.349183
26935, -0.367488
26935.5, -0.358336
26936, -0.376641
26936.5, -0.367488
26937, -0.333928
26937.5, -0.352234
26938, -0.346132
26938.5, -0.361386
26939, -0.364437
26939.5, -0.355285
26940, -0.367488
26940.5, -0.352234
26941, -0.318673
26941.5, -0.352234
26942, -0.355285
26942.5, -0.358336
26943, -0.382743
26943.5, -0.367488
26944, -0.376641
26944.5, -0.364437
26945, -0.346132
26945.5, -0.358336
26946, -0.352234
26946.5, -0.355285
26947, -0.361386
26947.5, -0.355285
26948, -0.382743
26948.5, -0.352234
26949, -0.30952
26949.5, -0.349183
26950, -0.333928
26950.5, -0.355285
26951, -0.364437
26951.5, -0.355285
26952, -0.401049
26952.5, -0.333928
26953, -0.318673
26953.5, -0.349183
26954, -0.327826
26954.5, -0.364437
26955, -0.37359
26955.5, -0.355285
26956, -0.382743
26956.5, -0.349183
26957, -0.346132
26957.5, -0.352234
26958, -0.330877
26958.5, -0.364437
26959, -0.370539
26959.5, -0.355285
26960, -0.361386
26960.5, -0.34003
26961, -0.327826
26961.5, -0.361386
26962, -0.364437
26962.5, -0.358336
26963, -0.379692
26963.5, -0.361386
26964, -0.306469
26964.5, -0.358336
26965, -0.355285
26965.5, -0.352234
26966, -0.388845
26966.5, -0.361386
26967, -0.376641
26967.5, -0.370539
26968, -0.318673
26968.5, -0.343081
26969, -0.343081
26969.5, -0.370539
26970, -0.379692
26970.5, -0.367488
26971, -0.391896
26971.5, -0.352234
26972, -0.330877
26972.5, -0.346132
26973, -0.327826
26973.5, -0.370539
26974, -0.364437
26974.5, -0.358336
26975, -0.385794
26975.5, -0.355285
26976, -0.330877
26976.5, -0.358336
26977, -0.355285
26977.5, -0.37359
26978, -0.388845
26978.5, -0.358336
26979, -0.379692
26979.5, -0.352234
26980, -0.346132
26980.5, -0.349183
26981, -0.355285
26981.5, -0.358336
26982, -0.355285
26982.5, -0.358336
26983, -0.388845
26983.5, -0.349183
26984, -0.361386
26984.5, -0.361386
26985, -0.364437
26985.5, -0.364437
26986, -0.367488
26986.5, -0.358336
26987, -0.367488
26987.5, -0.343081
26988, -0.330877
26988.5, -0.352234
26989, -0.367488
26989.5, -0.355285
26990, -0.367488
26990.5, -0.352234
26991, -0.367488
26991.5, -0.355285
26992, -0.355285
26992.5, -0.358336
26993, -0.361386
26993.5, -0.370539
26994, -0.367488
26994.5, -0.37359
26995, -0.367488
26995.5, -0.361386
26996, -0.364437
26996.5, -0.355285
26997, -0.367488
26997.5, -0.376641
26998, -0.370539
26998.5, -0.370539
26999, -0.367488
26999.5, -0.336979
27000, -0.376641
27000.5, -0.346132
27001, -0.364437
27001.5, -0.370539
27002, -0.355285
27002.5, -0.358336
27003, -0.352234
27003.5, -0.349183
27004, -0.361386
27004.5, -0.364437
27005, -0.358336
27005.5, -0.367488
27006, -0.355285
27006.5, -0.346132
27007, -0.361386
27007.5, -0.343081
27008, -0.361386
27008.5, -0.367488
27009, -0.361386
27009.5, -0.358336
27010, -0.367488
27010.5, -0.346132
27011, -0.355285
27011.5, -0.367488
27012, -0.361386
27012.5, -0.370539
27013, -0.370539
27013.5, -0.364437
27014, -0.370539
27014.5, -0.358336
27015, -0.352234
27015.5, -0.358336
27016, -0.364437
27016.5, -0.376641
27017, -0.364437
27017.5, -0.361386
27018, -0.352234
27018.5, -0.336979
27019, -0.355285
27019.5, -0.370539
27020, -0.358336
27020.5, -0.367488
27021, -0.358336
27021.5, -0.358336
27022, -0.346132
27022.5, -0.352234
27023, -0.346132
27023.5, -0.349183
27024, -0.370539
27024.5, -0.355285
27025, -0.349183
27025.5, -0.382743
27026, -0.336979
27026.5, -0.346132
27027, -0.346132
27027.5, -0.346132
27028, -0.361386
27028.5, -0.352234
27029, -0.367488
27029.5, -0.361386
27030, -0.330877
27030.5, -0.364437
27031, -0.333928
27031.5, -0.355285
27032, -0.37359
27032.5, -0.355285
27033, -0.388845
27033.5, -0.364437
27034, -0.333928
27034.5, -0.361386
27035, -0.349183
27035.5, -0.364437
27036, -0.358336
27036.5, -0.367488
27037, -0.379692
27037.5, -0.355285
27038, -0.349183
27038.5, -0.358336
27039, -0.358336
27039.5, -0.364437
27040, -0.367488
27040.5, -0.376641
27041, -0.385794
27041.5, -0.367488
27042, -0.346132
27042.5, -0.370539
27043, -0.346132
27043.5, -0.361386
27044, -0.376641
27044.5, -0.370539
27045, -0.343081
27045.5, -0.364437
27046, -0.346132
27046.5, -0.367488
27047, -0.379692
27047.5, -0.358336
27048, -0.388845
27048.5, -0.361386
27049, -0.327826
27049.5, -0.361386
27050, -0.361386
27050.5, -0.361386
27051, -0.376641
27051.5, -0.364437
27052, -0.385794
27052.5, -0.358336
27053, -0.315622
27053.5, -0.361386
27054, -0.346132
27054.5, -0.364437
27055, -0.358336
27055.5, -0.361386
27056, -0.379692
27056.5, -0.361386
27057, -0.343081
27057.5, -0.352234
27058, -0.330877
27058.5, -0.355285
27059, -0.367488
27059.5, -0.367488
27060, -0.376641
27060.5, -0.361386
27061, -0.336979
27061.5, -0.346132
27062, -0.324775
27062.5, -0.364437
27063, -0.367488
27063.5, -0.367488
27064, -0.37359
27064.5, -0.367488
27065, -0.346132
27065.5, -0.361386
27066, -0.333928
27066.5, -0.370539
27067, -0.379692
27067.5, -0.355285
27068, -0.37359
27068.5, -0.361386
27069, -0.34003
27069.5, -0.361386
27070, -0.318673
27070.5, -0.358336
27071, -0.397998
27071.5, -0.367488
27072, -0.352234
27072.5, -0.34003
27073, -0.336979
27073.5, -0.355285
27074, -0.355285
27074.5, -0.364437
27075, -0.410202
27075.5, -0.361386
27076, -0.324775
27076.5, -0.367488
27077, -0.336979
27077.5, -0.349183
27078, -0.364437
27078.5, -0.358336
27079, -0.37359
27079.5, -0.361386
27080, -0.315622
27080.5, -0.367488
27081, -0.355285
27081.5, -0.361386
27082, -0.379692
27082.5, -0.364437
27083, -0.379692
27083.5, -0.37359
27084, -0.30952
27084.5, -0.361386
27085, -0.370539
27085.5, -0.352234
27086, -0.385794
27086.5, -0.370539
27087, -0.388845
27087.5, -0.352234
27088, -0.312571
27088.5, -0.355285
27089, -0.34003
27089.5, -0.361386
27090, -0.391896
27090.5, -0.364437
27091, -0.385794
27091.5, -0.34003
27092, -0.330877
27092.5, -0.364437
27093, -0.352234
27093.5, -0.346132
27094, -0.361386
27094.5, -0.367488
27095, -0.370539
27095.5, -0.358336
27096, -0.321724
27096.5, -0.352234
27097, -0.367488
27097.5, -0.361386
27098, -0.370539
27098.5, -0.361386
27099, -0.382743
27099.5, -0.361386
27100, -0.349183
27100.5, -0.355285
27101, -0.364437
27101.5, -0.361386
27102, -0.376641
27102.5, -0.370539
27103, -0.324775
27103.5, -0.346132
27104, -0.370539
27104.5, -0.358336
27105, -0.382743
27105.5, -0.37359
27106, -0.355285
27106.5, -0.370539
27107, -0.349183
27107.5, -0.352234
27108, -0.355285
27108.5, -0.355285
27109, -0.358336
27109.5, -0.349183
27110, -0.361386
27110.5, -0.364437
27111, -0.346132
27111.5, -0.346132
27112, -0.355285
27112.5, -0.361386
27113, -0.367488
27113.5, -0.361386
27114, -0.376641
27114.5, -0.358336
27115, -0.352234
27115.5, -0.367488
27116, -0.361386
27116.5, -0.367488
27117, -0.364437
27117.5, -0.367488
27118, -0.361386
27118.5, -0.336979
27119, -0.358336
27119.5, -0.352234
27120, -0.367488
27120.5, -0.379692
27121, -0.358336
27121.5, -0.379692
27122, -0.352234
27122.5, -0.346132
27123, -0.355285
27123.5, -0.346132
27124, -0.370539
27124.5, -0.370539
27125, -0.367488
27125.5, -0.367488
27126, -0.355285
27126.5, -0.343081
27127, -0.343081
27127.5, -0.352234
27128, -0.364437
27128.5, -0.367488
27129, -0.367488
27129.5, -0.367488
27130, -0.352234
27130.5, -0.343081
27131, -0.358336
27131.5, -0.361386
27132, -0.352234
27132.5, -0.367488
27133, -0.355285
27133.5, -0.364437
27134, -0.364437
27134.5, -0.349183
27135, -0.352234
27135.5, -0.355285
27136, -0.379692
27136.5, -0.370539
27137, -0.364437
27137.5, -0.358336
27138, -0.364437
27138.5, -0.346132
27139, -0.349183
27139.5, -0.333928
27140, -0.361386
27140.5, -0.361386
27141, -0.361386
27141.5, -0.358336
27142, -0.346132
27142.5, -0.343081
27143, -0.349183
27143.5, -0.358336
27144, -0.37359
27144.5, -0.370539
27145, -0.355285
27145.5, -0.349183
27146, -0.324775
27146.5, -0.358336
27147, -0.358336
27147.5, -0.355285
27148, -0.367488
27148.5, -0.370539
27149, -0.382743
27149.5, -0.376641
27150, -0.358336
27150.5, -0.355285
27151, -0.346132
27151.5, -0.349183
27152, -0.37359
27152.5, -0.352234
27153, -0.379692
27153.5, -0.358336
27154, -0.343081
27154.5, -0.364437
27155, -0.358336
27155.5, -0.355285
27156, -0.382743
27156.5, -0.355285
27157, -0.349183
27157.5, -0.361386
27158, -0.343081
27158.5, -0.361386
27159, -0.376641
27159.5, -0.358336
27160, -0.37359
27160.5, -0.361386
27161, -0.343081
27161.5, -0.355285
27162, -0.355285
27162.5, -0.358336
27163, -0.37359
27163.5, -0.370539
27164, -0.370539
27164.5, -0.361386
27165, -0.343081
27165.5, -0.361386
27166, -0.343081
27166.5, -0.358336
27167, -0.379692
27167.5, -0.358336
27168, -0.370539
27168.5, -0.370539
27169, -0.343081
27169.5, -0.376641
27170, -0.346132
27170.5, -0.370539
27171, -0.367488
27171.5, -0.358336
27172, -0.382743
27172.5, -0.370539
27173, -0.324775
27173.5, -0.361386
27174, -0.355285
27174.5, -0.364437
27175, -0.361386
27175.5, -0.358336
27176, -0.37359
27176.5, -0.370539
27177, -0.346132
27177.5, -0.364437
27178, -0.324775
27178.5, -0.367488
27179, -0.37359
27179.5, -0.358336
27180, -0.37359
27180.5, -0.361386
27181, -0.30952
27181.5, -0.346132
27182, -0.352234
27182.5, -0.364437
27183, -0.370539
27183.5, -0.367488
27184, -0.34003
27184.5, -0.349183
27185, -0.349183
27185.5, -0.355285
27186, -0.37359
27186.5, -0.367488
27187, -0.385794
27187.5, -0.364437
27188, -0.330877
27188.5, -0.358336
27189, -0.349183
27189.5, -0.355285
27190, -0.379692
27190.5, -0.355285
27191, -0.391896
27191.5, -0.364437
27192, -0.312571
27192.5, -0.355285
27193, -0.34003
27193.5, -0.358336
27194, -0.382743
27194.5, -0.364437
27195, -0.376641
27195.5, -0.352234
27196, -0.321724
27196.5, -0.367488
27197, -0.336979
27197.5, -0.361386
27198, -0.376641
27198.5, -0.358336
27199, -0.388845
27199.5, -0.346132
27200, -0.303418
27200.5, -0.358336
27201, -0.321724
27201.5, -0.367488
27202, -0.382743
27202.5, -0.367488
27203, -0.379692
27203.5, -0.346132
27204, -0.318673
27204.5, -0.349183
27205, -0.333928
27205.5, -0.352234
27206, -0.382743
27206.5, -0.358336
27207, -0.401049
27207.5, -0.349183
27208, -0.30952
27208.5, -0.355285
27209, -0.330877
27209.5, -0.370539
27210, -0.382743
27210.5, -0.379692
27211, -0.358336
27211.5, -0.361386
27212, -0.355285
27212.5, -0.364437
27213, -0.364437
27213.5, -0.343081
27214, -0.382743
27214.5, -0.361386
27215, -0.324775
27215.5, -0.364437
27216, -0.361386
27216.5, -0.34003
27217, -0.367488
27217.5, -0.370539
27218, -0.367488
27218.5, -0.355285
27219, -0.349183
27219.5, -0.358336
27220, -0.364437
27220.5, -0.349183
27221, -0.349183
27221.5, -0.367488
27222, -0.379692
27222.5, -0.361386
27223, -0.352234
27223.5, -0.355285
27224, -0.361386
27224.5, -0.367488
27225, -0.37359
27225.5, -0.367488
27226, -0.367488
27226.5, -0.379692
27227, -0.349183
27227.5, -0.336979
27228, -0.370539
27228.5, -0.352234
27229, -0.367488
27229.5, -0.358336
27230, -0.364437
27230.5, -0.355285
27231, -0.352234
27231.5, -0.358336
27232, -0.355285
27232.5, -0.364437
27233, -0.364437
27233.5, -0.367488
27234, -0.364437
27234.5, -0.349183
27235, -0.361386
27235.5, -0.346132
27236, -0.355285
27236.5, -0.370539
27237, -0.352234
27237.5, -0.364437
27238, -0.352234
27238.5, -0.336979
27239, -0.346132
27239.5, -0.358336
27240, -0.361386
27240.5, -0.367488
27241, -0.361386
27241.5, -0.370539
27242, -0.367488
27242.5, -0.346132
27243, -0.355285
27243.5, -0.34003
27244, -0.361386
27244.5, -0.364437
27245, -0.361386
27245.5, -0.364437
27246, -0.358336
27246.5, -0.346132
27247, -0.349183
27247.5, -0.352234
27248, -0.37359
27248.5, -0.367488
27249, -0.364437
27249.5, -0.37359
27250, -0.361386
27250.5, -0.34003
27251, -0.346132
27251.5, -0.370539
27252, -0.358336
27252.5, -0.358336
27253, -0.367488
27253.5, -0.361386
27254, -0.361386
27254.5, -0.349183
27255, -0.349183
27255.5, -0.37359
27256, -0.370539
27256.5, -0.370539
27257, -0.367488
27257.5, -0.352234
27258, -0.358336
27258.5, -0.34003
27259, -0.343081
27259.5, -0.376641
27260, -0.37359
27260.5, -0.364437
27261, -0.370539
27261.5, -0.333928
27262, -0.367488
27262.5, -0.355285
27263, -0.352234
27263.5, -0.382743
27264, -0.364437
27264.5, -0.370539
27265, -0.358336
27265.5, -0.349183
27266, -0.336979
27266.5, -0.352234
27267, -0.355285
27267.5, -0.364437
27268, -0.37359
27268.5, -0.358336
27269, -0.346132
27269.5, -0.352234
27270, -0.343081
27270.5, -0.355285
27271, -0.376641
27271.5, -0.364437
27272, -0.367488
27272.5, -0.358336
27273, -0.364437
27273.5, -0.361386
27274, -0.34003
27274.5, -0.364437
27275, -0.370539
27275.5, -0.361386
27276, -0.370539
27276.5, -0.349183
27277, -0.333928
27277.5, -0.355285
27278, -0.330877
27278.5, -0.367488
27279, -0.367488
27279.5, -0.358336
27280, -0.37359
27280.5, -0.358336
27281, -0.324775
27281.5, -0.364437
27282, -0.352234
27282.5, -0.361386
27283, -0.370539
27283.5, -0.376641
27284, -0.370539
27284.5, -0.364437
27285, -0.352234
27285.5, -0.361386
27286, -0.343081
27286.5, -0.361386
27287, -0.385794
27287.5, -0.364437
27288, -0.37359
27288.5, -0.358336
27289, -0.330877
27289.5, -0.352234
27290, -0.364437
27290.5, -0.346132
27291, -0.367488
27291.5, -0.367488
27292, -0.379692
27292.5, -0.358336
27293, -0.352234
27293.5, -0.364437
27294, -0.349183
27294.5, -0.358336
27295, -0.382743
27295.5, -0.358336
27296, -0.352234
27296.5, -0.361386
27297, -0.343081
27297.5, -0.364437
27298, -0.367488
27298.5, -0.367488
27299, -0.376641
27299.5, -0.355285
27300, -0.352234
27300.5, -0.358336
27301, -0.346132
27301.5, -0.37359
27302, -0.349183
27302.5, -0.361386
27303, -0.370539
27303.5, -0.364437
27304, -0.34003
27304.5, -0.352234
27305, -0.349183
27305.5, -0.336979
27306, -0.379692
27306.5, -0.364437
27307, -0.364437
27307.5, -0.376641
27308, -0.336979
27308.5, -0.352234
27309, -0.324775
27309.5, -0.349183
27310, -0.346132
27310.5, -0.367488
27311, -0.385794
27311.5, -0.37359
27312, -0.343081
27312.5, -0.358336
27313, -0.333928
27313.5, -0.358336
27314, -0.385794
27314.5, -0.355285
27315, -0.391896
27315.5, -0.361386
27316, -0.315622
27316.5, -0.352234
27317, -0.34003
27317.5, -0.367488
27318, -0.358336
27318.5, -0.37359
27319, -0.385794
27319.5, -0.349183
27320, -0.318673
27320.5, -0.361386
27321, -0.352234
27321.5, -0.361386
27322, -0.358336
27322.5, -0.382743
27323, -0.361386
27323.5, -0.349183
27324, -0.330877
27324.5, -0.352234
27325, -0.394947
27325.5, -0.361386
27326, -0.382743
27326.5, -0.361386
27327, -0.306469
27327.5, -0.343081
27328, -0.333928
27328.5, -0.358336
27329, -0.37359
27329.5, -0.367488
27330, -0.388845
27330.5, -0.37359
27331, -0.321724
27331.5, -0.349183
27332, -0.336979
27332.5, -0.349183
27333, -0.388845
27333.5, -0.358336
27334, -0.394947
27334.5, -0.376641
27335, -0.312571
27335.5, -0.358336
27336, -0.364437
27336.5, -0.358336
27337, -0.376641
27337.5, -0.352234
27338, -0.364437
27338.5, -0.364437
27339, -0.315622
27339.5, -0.343081
27340, -0.364437
27340.5, -0.355285
27341, -0.370539
27341.5, -0.361386
27342, -0.364437
27342.5, -0.361386
27343, -0.37359
27343.5, -0.349183
27344, -0.376641
27344.5, -0.361386
27345, -0.376641
27345.5, -0.37359
27346, -0.364437
27346.5, -0.349183
27347, -0.330877
27347.5, -0.346132
27348, -0.367488
27348.5, -0.370539
27349, -0.367488
27349.5, -0.37359
27350, -0.355285
27350.5, -0.343081
27351, -0.370539
27351.5, -0.349183
27352, -0.358336
27352.5, -0.358336
27353, -0.358336
27353.5, -0.370539
27354, -0.370539
27354.5, -0.361386
27355, -0.367488
27355.5, -0.361386
27356, -0.37359
27356.5, -0.361386
27357, -0.364437
27357.5, -0.379692
27358, -0.370539
27358.5, -0.355285
27359, -0.355285
27359.5, -0.358336
27360, -0.370539
27360.5, -0.361386
27361, -0.364437
27361.5, -0.358336
27362, -0.367488
27362.5, -0.346132
27363, -0.364437
27363.5, -0.352234
27364, -0.364437
27364.5, -0.367488
27365, -0.346132
27365.5, -0.376641
27366, -0.370539
27366.5, -0.358336
27367, -0.361386
27367.5, -0.367488
27368, -0.379692
27368.5, -0.376641
27369, -0.352234
27369.5, -0.346132
27370, -0.355285
27370.5, -0.34003
27371, -0.367488
27371.5, -0.37359
27372, -0.361386
27372.5, -0.364437
27373, -0.367488
27373.5, -0.346132
27374, -0.349183
27374.5, -0.349183
27375, -0.367488
27375.5, -0.367488
27376, -0.370539
27376.5, -0.367488
27377, -0.361386
27377.5, -0.364437
27378, -0.358336
27378.5, -0.361386
27379, -0.355285
27379.5, -0.367488
27380, -0.367488
27380.5, -0.370539
27381, -0.358336
27381.5, -0.352234
27382, -0.343081
27382.5, -0.358336
27383, -0.367488
27383.5, -0.364437
27384, -0.346132
27384.5, -0.37359
27385, -0.361386
27385.5, -0.355285
27386, -0.330877
27386.5, -0.364437
27387, -0.358336
27387.5, -0.370539
27388, -0.376641
27388.5, -0.370539
27389, -0.324775
27389.5, -0.343081
27390, -0.358336
27390.5, -0.355285
27391, -0.367488
27391.5, -0.355285
27392, -0.376641
27392.5, -0.367488
27393, -0.352234
27393.5, -0.364437
27394, -0.333928
27394.5, -0.358336
27395, -0.370539
27395.5, -0.346132
27396, -0.376641
27396.5, -0.370539
27397, -0.349183
27397.5, -0.367488
27398, -0.34003
27398.5, -0.358336
27399, -0.370539
27399.5, -0.349183
27400, -0.385794
27400.5, -0.355285
27401, -0.346132
27401.5, -0.349183
27402, -0.34003
27402.5, -0.361386
27403, -0.370539
27403.5, -0.37359
27404, -0.382743
27404.5, -0.361386
27405, -0.330877
27405.5, -0.34003
27406, -0.346132
27406.5, -0.361386
27407, -0.367488
27407.5, -0.364437
27408, -0.385794
27408.5, -0.367488
27409, -0.324775
27409.5, -0.352234
27410, -0.367488
27410.5, -0.361386
27411, -0.382743
27411.5, -0.361386
27412, -0.346132
27412.5, -0.352234
27413, -0.352234
27413.5, -0.355285
27414, -0.370539
27414.5, -0.361386
27415, -0.37359
27415.5, -0.358336
27416, -0.34003
27416.5, -0.355285
27417, -0.336979
27417.5, -0.346132
27418, -0.367488
27418.5, -0.358336
27419, -0.364437
27419.5, -0.361386
27420, -0.352234
27420.5, -0.364437
27421, -0.346132
27421.5, -0.367488
27422, -0.364437
27422.5, -0.364437
27423, -0.376641
27423.5, -0.364437
27424, -0.336979
27424.5, -0.349183
27425, -0.349183
27425.5, -0.367488
27426, -0.376641
27426.5, -0.355285
27427, -0.37359
27427.5, -0.361386
27428, -0.349183
27428.5, -0.355285
27429, -0.327826
27429.5, -0.367488
27430, -0.364437
27430.5, -0.355285
27431, -0.379692
27431.5, -0.358336
27432, -0.349183
27432.5, -0.358336
27433, -0.330877
27433.5, -0.352234
27434, -0.382743
27434.5, -0.355285
27435, -0.364437
27435.5, -0.361386
27436, -0.327826
27436.5, -0.355285
27437, -0.370539
27437.5, -0.361386
27438, -0.376641
27438.5, -0.364437
27439, -0.324775
27439.5, -0.361386
27440, -0.333928
27440.5, -0.364437
27441, -0.361386
27441.5, -0.364437
27442, -0.376641
27442.5, -0.367488
27443, -0.312571
27443.5, -0.358336
27444, -0.324775
27444.5, -0.355285
27445, -0.382743
27445.5, -0.37359
27446, -0.397998
27446.5, -0.355285
27447, -0.34003
27447.5, -0.367488
27448, -0.358336
27448.5, -0.352234
27449, -0.388845
27449.5, -0.37359
27450, -0.382743
27450.5, -0.364437
27451, -0.303418
27451.5, -0.352234
27452, -0.364437
27452.5, -0.364437
27453, -0.37359
27453.5, -0.364437
27454, -0.364437
27454.5, -0.358336
27455, -0.306469
27455.5, -0.361386
27456, -0.343081
27456.5, -0.376641
27457, -0.382743
27457.5, -0.361386
27458, -0.391896
27458.5, -0.352234
27459, -0.303418
27459.5, -0.37359
27460, -0.370539
27460.5, -0.361386
27461, -0.355285
27461.5, -0.367488
27462, -0.37359
27462.5, -0.34003
27463, -0.34003
27463.5, -0.361386
27464, -0.358336
27464.5, -0.370539
27465, -0.358336
27465.5, -0.358336
27466, -0.333928
27466.5, -0.349183
27467, -0.352234
27467.5, -0.34003
27468, -0.370539
27468.5, -0.352234
27469, -0.367488
27469.5, -0.361386
27470, -0.330877
27470.5, -0.34003
27471, -0.364437
27471.5, -0.349183
27472, -0.370539
27472.5, -0.358336
27473, -0.367488
27473.5, -0.367488
27474, -0.361386
27474.5, -0.349183
27475, -0.358336
27475.5, -0.349183
27476, -0.37359
27476.5, -0.361386
27477, -0.367488
27477.5, -0.364437
27478, -0.352234
27478.5, -0.361386
27479, -0.346132
27479.5, -0.361386
27480, -0.355285
27480.5, -0.376641
27481, -0.349183
27481.5, -0.343081
27482, -0.364437
27482.5, -0.352234
27483, -0.367488
27483.5, -0.379692
27484, -0.364437
27484.5, -0.37359
27485, -0.361386
27485.5, -0.330877
27486, -0.370539
27486.5, -0.346132
27487, -0.355285
27487.5, -0.367488
27488, -0.370539
27488.5, -0.370539
27489, -0.361386
27489.5, -0.343081
27490, -0.364437
27490.5, -0.352234
27491, -0.364437
27491.5, -0.364437
27492, -0.355285
27492.5, -0.376641
27493, -0.361386
27493.5, -0.358336
27494, -0.355285
27494.5, -0.336979
27495, -0.376641
27495.5, -0.379692
27496, -0.361386
27496.5, -0.376641
27497, -0.361386
27497.5, -0.343081
27498, -0.349183
27498.5, -0.364437
27499, -0.361386
27499.5, -0.364437
27500, -0.37359
27500.5, -0.370539
27501, -0.327826
27501.5, -0.361386
27502, -0.358336
27502.5, -0.370539
27503, -0.367488
27503.5, -0.367488
27504, -0.358336
27504.5, -0.361386
27505, -0.379692
27505.5, -0.364437
27506, -0.358336
27506.5, -0.361386
27507, -0.367488
27507.5, -0.376641
27508, -0.37359
27508.5, -0.343081
27509, -0.343081
27509.5, -0.355285
27510, -0.34003
27510.5, -0.361386
27511, -0.370539
27511.5, -0.367488
27512, -0.367488
27512.5, -0.367488
27513, -0.358336
27513.5, -0.367488
27514, -0.361386
27514.5, -0.364437
27515, -0.37359
27515.5, -0.364437
27516, -0.379692
27516.5, -0.364437
27517, -0.34003
27517.5, -0.361386
27518, -0.352234
27518.5, -0.352234
27519, -0.376641
27519.5, -0.355285
27520, -0.358336
27520.5, -0.358336
27521, -0.34003
27521.5, -0.367488
27522, -0.37359
27522.5, -0.355285
27523, -0.385794
27523.5, -0.352234
27524, -0.346132
27524.5, -0.367488
27525, -0.352234
27525.5, -0.358336
27526, -0.364437
27526.5, -0.37359
27527, -0.376641
27527.5, -0.361386
27528, -0.346132
27528.5, -0.361386
27529, -0.346132
27529.5, -0.37359
27530, -0.364437
27530.5, -0.361386
27531, -0.37359
27531.5, -0.358336
27532, -0.327826
27532.5, -0.352234
27533, -0.321724
27533.5, -0.364437
27534, -0.379692
27534.5, -0.361386
27535, -0.385794
27535.5, -0.370539
27536, -0.318673
27536.5, -0.367488
27537, -0.321724
27537.5, -0.358336
27538, -0.394947
27538.5, -0.361386
27539, -0.388845
27539.5, -0.376641
27540, -0.346132
27540.5, -0.355285
27541, -0.330877
27541.5, -0.367488
27542, -0.382743
27542.5, -0.349183
27543, -0.385794
27543.5, -0.361386
27544, -0.327826
27544.5, -0.358336
27545, -0.34003
27545.5, -0.370539
27546, -0.37359
27546.5, -0.352234
27547, -0.361386
27547.5, -0.346132
27548, -0.336979
27548.5, -0.361386
27549, -0.370539
27549.5, -0.367488
27550, -0.385794
27550.5, -0.364437
27551, -0.355285
27551.5, -0.355285
27552, -0.324775
27552.5, -0.355285
27553, -0.385794
27553.5, -0.361386
27554, -0.388845
27554.5, -0.370539
27555, -0.312571
27555.5, -0.358336
27556, -0.343081
27556.5, -0.346132
27557, -0.385794
27557.5, -0.355285
27558, -0.385794
27558.5, -0.364437
27559, -0.303418
27559.5, -0.355285
27560, -0.330877
27560.5, -0.358336
27561, -0.37359
27561.5, -0.355285
27562, -0.382743
27562.5, -0.355285
27563, -0.327826
27563.5, -0.358336
27564, -0.352234
27564.5, -0.370539
27565, -0.379692
27565.5, -0.358336
27566, -0.397998
27566.5, -0.346132
27567, -0.318673
27567.5, -0.343081
27568, -0.349183
27568.5, -0.37359
27569, -0.37359
27569.5, -0.367488
27570, -0.379692
27570.5, -0.358336
27571, -0.315622
27571.5, -0.355285
27572, -0.379692
27572.5, -0.376641
27573, -0.364437
27573.5, -0.370539
27574, -0.382743
27574.5, -0.343081
27575, -0.34003
27575.5, -0.352234
27576, -0.382743
27576.5, -0.346132
27577, -0.370539
27577.5, -0.364437
27578, -0.349183
27578.5, -0.364437
27579, -0.349183
27579.5, -0.367488
27580, -0.376641
27580.5, -0.370539
27581, -0.37359
27581.5, -0.358336
27582, -0.327826
27582.5, -0.361386
27583, -0.355285
27583.5, -0.367488
27584, -0.379692
27584.5, -0.367488
27585, -0.382743
27585.5, -0.346132
27586, -0.352234
27586.5, -0.352234
27587, -0.361386
27587.5, -0.37359
27588, -0.355285
27588.5, -0.364437
27589, -0.361386
27589.5, -0.358336
27590, -0.361386
27590.5, -0.364437
27591, -0.367488
27591.5, -0.349183
27592, -0.352234
27592.5, -0.355285
27593, -0.358336
27593.5, -0.37359
27594, -0.352234
27594.5, -0.361386
27595, -0.367488
27595.5, -0.358336
27596, -0.364437
27596.5, -0.376641
27597, -0.370539
27597.5, -0.34003
27598, -0.343081
27598.5, -0.358336
27599, -0.37359
27599.5, -0.361386
27600, -0.37359
27600.5, -0.349183
27601, -0.367488
27601.5, -0.355285
27602, -0.361386
27602.5, -0.355285
27603, -0.364437
27603.5, -0.355285
27604, -0.361386
27604.5, -0.358336
27605, -0.370539
27605.5, -0.349183
27606, -0.361386
27606.5, -0.349183
27607, -0.355285
27607.5, -0.379692
27608, -0.358336
27608.5, -0.370539
27609, -0.367488
27609.5, -0.343081
27610, -0.364437
27610.5, -0.352234
27611, -0.358336
27611.5, -0.370539
27612, -0.358336
27612.5, -0.361386
27613, -0.330877
27613.5, -0.361386
27614, -0.346132
27614.5, -0.343081
27615, -0.364437
27615.5, -0.364437
27616, -0.367488
27616.5, -0.370539
27617, -0.330877
27617.5, -0.364437
27618, -0.349183
27618.5, -0.336979
27619, -0.370539
27619.5, -0.364437
27620, -0.358336
27620.5, -0.34003
27621, -0.34003
27621.5, -0.349183
27622, -0.355285
27622.5, -0.364437
27623, -0.367488
27623.5, -0.355285
27624, -0.379692
27624.5, -0.352234
27625, -0.346132
27625.5, -0.37359
27626, -0.364437
27626.5, -0.376641
27627, -0.382743
27627.5, -0.361386
27628, -0.370539
27628.5, -0.343081
27629, -0.352234
27629.5, -0.37359
27630, -0.355285
27630.5, -0.361386
27631, -0.379692
27631.5, -0.370539
27632, -0.346132
27632.5, -0.361386
27633, -0.346132
27633.5, -0.358336
27634, -0.367488
27634.5, -0.364437
27635, -0.370539
27635.5, -0.379692
27636, -0.324775
27636.5, -0.349183
27637, -0.352234
27637.5, -0.355285
27638, -0.364437
27638.5, -0.355285
27639, -0.382743
27639.5, -0.355285
27640, -0.349183
27640.5, -0.364437
27641, -0.333928
27641.5, -0.358336
27642, -0.379692
27642.5, -0.364437
27643, -0.376641
27643.5, -0.358336
27644, -0.346132
27644.5, -0.364437
27645, -0.333928
27645.5, -0.361386
27646, -0.361386
27646.5, -0.355285
27647, -0.385794
27647.5, -0.358336
27648, -0.355285
27648.5, -0.358336
27649, -0.330877
27649.5, -0.355285
27650, -0.367488
27650.5, -0.364437
27651, -0.379692
27651.5, -0.361386
27652, -0.336979
27652.5, -0.349183
27653, -0.346132
27653.5, -0.358336
27654, -0.367488
27654.5, -0.355285
27655, -0.370539
27655.5, -0.349183
27656, -0.34003
27656.5, -0.349183
27657, -0.343081
27657.5, -0.355285
27658, -0.382743
27658.5, -0.364437
27659, -0.355285
27659.5, -0.367488
27660, -0.336979
27660.5, -0.367488
27661, -0.37359
27661.5, -0.364437
27662, -0.397998
27662.5, -0.358336
27663, -0.315622
27663.5, -0.364437
27664, -0.336979
27664.5, -0.355285
27665, -0.379692
27665.5, -0.370539
27666, -0.397998
27666.5, -0.364437
27667, -0.318673
27667.5, -0.358336
27668, -0.34003
27668.5, -0.361386
27669, -0.379692
27669.5, -0.367488
27670, -0.391896
27670.5, -0.361386
27671, -0.343081
27671.5, -0.358336
27672, -0.343081
27672.5, -0.364437
27673, -0.382743
27673.5, -0.361386
27674, -0.388845
27674.5, -0.355285
27675, -0.312571
27675.5, -0.358336
27676, -0.333928
27676.5, -0.349183
27677, -0.391896
27677.5, -0.355285
27678, -0.388845
27678.5, -0.370539
27679, -0.330877
27679.5, -0.364437
27680, -0.324775
27680.5, -0.361386
27681, -0.379692
27681.5, -0.364437
27682, -0.397998
27682.5, -0.358336
27683, -0.306469
27683.5, -0.361386
27684, -0.349183
27684.5, -0.361386
27685, -0.382743
27685.5, -0.370539
27686, -0.388845
27686.5, -0.352234
27687, -0.327826
27687.5, -0.346132
27688, -0.376641
27688.5, -0.367488
27689, -0.370539
27689.5, -0.361386
27690, -0.333928
27690.5, -0.352234
27691, -0.352234
27691.5, -0.352234
27692, -0.367488
27692.5, -0.349183
27693, -0.349183
27693.5, -0.367488
27694, -0.30952
27694.5, -0.358336
27695, -0.352234
27695.5, -0.352234
27696, -0.379692
27696.5, -0.358336
27697, -0.394947
27697.5, -0.361386
27698, -0.321724
27698.5, -0.349183
27699, -0.364437
27699.5, -0.355285
27700, -0.391896
27700.5, -0.358336
27701, -0.367488
27701.5, -0.367488
27702, -0.346132
27702.5, -0.355285
27703, -0.361386
27703.5, -0.352234
27704, -0.361386
27704.5, -0.358336
27705, -0.367488
27705.5, -0.336979
27706, -0.336979
27706.5, -0.361386
27707, -0.355285
27707.5, -0.364437
27708, -0.358336
27708.5, -0.367488
27709, -0.376641
27709.5, -0.358336
27710, -0.349183
27710.5, -0.352234
27711, -0.367488
27711.5, -0.376641
27712, -0.361386
27712.5, -0.361386
27713, -0.364437
27713.5, -0.355285
27714, -0.361386
27714.5, -0.343081
27715, -0.37359
27715.5, -0.364437
27716, -0.358336
27716.5, -0.367488
27717, -0.364437
27717.5, -0.364437
27718, -0.37359
27718.5, -0.355285
27719, -0.355285
27719.5, -0.367488
27720, -0.364437
27720.5, -0.364437
27721, -0.355285
27721.5, -0.358336
27722, -0.370539
27722.5, -0.358336
27723, -0.364437
27723.5, -0.361386
27724, -0.358336
27724.5, -0.370539
27725, -0.37359
27725.5, -0.34003
27726, -0.358336
27726.5, -0.355285
27727, -0.355285
27727.5, -0.379692
27728, -0.358336
27728.5, -0.379692
27729, -0.370539
27729.5, -0.355285
27730, -0.355285
27730.5, -0.376641
27731, -0.358336
27731.5, -0.37359
27732, -0.367488
27732.5, -0.346132
27733, -0.364437
27733.5, -0.349183
27734, -0.364437
27734.5, -0.37359
27735, -0.367488
27735.5, -0.376641
27736, -0.367488
27736.5, -0.346132
27737, -0.352234
27737.5, -0.346132
27738, -0.349183
27738.5, -0.382743
27739, -0.370539
27739.5, -0.364437
27740, -0.361386
27740.5, -0.367488
27741, -0.346132
27741.5, -0.352234
27742, -0.361386
27742.5, -0.370539
27743, -0.382743
27743.5, -0.361386
27744, -0.379692
27744.5, -0.355285
27745, -0.343081
27745.5, -0.376641
27746, -0.37359
27746.5, -0.349183
27747, -0.379692
27747.5, -0.343081
27748, -0.370539
27748.5, -0.352234
27749, -0.349183
27749.5, -0.361386
27750, -0.379692
27750.5, -0.37359
27751, -0.370539
27751.5, -0.364437
27752, -0.330877
27752.5, -0.355285
27753, -0.352234
27753.5, -0.364437
27754, -0.358336
27754.5, -0.361386
27755, -0.379692
27755.5, -0.358336
27756, -0.327826
27756.5, -0.352234
27757, -0.34003
27757.5, -0.346132
27758, -0.376641
27758.5, -0.37359
27759, -0.385794
27759.5, -0.358336
27760, -0.352234
27760.5, -0.355285
27761, -0.346132
27761.5, -0.361386
27762, -0.37359
27762.5, -0.361386
27763, -0.391896
27763.5, -0.355285
27764, -0.324775
27764.5, -0.376641
27765, -0.333928
27765.5, -0.361386
27766, -0.367488
27766.5, -0.355285
27767, -0.376641
27767.5, -0.358336
27768, -0.324775
27768.5, -0.358336
27769, -0.333928
27769.5, -0.367488
27770, -0.370539
27770.5, -0.352234
27771, -0.379692
27771.5, -0.358336
27772, -0.330877
27772.5, -0.349183
27773, -0.370539
27773.5, -0.358336
27774, -0.37359
27774.5, -0.364437
27775, -0.315622
27775.5, -0.367488
27776, -0.327826
27776.5, -0.349183
27777, -0.385794
27777.5, -0.364437
27778, -0.370539
27778.5, -0.355285
27779, -0.330877
27779.5, -0.358336
27780, -0.355285
27780.5, -0.355285
27781, -0.367488
27781.5, -0.364437
27782, -0.394947
27782.5, -0.358336
27783, -0.324775
27783.5, -0.352234
27784, -0.346132
27784.5, -0.355285
27785, -0.376641
27785.5, -0.355285
27786, -0.397998
27786.5, -0.370539
27787, -0.300367
27787.5, -0.364437
27788, -0.330877
27788.5, -0.364437
27789, -0.376641
27789.5, -0.358336
27790, -0.388845
27790.5, -0.346132
27791, -0.315622
27791.5, -0.358336
27792, -0.315622
27792.5, -0.352234
27793, -0.370539
27793.5, -0.376641
27794, -0.385794
27794.5, -0.355285
27795, -0.30952
27795.5, -0.361386
27796, -0.330877
27796.5, -0.358336
27797, -0.397998
27797.5, -0.364437
27798, -0.410202
27798.5, -0.352234
27799, -0.30952
27799.5, -0.355285
27800, -0.364437
27800.5, -0.376641
27801, -0.401049
27801.5, -0.364437
27802, -0.297316
27802.5, -0.355285
27803, -0.333928
27803.5, -0.346132
27804, -0.37359
27804.5, -0.367488
27805, -0.391896
27805.5, -0.370539
27806, -0.312571
27806.5, -0.355285
27807, -0.327826
27807.5, -0.355285
27808, -0.385794
27808.5, -0.370539
27809, -0.401049
27809.5, -0.361386
27810, -0.34003
27810.5, -0.352234
27811, -0.327826
27811.5, -0.364437
27812, -0.385794
27812.5, -0.37359
27813, -0.388845
27813.5, -0.364437
27814, -0.306469
27814.5, -0.352234
27815, -0.376641
27815.5, -0.355285
27816, -0.382743
27816.5, -0.367488
27817, -0.364437
27817.5, -0.349183
27818, -0.303418
27818.5, -0.361386
27819, -0.370539
27819.5, -0.358336
27820, -0.376641
27820.5, -0.358336
27821, -0.355285
27821.5, -0.352234
27822, -0.330877
27822.5, -0.358336
27823, -0.358336
27823.5, -0.364437
27824, -0.367488
27824.5, -0.367488
27825, -0.379692
27825.5, -0.355285
27826, -0.358336
27826.5, -0.355285
27827, -0.355285
27827.5, -0.358336
27828, -0.361386
27828.5, -0.355285
27829, -0.382743
27829.5, -0.336979
27830, -0.361386
27830.5, -0.352234
27831, -0.358336
27831.5, -0.367488
27832, -0.364437
27832.5, -0.370539
27833, -0.37359
27833.5, -0.349183
27834, -0.358336
27834.5, -0.349183
27835, -0.367488
27835.5, -0.367488
27836, -0.361386
27836.5, -0.370539
27837, -0.355285
27837.5, -0.34003
27838, -0.370539
27838.5, -0.336979
27839, -0.364437
27839.5, -0.364437
27840, -0.358336
27840.5, -0.379692
27841, -0.358336
27841.5, -0.336979
27842, -0.364437
27842.5, -0.361386
27843, -0.37359
27843.5, -0.361386
27844, -0.364437
27844.5, -0.333928
27845, -0.358336
27845.5, -0.352234
27846, -0.358336
27846.5, -0.358336
27847, -0.370539
27847.5, -0.361386
27848, -0.37359
27848.5, -0.343081
27849, -0.364437
27849.5, -0.336979
27850, -0.349183
27850.5, -0.394947
27851, -0.358336
27851.5, -0.370539
27852, -0.367488
27852.5, -0.352234
27853, -0.358336
27853.5, -0.352234
27854, -0.349183
27854.5, -0.37359
27855, -0.376641
27855.5, -0.370539
27856, -0.355285
27856.5, -0.367488
27857, -0.361386
27857.5, -0.361386
27858, -0.361386
27858.5, -0.367488
27859, -0.361386
27859.5, -0.364437
27860, -0.355285
27860.5, -0.343081
27861, -0.349183
27861.5, -0.352234
27862, -0.385794
27862.5, -0.37359
27863, -0.370539
27863.5, -0.364437
27864, -0.330877
27864.5, -0.367488
27865, -0.349183
27865.5, -0.355285
27866, -0.382743
27866.5, -0.364437
27867, -0.379692
27867.5, -0.364437
27868, -0.355285
27868.5, -0.355285
27869, -0.330877
27869.5, -0.358336
27870, -0.364437
27870.5, -0.349183
27871, -0.367488
27871.5, -0.349183
27872, -0.358336
27872.5, -0.358336
27873, -0.352234
27873.5, -0.358336
27874, -0.361386
27874.5, -0.370539
27875, -0.376641
27875.5, -0.361386
27876, -0.34003
27876.5, -0.352234
27877, -0.349183
27877.5, -0.358336
27878, -0.364437
27878.5, -0.361386
27879, -0.382743
27879.5, -0.370539
27880, -0.333928
27880.5, -0.352234
27881, -0.352234
27881.5, -0.358336
27882, -0.361386
27882.5, -0.355285
27883, -0.370539
27883.5, -0.364437
27884, -0.30952
27884.5, -0.364437
27885, -0.367488
27885.5, -0.367488
27886, -0.385794
27886.5, -0.352234
27887, -0.336979
27887.5, -0.370539
27888, -0.330877
27888.5, -0.37359
27889, -0.364437
27889.5, -0.367488
27890, -0.382743
27890.5, -0.355285
27891, -0.34003
27891.5, -0.346132
27892, -0.346132
27892.5, -0.355285
27893, -0.364437
27893.5, -0.355285
27894, -0.376641
27894.5, -0.361386
27895, -0.34003
27895.5, -0.361386
27896, -0.343081
27896.5, -0.364437
27897, -0.379692
27897.5, -0.358336
27898, -0.376641
27898.5, -0.367488
27899, -0.312571
27899.5, -0.336979
27900, -0.333928
27900.5, -0.355285
27901, -0.385794
27901.5, -0.37359
27902, -0.37359
27902.5, -0.358336
27903, -0.312571
27903.5, -0.355285
27904, -0.34003
27904.5, -0.361386
27905, -0.388845
27905.5, -0.352234
27906, -0.388845
27906.5, -0.355285
27907, -0.324775
27907.5, -0.358336
27908, -0.306469
27908.5, -0.352234
27909, -0.379692
27909.5, -0.349183
27910, -0.388845
27910.5, -0.355285
27911, -0.336979
27911.5, -0.358336
27912, -0.34003
27912.5, -0.364437
27913, -0.391896
27913.5, -0.358336
27914, -0.336979
27914.5, -0.333928
27915, -0.336979
27915.5, -0.346132
27916, -0.391896
27916.5, -0.364437
27917, -0.382743
27917.5, -0.37359
27918, -0.333928
27918.5, -0.34003
27919, -0.34003
27919.5, -0.361386
27920, -0.401049
27920.5, -0.355285
27921, -0.394947
27921.5, -0.358336
27922, -0.300367
27922.5, -0.352234
27923, -0.333928
27923.5, -0.352234
27924, -0.388845
27924.5, -0.349183
27925, -0.376641
27925.5, -0.364437
27926, -0.294265
27926.5, -0.364437
27927, -0.355285
27927.5, -0.367488
27928, -0.379692
27928.5, -0.361386
27929, -0.37359
27929.5, -0.34003
27930, -0.318673
27930.5, -0.346132
27931, -0.34003
27931.5, -0.361386
27932, -0.37359
27932.5, -0.370539
27933, -0.364437
27933.5, -0.34003
27934, -0.327826
27934.5, -0.349183
27935, -0.352234
27935.5, -0.361386
27936, -0.370539
27936.5, -0.376641
27937, -0.391896
27937.5, -0.358336
27938, -0.330877
27938.5, -0.358336
27939, -0.364437
27939.5, -0.358336
27940, -0.388845
27940.5, -0.367488
27941, -0.346132
27941.5, -0.364437
27942, -0.352234
27942.5, -0.349183
27943, -0.385794
27943.5, -0.358336
27944, -0.367488
27944.5, -0.376641
27945, -0.34003
27945.5, -0.358336
27946, -0.346132
27946.5, -0.361386
27947, -0.388845
27947.5, -0.37359
27948, -0.361386
27948.5, -0.358336
27949, -0.367488
27949.5, -0.352234
27950, -0.333928
27950.5, -0.355285
27951, -0.358336
27951.5, -0.364437
27952, -0.382743
27952.5, -0.364437
27953, -0.364437
27953.5, -0.34003
27954, -0.349183
27954.5, -0.352234
27955, -0.376641
27955.5, -0.367488
27956, -0.358336
27956.5, -0.346132
27957, -0.333928
27957.5, -0.346132
27958, -0.370539
27958.5, -0.364437
27959, -0.355285
27959.5, -0.376641
27960, -0.361386
27960.5, -0.343081
27961, -0.364437
27961.5, -0.343081
27962, -0.358336
27962.5, -0.358336
27963, -0.358336
27963.5, -0.370539
27964, -0.349183
27964.5, -0.355285
27965, -0.364437
27965.5, -0.352234
27966, -0.364437
27966.5, -0.370539
27967, -0.352234
27967.5, -0.355285
27968, -0.379692
27968.5, -0.34003
27969, -0.349183
27969.5, -0.346132
27970, -0.361386
27970.5, -0.370539
27971, -0.361386
27971.5, -0.352234
27972, -0.355285
27972.5, -0.324775
27973, -0.355285
27973.5, -0.343081
27974, -0.355285
27974.5, -0.37359
27975, -0.358336
27975.5, -0.370539
27976, -0.370539
27976.5, -0.333928
27977, -0.364437
27977.5, -0.364437
27978, -0.37359
27978.5, -0.367488
27979, -0.364437
27979.5, -0.376641
27980, -0.361386
27980.5, -0.358336
27981, -0.327826
27981.5, -0.352234
27982, -0.367488
27982.5, -0.364437
27983, -0.346132
27983.5, -0.346132
27984, -0.358336
27984.5, -0.355285
27985, -0.349183
27985.5, -0.376641
27986, -0.370539
27986.5, -0.355285
27987, -0.364437
27987.5, -0.346132
27988, -0.349183
27988.5, -0.361386
27989, -0.352234
27989.5, -0.370539
27990, -0.364437
27990.5, -0.349183
27991, -0.376641
27991.5, -0.349183
27992, -0.34003
27992.5, -0.358336
27993, -0.352234
27993.5, -0.376641
27994, -0.367488
27994.5, -0.367488
27995, -0.370539
27995.5, -0.370539
27996, -0.364437
27996.5, -0.364437
27997, -0.346132
27997.5, -0.358336
27998, -0.367488
27998.5, -0.370539
27999, -0.336979
27999.5, -0.358336
28000, -0.327826
28000.5, -0.361386
28001, -0.382743
28001.5, -0.355285
28002, -0.361386
28002.5, -0.358336
28003, -0.343081
28003.5, -0.358336
28004, -0.343081
28004.5, -0.355285
28005, -0.376641
28005.5, -0.355285
28006, -0.367488
28006.5, -0.367488
28007, -0.34003
28007.5, -0.367488
28008, -0.346132
28008.5, -0.355285
28009, -0.361386
28009.5, -0.358336
28010, -0.379692
28010.5, -0.346132
28011, -0.327826
28011.5, -0.352234
28012, -0.346132
28012.5, -0.367488
28013, -0.382743
28013.5, -0.355285
28014, -0.385794
28014.5, -0.364437
28015, -0.346132
28015.5, -0.355285
28016, -0.330877
28016.5, -0.358336
28017, -0.376641
28017.5, -0.358336
28018, -0.370539
28018.5, -0.37359
28019, -0.343081
28019.5, -0.352234
28020, -0.34003
28020.5, -0.364437
28021, -0.367488
28021.5, -0.364437
28022, -0.364437
28022.5, -0.37359
28023, -0.336979
28023.5, -0.364437
28024, -0.333928
28024.5, -0.349183
28025, -0.364437
28025.5, -0.364437
28026, -0.336979
28026.5, -0.37359
28027, -0.34003
28027.5, -0.361386
28028, -0.379692
28028.5, -0.352234
28029, -0.382743
28029.5, -0.358336
28030, -0.346132
28030.5, -0.355285
28031, -0.336979
28031.5, -0.355285
28032, -0.352234
28032.5, -0.364437
28033, -0.391896
28033.5, -0.364437
28034, -0.318673
28034.5, -0.358336
28035, -0.352234
28035.5, -0.346132
28036, -0.37359
28036.5, -0.37359
28037, -0.382743
28037.5, -0.355285
28038, -0.312571
28038.5, -0.358336
28039, -0.349183
28039.5, -0.358336
28040, -0.376641
28040.5, -0.382743
28041, -0.385794
28041.5, -0.34003
28042, -0.318673
28042.5, -0.352234
28043, -0.346132
28043.5, -0.367488
28044, -0.367488
28044.5, -0.370539
28045, -0.367488
28045.5, -0.370539
28046, -0.318673
28046.5, -0.349183
28047, -0.343081
28047.5, -0.361386
28048, -0.391896
28048.5, -0.37359
28049, -0.394947
28049.5, -0.358336
28050, -0.324775
28050.5, -0.358336
28051, -0.315622
28051.5, -0.367488
28052, -0.376641
28052.5, -0.355285
28053, -0.379692
28053.5, -0.336979
28054, -0.336979
28054.5, -0.361386
28055, -0.37359
28055.5, -0.364437
28056, -0.364437
28056.5, -0.370539
28057, -0.355285
28057.5, -0.349183
28058, -0.361386
28058.5, -0.352234
28059, -0.364437
28059.5, -0.358336
28060, -0.379692
28060.5, -0.355285
28061, -0.324775
28061.5, -0.34003
28062, -0.343081
28062.5, -0.352234
28063, -0.352234
28063.5, -0.367488
28064, -0.385794
28064.5, -0.370539
28065, -0.300367
28065.5, -0.355285
28066, -0.355285
28066.5, -0.333928
28067, -0.370539
28067.5, -0.379692
28068, -0.364437
28068.5, -0.349183
28069, -0.336979
28069.5, -0.355285
28070, -0.361386
28070.5, -0.37359
28071, -0.346132
28071.5, -0.367488
28072, -0.355285
28072.5, -0.318673
28073, -0.336979
28073.5, -0.364437
28074, -0.355285
28074.5, -0.370539
28075, -0.370539
28075.5, -0.376641
28076, -0.364437
28076.5, -0.327826
28077, -0.34003
28077.5, -0.358336
28078, -0.364437
28078.5, -0.379692
28079, -0.355285
28079.5, -0.37359
28080, -0.358336
28080.5, -0.321724
28081, -0.361386
28081.5, -0.352234
28082, -0.379692
28082.5, -0.367488
28083, -0.358336
28083.5, -0.376641
28084, -0.358336
28084.5, -0.324775
28085, -0.355285
28085.5, -0.333928
28086, -0.37359
28086.5, -0.379692
28087, -0.358336
28087.5, -0.367488
28088, -0.361386
28088.5, -0.327826
28089, -0.343081
28089.5, -0.346132
28090, -0.364437
28090.5, -0.370539
28091, -0.370539
28091.5, -0.379692
28092, -0.367488
28092.5, -0.34003
28093, -0.361386
28093.5, -0.364437
28094, -0.367488
28094.5, -0.376641
28095, -0.370539
28095.5, -0.343081
28096, -0.370539
28096.5, -0.336979
28097, -0.367488
28097.5, -0.37359
28098, -0.361386
28098.5, -0.37359
28099, -0.349183
28099.5, -0.364437
28100, -0.367488
28100.5, -0.336979
28101, -0.370539
28101.5, -0.394947
28102, -0.367488
28102.5, -0.370539
28103, -0.37359
28103.5, -0.34003
28104, -0.358336
28104.5, -0.352234
28105, -0.364437
28105.5, -0.349183
28106, -0.367488
28106.5, -0.361386
28107, -0.376641
28107.5, -0.349183
28108, -0.358336
28108.5, -0.343081
28109, -0.355285
28109.5, -0.361386
28110, -0.361386
28110.5, -0.34003
28111, -0.361386
28111.5, -0.346132
28112, -0.346132
28112.5, -0.370539
28113, -0.367488
28113.5, -0.352234
28114, -0.364437
28114.5, -0.355285
28115, -0.355285
28115.5, -0.346132
28116, -0.355285
28116.5, -0.367488
28117, -0.364437
28117.5, -0.370539
28118, -0.361386
28118.5, -0.361386
28119, -0.349183
28119.5, -0.364437
28120, -0.364437
28120.5, -0.370539
28121, -0.367488
28121.5, -0.361386
28122, -0.37359
28122.5, -0.364437
28123, -0.336979
28123.5, -0.364437
28124, -0.355285
28124.5, -0.352234
28125, -0.364437
28125.5, -0.355285
28126, -0.367488
28126.5, -0.367488
28127, -0.343081
28127.5, -0.367488
28128, -0.343081
28128.5, -0.358336
28129, -0.385794
28129.5, -0.370539
28130, -0.358336
28130.5, -0.355285
28131, -0.349183
28131.5, -0.361386
28132, -0.346132
28132.5, -0.361386
28133, -0.367488
28133.5, -0.361386
28134, -0.37359
28134.5, -0.361386
28135, -0.321724
28135.5, -0.355285
28136, -0.352234
28136.5, -0.367488
28137, -0.367488
28137.5, -0.358336
28138, -0.379692
28138.5, -0.361386
28139, -0.333928
28139.5, -0.358336
28140, -0.364437
28140.5, -0.367488
28141, -0.382743
28141.5, -0.364437
28142, -0.34003
28142.5, -0.361386
28143, -0.352234
28143.5, -0.349183
28144, -0.376641
28144.5, -0.370539
28145, -0.382743
28145.5, -0.37359
28146, -0.30952
28146.5, -0.370539
28147, -0.352234
28147.5, -0.358336
28148, -0.361386
28148.5, -0.349183
28149, -0.388845
28149.5, -0.37359
28150, -0.333928
28150.5, -0.370539
28151, -0.343081
28151.5, -0.358336
28152, -0.355285
28152.5, -0.379692
28153, -0.376641
28153.5, -0.358336
28154, -0.327826
28154.5, -0.361386
28155, -0.330877
28155.5, -0.358336
28156, -0.382743
28156.5, -0.349183
28157, -0.391896
28157.5, -0.361386
28158, -0.30952
28158.5, -0.352234
28159, -0.346132
28159.5, -0.367488
28160, -0.382743
28160.5, -0.367488
28161, -0.397998
28161.5, -0.361386
28162, -0.336979
28162.5, -0.349183
28163, -0.352234
28163.5, -0.367488
28164, -0.379692
28164.5, -0.379692
28165, -0.379692
28165.5, -0.352234
28166, -0.343081
28166.5, -0.355285
28167, -0.382743
28167.5, -0.358336
28168, -0.385794
28168.5, -0.37359
28169, -0.315622
28169.5, -0.34003
28170, -0.336979
28170.5, -0.364437
28171, -0.382743
28171.5, -0.364437
28172, -0.391896
28172.5, -0.37359
28173, -0.358336
28173.5, -0.349183
28174, -0.336979
28174.5, -0.364437
28175, -0.385794
28175.5, -0.37359
28176, -0.376641
28176.5, -0.370539
28177, -0.330877
28177.5, -0.333928
28178, -0.370539
28178.5, -0.361386
28179, -0.382743
28179.5, -0.370539
28180, -0.391896
28180.5, -0.361386
28181, -0.315622
28181.5, -0.333928
28182, -0.343081
28182.5, -0.361386
28183, -0.370539
28183.5, -0.37359
28184, -0.370539
28184.5, -0.352234
28185, -0.30952
28185.5, -0.349183
28186, -0.355285
28186.5, -0.367488
28187, -0.388845
28187.5, -0.37359
28188, -0.388845
28188.5, -0.355285
28189, -0.346132
28189.5, -0.349183
28190, -0.358336
28190.5, -0.358336
28191, -0.361386
28191.5, -0.352234
28192, -0.364437
28192.5, -0.361386
28193, -0.358336
28193.5, -0.346132
28194, -0.361386
28194.5, -0.382743
28195, -0.376641
28195.5, -0.379692
28196, -0.37359
28196.5, -0.318673
28197, -0.352234
28197.5, -0.358336
28198, -0.367488
28198.5, -0.388845
28199, -0.370539
28199.5, -0.37359
28200, -0.355285
28200.5, -0.315622
28201, -0.364437
28201.5, -0.336979
28202, -0.370539
28202.5, -0.367488
28203, -0.358336
28203.5, -0.382743
28204, -0.367488
28204.5, -0.321724
28205, -0.358336
28205.5, -0.358336
28206, -0.358336
28206.5, -0.382743
28207, -0.361386
28207.5, -0.391896
28208, -0.361386
28208.5, -0.343081
28209, -0.358336
28209.5, -0.370539
28210, -0.364437
28210.5, -0.388845
28211, -0.370539
28211.5, -0.333928
28212, -0.37359
28212.5, -0.349183
28213, -0.364437
28213.5, -0.382743
28214, -0.358336
28214.5, -0.370539
28215, -0.370539
28215.5, -0.34003
28216, -0.376641
28216.5, -0.333928
28217, -0.346132
28217.5, -0.394947
28218, -0.355285
28218.5, -0.391896
28219, -0.370539
28219.5, -0.358336
28220, -0.370539
28220.5, -0.333928
28221, -0.361386
28221.5, -0.382743
28222, -0.364437
28222.5, -0.388845
28223, -0.346132
28223.5, -0.318673
28224, -0.355285
28224.5, -0.349183
28225, -0.382743
28225.5, -0.358336
28226, -0.361386
28226.5, -0.361386
28227, -0.370539
28227.5, -0.327826
28228, -0.355285
28228.5, -0.355285
28229, -0.379692
28229.5, -0.358336
28230, -0.367488
28230.5, -0.376641
28231, -0.318673
28231.5, -0.367488
28232, -0.346132
28232.5, -0.361386
28233, -0.364437
28233.5, -0.358336
28234, -0.364437
28234.5, -0.358336
28235, -0.349183
28235.5, -0.355285
28236, -0.352234
28236.5, -0.352234
28237, -0.367488
28237.5, -0.346132
28238, -0.370539
28238.5, -0.358336
28239, -0.346132
28239.5, -0.361386
28240, -0.352234
28240.5, -0.370539
28241, -0.346132
28241.5, -0.364437
28242, -0.370539
28242.5, -0.355285
28243, -0.352234
28243.5, -0.358336
28244, -0.352234
28244.5, -0.37359
28245, -0.370539
28245.5, -0.361386
28246, -0.379692
28246.5, -0.361386
28247, -0.34003
28247.5, -0.355285
28248, -0.346132
28248.5, -0.364437
28249, -0.370539
28249.5, -0.349183
28250, -0.364437
28250.5, -0.364437
28251, -0.343081
28251.5, -0.367488
28252, -0.367488
28252.5, -0.361386
28253, -0.379692
28253.5, -0.358336
28254, -0.349183
28254.5, -0.364437
28255, -0.346132
28255.5, -0.37359
28256, -0.37359
28256.5, -0.364437
28257, -0.376641
28257.5, -0.34003
28258, -0.321724
28258.5, -0.349183
28259, -0.34003
28259.5, -0.352234
28260, -0.376641
28260.5, -0.364437
28261, -0.37359
28261.5, -0.358336
28262, -0.324775
28262.5, -0.361386
28263, -0.330877
28263.5, -0.346132
28264, -0.355285
28264.5, -0.379692
28265, -0.361386
28265.5, -0.361386
28266, -0.336979
28266.5, -0.346132
28267, -0.343081
28267.5, -0.370539
28268, -0.388845
28268.5, -0.364437
28269, -0.388845
28269.5, -0.349183
28270, -0.306469
28270.5, -0.358336
28271, -0.352234
28271.5, -0.376641
28272, -0.385794
28272.5, -0.361386
28273, -0.370539
28273.5, -0.352234
28274, -0.336979
28274.5, -0.364437
28275, -0.324775
28275.5, -0.361386
28276, -0.376641
28276.5, -0.361386
28277, -0.401049
28277.5, -0.364437
28278, -0.312571
28278.5, -0.355285
28279, -0.364437
28279.5, -0.370539
28280, -0.370539
28280.5, -0.355285
28281, -0.324775
28281.5, -0.336979
28282, -0.34003
28282.5, -0.343081
28283, -0.382743
28283.5, -0.367488
28284, -0.382743
28284.5, -0.376641
28285, -0.312571
28285.5, -0.336979
28286, -0.34003
28286.5, -0.352234
28287, -0.379692
28287.5, -0.361386
28288, -0.394947
28288.5, -0.382743
28289, -0.30952
28289.5, -0.349183
28290, -0.333928
28290.5, -0.34003
28291, -0.382743
28291.5, -0.367488
28292, -0.382743
28292.5, -0.367488
28293, -0.321724
28293.5, -0.361386
28294, -0.358336
28294.5, -0.364437
28295, -0.382743
28295.5, -0.370539
28296, -0.401049
28296.5, -0.330877
28297, -0.321724
28297.5, -0.358336
28298, -0.343081
28298.5, -0.367488
28299, -0.376641
28299.5, -0.37359
28300, -0.388845
28300.5, -0.352234
28301, -0.364437
28301.5, -0.34003
28302, -0.330877
28302.5, -0.361386
28303, -0.358336
28303.5, -0.379692
28304, -0.37359
28304.5, -0.349183
28305, -0.303418
28305.5, -0.349183
28306, -0.34003
28306.5, -0.355285
28307, -0.37359
28307.5, -0.376641
28308, -0.333928
28308.5, -0.349183
28309, -0.346132
28309.5, -0.343081
28310, -0.367488
28310.5, -0.361386
28311, -0.388845
28311.5, -0.358336
28312, -0.355285
28312.5, -0.346132
28313, -0.361386
28313.5, -0.346132
28314, -0.370539
28314.5, -0.364437
28315, -0.370539
28315.5, -0.364437
28316, -0.349183
28316.5, -0.327826
28317, -0.361386
28317.5, -0.352234
28318, -0.376641
28318.5, -0.37359
28319, -0.358336
28319.5, -0.376641
28320, -0.364437
28320.5, -0.324775
28321, -0.352234
28321.5, -0.367488
28322, -0.367488
28322.5, -0.364437
28323, -0.361386
28323.5, -0.349183
28324, -0.364437
28324.5, -0.349183
28325, -0.355285
28325.5, -0.379692
28326, -0.355285
28326.5, -0.37359
28327, -0.349183
28327.5, -0.336979
28328, -0.349183
28328.5, -0.352234
28329, -0.370539
28329.5, -0.364437
28330, -0.364437
28330.5, -0.376641
28331, -0.358336
28331.5, -0.330877
28332, -0.349183
28332.5, -0.346132
28333, -0.34003
28333.5, -0.355285
28334, -0.364437
28334.5, -0.376641
28335, -0.358336
28335.5, -0.336979
28336, -0.34003
28336.5, -0.343081
28337, -0.364437
28337.5, -0.382743
28338, -0.358336
28338.5, -0.367488
28339, -0.355285
28339.5, -0.333928
28340, -0.352234
28340.5, -0.367488
28341, -0.367488
28341.5, -0.370539
28342, -0.367488
28342.5, -0.37359
28343, -0.370539
28343.5, -0.321724
28344, -0.358336
28344.5, -0.343081
28345, -0.370539
28345.5, -0.358336
28346, -0.352234
28346.5, -0.367488
28347, -0.352234
28347.5, -0.336979
28348, -0.346132
28348.5, -0.361386
28349, -0.376641
28349.5, -0.364437
28350, -0.364437
28350.5, -0.358336
28351, -0.355285
28351.5, -0.367488
28352, -0.346132
28352.5, -0.346132
28353, -0.379692
28353.5, -0.370539
28354, -0.37359
28354.5, -0.352234
28355, -0.324775
28355.5, -0.370539
28356, -0.358336
28356.5, -0.361386
28357, -0.379692
28357.5, -0.370539
28358, -0.385794
28358.5, -0.355285
28359, -0.349183
28359.5, -0.355285
28360, -0.355285
28360.5, -0.367488
28361, -0.376641
28361.5, -0.364437
28362, -0.382743
28362.5, -0.355285
28363, -0.343081
28363.5, -0.364437
28364, -0.352234
28364.5, -0.367488
28365, -0.358336
28365.5, -0.358336
28366, -0.333928
28366.5, -0.364437
28367, -0.346132
28367.5, -0.352234
28368, -0.379692
28368.5, -0.358336
28369, -0.385794
28369.5, -0.352234
28370, -0.330877
28370.5, -0.352234
28371, -0.34003
28371.5, -0.352234
28372, -0.382743
28372.5, -0.358336
28373, -0.376641
28373.5, -0.355285
28374, -0.343081
28374.5, -0.358336
28375, -0.352234
28375.5, -0.364437
28376, -0.367488
28376.5, -0.364437
28377, -0.376641
28377.5, -0.370539
28378, -0.330877
28378.5, -0.355285
28379, -0.333928
28379.5, -0.352234
28380, -0.355285
28380.5, -0.355285
28381, -0.370539
28381.5, -0.361386
28382, -0.330877
28382.5, -0.367488
28383, -0.352234
28383.5, -0.376641
28384, -0.367488
28384.5, -0.367488
28385, -0.370539
28385.5, -0.349183
28386, -0.352234
28386.5, -0.364437
28387, -0.355285
28387.5, -0.358336
28388, -0.370539
28388.5, -0.379692
28389, -0.370539
28389.5, -0.367488
28390, -0.349183
28390.5, -0.355285
28391, -0.355285
28391.5, -0.364437
28392, -0.370539
28392.5, -0.370539
28393, -0.327826
28393.5, -0.349183
28394, -0.327826
28394.5, -0.352234
28395, -0.388845
28395.5, -0.349183
28396, -0.4041
28396.5, -0.364437
28397, -0.330877
28397.5, -0.346132
28398, -0.333928
28398.5, -0.367488
28399, -0.370539
28399.5, -0.367488
28400, -0.391896
28400.5, -0.361386
28401, -0.324775
28401.5, -0.358336
28402, -0.330877
28402.5, -0.355285
28403, -0.364437
28403.5, -0.37359
28404, -0.382743
28404.5, -0.376641
28405, -0.30952
28405.5, -0.352234
28406, -0.336979
28406.5, -0.364437
28407, -0.370539
28407.5, -0.364437
28408, -0.388845
28408.5, -0.336979
28409, -0.312571
28409.5, -0.346132
28410, -0.34003
28410.5, -0.355285
28411, -0.391896
28411.5, -0.379692
28412, -0.379692
28412.5, -0.349183
28413, -0.324775
28413.5, -0.349183
28414, -0.355285
28414.5, -0.361386
28415, -0.385794
28415.5, -0.358336
28416, -0.401049
28416.5, -0.336979
28417, -0.333928
28417.5, -0.370539
28418, -0.355285
28418.5, -0.376641
28419, -0.388845
28419.5, -0.361386
28420, -0.361386
28420.5, -0.330877
28421, -0.352234
28421.5, -0.367488
28422, -0.376641
28422.5, -0.379692
28423, -0.355285
28423.5, -0.376641
28424, -0.355285
28424.5, -0.336979
28425, -0.364437
28425.5, -0.352234
28426, -0.358336
28426.5, -0.367488
28427, -0.352234
28427.5, -0.367488
28428, -0.303418
28428.5, -0.355285
28429, -0.336979
28429.5, -0.355285
28430, -0.385794
28430.5, -0.37359
28431, -0.37359
28431.5, -0.376641
28432, -0.349183
28432.5, -0.352234
28433, -0.364437
28433.5, -0.355285
28434, -0.367488
28434.5, -0.370539
28435, -0.361386
28435.5, -0.358336
28436, -0.355285
28436.5, -0.343081
28437, -0.352234
28437.5, -0.370539
28438, -0.364437
28438.5, -0.361386
28439, -0.361386
28439.5, -0.330877
28440, -0.355285
28440.5, -0.346132
28441, -0.361386
28441.5, -0.367488
28442, -0.358336
28442.5, -0.37359
28443, -0.364437
28443.5, -0.324775
28444, -0.352234
28444.5, -0.330877
28445, -0.364437
28445.5, -0.382743
28446, -0.358336
28446.5, -0.376641
28447, -0.37359
28447.5, -0.321724
28448, -0.361386
28448.5, -0.343081
28449, -0.361386
28449.5, -0.367488
28450, -0.352234
28450.5, -0.394947
28451, -0.358336
28451.5, -0.34003
28452, -0.355285
28452.5, -0.343081
28453, -0.367488
28453.5, -0.37359
28454, -0.361386
28454.5, -0.388845
28455, -0.37359
28455.5, -0.333928
28456, -0.34003
28456.5, -0.343081
28457, -0.361386
28457.5, -0.388845
28458, -0.355285
28458.5, -0.370539
28459, -0.358336
28459.5, -0.327826
28460, -0.346132
28460.5, -0.364437
28461, -0.361386
28461.5, -0.370539
28462, -0.391896
28462.5, -0.349183
28463, -0.376641
28463.5, -0.327826
28464, -0.352234
28464.5, -0.361386
28465, -0.361386
28465.5, -0.367488
28466, -0.37359
28466.5, -0.349183
28467, -0.370539
28467.5, -0.352234
28468, -0.352234
28468.5, -0.37359
28469, -0.364437
28469.5, -0.37359
28470, -0.355285
28470.5, -0.34003
28471, -0.330877
28471.5, -0.355285
28472, -0.352234
28472.5, -0.355285
28473, -0.364437
28473.5, -0.358336
28474, -0.370539
28474.5, -0.355285
28475, -0.349183
28475.5, -0.361386
28476, -0.358336
28476.5, -0.343081
28477, -0.382743
28477.5, -0.370539
28478, -0.370539
28478.5, -0.346132
28479, -0.349183
28479.5, -0.376641
28480, -0.37359
28480.5, -0.355285
28481, -0.376641
28481.5, -0.358336
28482, -0.349183
28482.5, -0.361386
28483, -0.34003
28483.5, -0.358336
28484, -0.367488
28484.5, -0.367488
28485, -0.355285
28485.5, -0.364437
28486, -0.327826
28486.5, -0.343081
28487, -0.346132
28487.5, -0.355285
28488, -0.364437
28488.5, -0.370539
28489, -0.382743
28489.5, -0.364437
28490, -0.321724
28490.5, -0.361386
28491, -0.346132
28491.5, -0.358336
28492, -0.361386
28492.5, -0.364437
28493, -0.37359
28493.5, -0.352234
28494, -0.327826
28494.5, -0.364437
28495, -0.358336
28495.5, -0.355285
28496, -0.364437
28496.5, -0.355285
28497, -0.385794
28497.5, -0.364437
28498, -0.352234
28498.5, -0.364437
28499, -0.34003
28499.5, -0.370539
28500, -0.367488
28500.5, -0.352234
28501, -0.376641
28501.5, -0.352234
28502, -0.34003
28502.5, -0.355285
28503, -0.349183
28503.5, -0.367488
28504, -0.364437
28504.5, -0.367488
28505, -0.355285
28505.5, -0.358336
28506, -0.330877
28506.5, -0.346132
28507, -0.376641
28507.5, -0.355285
28508, -0.376641
28508.5, -0.364437
28509, -0.324775
28509.5, -0.364437
28510, -0.346132
28510.5, -0.355285
28511, -0.382743
28511.5, -0.370539
28512, -0.367488
28512.5, -0.358336
28513, -0.315622
28513.5, -0.370539
28514, -0.352234
28514.5, -0.355285
28515, -0.382743
28515.5, -0.361386
28516, -0.388845
28516.5, -0.379692
28517, -0.30952
28517.5, -0.349183
28518, -0.324775
28518.5, -0.355285
28519, -0.370539
28519.5, -0.376641
28520, -0.401049
28520.5, -0.367488
28521, -0.321724
28521.5, -0.343081
28522, -0.315622
28522.5, -0.376641
28523, -0.376641
28523.5, -0.37359
28524, -0.388845
28524.5, -0.330877
28525, -0.321724
28525.5, -0.346132
28526, -0.355285
28526.5, -0.379692
28527, -0.379692
28527.5, -0.370539
28528, -0.382743
28528.5, -0.355285
28529, -0.306469
28529.5, -0.349183
28530, -0.349183
28530.5, -0.379692
28531, -0.370539
28531.5, -0.379692
28532, -0.364437
28532.5, -0.343081
28533, -0.312571
28533.5, -0.352234
28534, -0.37359
28534.5, -0.364437
28535, -0.382743
28535.5, -0.370539
28536, -0.300367
28536.5, -0.361386
28537, -0.336979
28537.5, -0.349183
28538, -0.376641
28538.5, -0.352234
28539, -0.376641
28539.5, -0.355285
28540, -0.303418
28540.5, -0.333928
28541, -0.333928
28541.5, -0.34003
28542, -0.379692
28542.5, -0.355285
28543, -0.352234
28543.5, -0.367488
28544, -0.352234
28544.5, -0.355285
28545, -0.346132
28545.5, -0.346132
28546, -0.358336
28546.5, -0.364437
28547, -0.376641
28547.5, -0.349183
28548, -0.361386
28548.5, -0.34003
28549, -0.358336
28549.5, -0.379692
28550, -0.358336
28550.5, -0.364437
28551, -0.376641
28551.5, -0.346132
28552, -0.352234
28552.5, -0.352234
28553, -0.367488
28553.5, -0.376641
28554, -0.370539
28554.5, -0.364437
28555, -0.349183
28555.5, -0.355285
28556, -0.333928
28556.5, -0.327826
28557, -0.370539
28557.5, -0.367488
28558, -0.367488
28558.5, -0.379692
28559, -0.364437
28559.5, -0.333928
28560, -0.355285
28560.5, -0.349183
28561, -0.361386
28561.5, -0.37359
28562, -0.355285
28562.5, -0.364437
28563, -0.358336
28563.5, -0.358336
28564, -0.367488
28564.5, -0.343081
28565, -0.370539
28565.5, -0.361386
28566, -0.367488
28566.5, -0.379692
28567, -0.358336
28567.5, -0.327826
28568, -0.352234
28568.5, -0.346132
28569, -0.358336
28569.5, -0.361386
28570, -0.361386
28570.5, -0.382743
28571, -0.37359
28571.5, -0.312571
28572, -0.364437
28572.5, -0.34003
28573, -0.370539
28573.5, -0.376641
28574, -0.364437
28574.5, -0.358336
28575, -0.367488
28575.5, -0.364437
28576, -0.364437
28576.5, -0.385794
28577, -0.364437
28577.5, -0.361386
28578, -0.367488
28578.5, -0.333928
28579, -0.355285
28579.5, -0.364437
28580, -0.346132
28580.5, -0.37359
28581, -0.364437
28581.5, -0.379692
28582, -0.376641
28582.5, -0.346132
28583, -0.361386
28583.5, -0.343081
28584, -0.352234
28584.5, -0.376641
28585, -0.364437
28585.5, -0.367488
28586, -0.370539
28586.5, -0.327826
28587, -0.364437
28587.5, -0.346132
28588, -0.349183
28588.5, -0.361386
28589, -0.370539
28589.5, -0.361386
28590, -0.346132
28590.5, -0.361386
28591, -0.349183
28591.5, -0.343081
28592, -0.370539
28592.5, -0.358336
28593, -0.388845
28593.5, -0.367488
28594, -0.361386
28594.5, -0.364437
28595, -0.34003
28595.5, -0.367488
28596, -0.364437
28596.5, -0.355285
28597, -0.37359
28597.5, -0.367488
28598, -0.361386
28598.5, -0.361386
28599, -0.352234
28599.5, -0.367488
28600, -0.37359
28600.5, -0.367488
28601, -0.382743
28601.5, -0.355285
28602, -0.355285
28602.5, -0.358336
28603, -0.343081
28603.5, -0.364437
28604, -0.370539
28604.5, -0.358336
28605, -0.361386
28605.5, -0.358336
28606, -0.343081
28606.5, -0.361386
28607, -0.346132
28607.5, -0.361386
28608, -0.367488
28608.5, -0.361386
28609, -0.379692
28609.5, -0.361386
28610, -0.349183
28610.5, -0.361386
28611, -0.349183
28611.5, -0.367488
28612, -0.37359
28612.5, -0.358336
28613, -0.379692
28613.5, -0.364437
28614, -0.346132
28614.5, -0.364437
28615, -0.346132
28615.5, -0.349183
28616, -0.370539
28616.5, -0.367488
28617, -0.370539
28617.5, -0.361386
28618, -0.34003
28618.5, -0.352234
28619, -0.349183
28619.5, -0.358336
28620, -0.388845
28620.5, -0.346132
28621, -0.327826
28621.5, -0.358336
28622, -0.346132
28622.5, -0.370539
28623, -0.376641
28623.5, -0.364437
28624, -0.382743
28624.5, -0.37359
28625, -0.330877
28625.5, -0.352234
28626, -0.327826
28626.5, -0.361386
28627, -0.352234
28627.5, -0.364437
28628, -0.364437
28628.5, -0.37359
28629, -0.318673
28629.5, -0.37359
28630, -0.327826
28630.5, -0.364437
28631, -0.355285
28631.5, -0.364437
28632, -0.382743
28632.5, -0.364437
28633, -0.324775
28633.5, -0.34003
28634, -0.333928
28634.5, -0.355285
28635, -0.364437
28635.5, -0.37359
28636, -0.37359
28636.5, -0.34003
28637, -0.315622
28637.5, -0.336979
28638, -0.333928
28638.5, -0.37359
28639, -0.382743
28639.5, -0.358336
28640, -0.388845
28640.5, -0.336979
28641, -0.312571
28641.5, -0.355285
28642, -0.330877
28642.5, -0.361386
28643, -0.382743
28643.5, -0.37359
28644, -0.407151
28644.5, -0.352234
28645, -0.321724
28645.5, -0.349183
28646, -0.355285
28646.5, -0.37359
28647, -0.37359
28647.5, -0.370539
28648, -0.324775
28648.5, -0.336979
28649, -0.336979
28649.5, -0.352234
28650, -0.370539
28650.5, -0.364437
28651, -0.385794
28651.5, -0.364437
28652, -0.330877
28652.5, -0.330877
28653, -0.367488
28653.5, -0.349183
28654, -0.376641
28654.5, -0.358336
28655, -0.385794
28655.5, -0.355285
28656, -0.330877
28656.5, -0.333928
28657, -0.352234
28657.5, -0.352234
28658, -0.388845
28658.5, -0.37359
28659, -0.370539
28659.5, -0.367488
28660, -0.324775
28660.5, -0.34003
28661, -0.370539
28661.5, -0.379692
28662, -0.376641
28662.5, -0.358336
28663, -0.370539
28663.5, -0.321724
28664, -0.34003
28664.5, -0.361386
28665, -0.349183
28665.5, -0.370539
28666, -0.364437
28666.5, -0.370539
28667, -0.379692
28667.5, -0.324775
28668, -0.34003
28668.5, -0.352234
28669, -0.364437
28669.5, -0.370539
28670, -0.364437
28670.5, -0.367488
28671, -0.376641
28671.5, -0.355285
28672, -0.37359
28672.5, -0.336979
28673, -0.361386
28673.5, -0.358336
28674, -0.367488
28674.5, -0.385794
28675, -0.364437
28675.5, -0.321724
28676, -0.358336
28676.5, -0.336979
28677, -0.364437
28677.5, -0.370539
28678, -0.364437
28678.5, -0.358336
28679, -0.358336
28679.5, -0.352234
28680, -0.355285
28680.5, -0.327826
28681, -0.367488
28681.5, -0.37359
28682, -0.358336
28682.5, -0.385794
28683, -0.361386
28683.5, -0.318673
28684, -0.355285
28684.5, -0.349183
28685, -0.352234
28685.5, -0.385794
28686, -0.358336
28686.5, -0.376641
28687, -0.367488
28687.5, -0.330877
28688, -0.361386
28688.5, -0.330877
28689, -0.355285
28689.5, -0.37359
28690, -0.367488
28690.5, -0.336979
28691, -0.364437
28691.5, -0.333928
28692, -0.361386
28692.5, -0.364437
28693, -0.346132
28693.5, -0.391896
28694, -0.358336
28694.5, -0.336979
28695, -0.352234
28695.5, -0.343081
28696, -0.361386
28696.5, -0.370539
28697, -0.367488
28697.5, -0.382743
28698, -0.355285
28698.5, -0.330877
28699, -0.349183
28699.5, -0.367488
28700, -0.352234
28700.5, -0.376641
28701, -0.367488
28701.5, -0.379692
28702, -0.37359
28702.5, -0.361386
28703, -0.364437
28703.5, -0.370539
28704, -0.361386
28704.5, -0.364437
28705, -0.361386
28705.5, -0.364437
28706, -0.352234
28706.5, -0.361386
28707, -0.352234
28707.5, -0.361386
28708, -0.367488
28708.5, -0.379692
28709, -0.370539
28709.5, -0.364437
28710, -0.37359
28710.5, -0.352234
28711, -0.352234
28711.5, -0.367488
28712, -0.367488
28712.5, -0.379692
28713, -0.376641
28713.5, -0.361386
28714, -0.324775
28714.5, -0.346132
28715, -0.346132
28715.5, -0.355285
28716, -0.367488
28716.5, -0.367488
28717, -0.376641
28717.5, -0.361386
28718, -0.343081
28718.5, -0.361386
28719, -0.358336
28719.5, -0.358336
28720, -0.37359
28720.5, -0.349183
28721, -0.37359
28721.5, -0.358336
28722, -0.336979
28722.5, -0.361386
28723, -0.349183
28723.5, -0.367488
28724, -0.376641
28724.5, -0.349183
28725, -0.388845
28725.5, -0.355285
28726, -0.34003
28726.5, -0.355285
28727, -0.336979
28727.5, -0.358336
28728, -0.370539
28728.5, -0.367488
28729, -0.376641
28729.5, -0.361386
28730, -0.358336
28730.5, -0.364437
28731, -0.376641
28731.5, -0.367488
28732, -0.361386
28732.5, -0.361386
28733, -0.336979
28733.5, -0.355285
28734, -0.352234
28734.5, -0.358336
28735, -0.349183
28735.5, -0.364437
28736, -0.376641
28736.5, -0.355285
28737, -0.321724
28737.5, -0.361386
28738, -0.355285
28738.5, -0.352234
28739, -0.379692
28739.5, -0.361386
28740, -0.391896
28740.5, -0.352234
28741, -0.327826
28741.5, -0.367488
28742, -0.343081
28742.5, -0.367488
28743, -0.37359
28743.5, -0.367488
28744, -0.37359
28744.5, -0.349183
28745, -0.336979
28745.5, -0.361386
28746, -0.343081
28746.5, -0.367488
28747, -0.388845
28747.5, -0.355285
28748, -0.376641
28748.5, -0.358336
28749, -0.315622
28749.5, -0.343081
28750, -0.330877
28750.5, -0.367488
28751, -0.379692
28751.5, -0.349183
28752, -0.388845
28752.5, -0.352234
28753, -0.343081
28753.5, -0.346132
28754, -0.343081
28754.5, -0.370539
28755, -0.385794
28755.5, -0.37359
28756, -0.388845
28756.5, -0.358336
28757, -0.303418
28757.5, -0.336979
28758, -0.349183
28758.5, -0.370539
28759, -0.385794
28759.5, -0.367488
28760, -0.336979
28760.5, -0.361386
28761, -0.321724
28761.5, -0.346132
28762, -0.391896
28762.5, -0.346132
28763, -0.37359
28763.5, -0.367488
28764, -0.303418
28764.5, -0.34003
28765, -0.333928
28765.5, -0.352234
28766, -0.37359
28766.5, -0.37359
28767, -0.388845
28767.5, -0.355285
28768, -0.315622
28768.5, -0.336979
28769, -0.336979
28769.5, -0.349183
28770, -0.361386
28770.5, -0.364437
28771, -0.370539
28771.5, -0.367488
28772, -0.352234
28772.5, -0.343081
28773, -0.327826
28773.5, -0.352234
28774, -0.379692
28774.5, -0.367488
28775, -0.37359
28775.5, -0.358336
28776, -0.315622
28776.5, -0.352234
28777, -0.370539
28777.5, -0.358336
28778, -0.358336
28778.5, -0.364437
28779, -0.382743
28779.5, -0.343081
28780, -0.306469
28780.5, -0.358336
28781, -0.358336
28781.5, -0.37359
28782, -0.37359
28782.5, -0.37359
28783, -0.376641
28783.5, -0.349183
28784, -0.361386
28784.5, -0.361386
28785, -0.358336
28785.5, -0.361386
28786, -0.379692
28786.5, -0.364437
28787, -0.37359
28787.5, -0.343081
28788, -0.34003
28788.5, -0.346132
28789, -0.376641
28789.5, -0.376641
28790, -0.370539
28790.5, -0.379692
28791, -0.343081
28791.5, -0.34003
28792, -0.361386
28792.5, -0.346132
28793, -0.370539
28793.5, -0.379692
28794, -0.346132
28794.5, -0.379692
28795, -0.358336
28795.5, -0.324775
28796, -0.361386
28796.5, -0.318673
28797, -0.364437
28797.5, -0.355285
28798, -0.355285
28798.5, -0.379692
28799, -0.34003
28799.5, -0.330877
28800, -0.358336
28800.5, -0.349183
28801, -0.367488
28801.5, -0.364437
28802, -0.376641
28802.5, -0.355285
28803, -0.355285
28803.5, -0.34003
28804, -0.346132
28804.5, -0.370539
28805, -0.364437
28805.5, -0.370539
28806, -0.379692
28806.5, -0.321724
28807, -0.352234
28807.5, -0.355285
28808, -0.361386
28808.5, -0.37359
28809, -0.352234
28809.5, -0.388845
28810, -0.355285
28810.5, -0.333928
28811, -0.364437
28811.5, -0.352234
28812, -0.361386
28812.5, -0.361386
28813, -0.361386
28813.5, -0.382743
28814, -0.355285
28814.5, -0.327826
28815, -0.367488
28815.5, -0.349183
28816, -0.361386
28816.5, -0.37359
28817, -0.358336
28817.5, -0.385794
28818, -0.37359
28818.5, -0.321724
28819, -0.352234
28819.5, -0.333928
28820, -0.367488
28820.5, -0.367488
28821, -0.361386
28821.5, -0.382743
28822, -0.370539
28822.5, -0.327826
28823, -0.349183
28823.5, -0.37359
28824, -0.355285
28824.5, -0.376641
28825, -0.370539
28825.5, -0.361386
28826, -0.367488
28826.5, -0.346132
28827, -0.34003
28827.5, -0.355285
28828, -0.364437
28828.5, -0.376641
28829, -0.370539
28829.5, -0.367488
28830, -0.355285
28830.5, -0.330877
28831, -0.355285
28831.5, -0.358336
28832, -0.358336
28832.5, -0.352234
28833, -0.370539
28833.5, -0.346132
28834, -0.349183
28834.5, -0.370539
28835, -0.34003
28835.5, -0.349183
28836, -0.370539
28836.5, -0.355285
28837, -0.367488
28837.5, -0.37359
28838, -0.367488
28838.5, -0.358336
28839, -0.358336
28839.5, -0.358336
28840, -0.370539
28840.5, -0.367488
28841, -0.379692
28841.5, -0.37359
28842, -0.321724
28842.5, -0.364437
28843, -0.352234
28843.5, -0.358336
28844, -0.382743
28844.5, -0.343081
28845, -0.336979
28845.5, -0.352234
28846, -0.34003
28846.5, -0.367488
28847, -0.364437
28847.5, -0.358336
28848, -0.376641
28848.5, -0.361386
28849, -0.343081
28849.5, -0.355285
28850, -0.346132
28850.5, -0.361386
28851, -0.367488
28851.5, -0.364437
28852, -0.376641
28852.5, -0.364437
28853, -0.343081
28853.5, -0.358336
28854, -0.336979
28854.5, -0.352234
28855, -0.364437
28855.5, -0.364437
28856, -0.367488
28856.5, -0.361386
28857, -0.333928
28857.5, -0.361386
28858, -0.327826
28858.5, -0.358336
28859, -0.355285
28859.5, -0.364437
28860, -0.370539
28860.5, -0.367488
28861, -0.333928
28861.5, -0.361386
28862, -0.327826
28862.5, -0.358336
28863, -0.361386
28863.5, -0.367488
28864, -0.376641
28864.5, -0.364437
28865, -0.312571
28865.5, -0.367488
28866, -0.34003
28866.5, -0.349183
28867, -0.361386
28867.5, -0.37359
28868, -0.388845
28868.5, -0.355285
28869, -0.34003
28869.5, -0.355285
28870, -0.321724
28870.5, -0.367488
28871, -0.358336
28871.5, -0.376641
28872, -0.358336
28872.5, -0.355285
28873, -0.330877
28873.5, -0.349183
28874, -0.385794
28874.5, -0.367488
28875, -0.370539
28875.5, -0.367488
28876, -0.318673
28876.5, -0.349183
28877, -0.352234
28877.5, -0.34003
28878, -0.382743
28878.5, -0.370539
28879, -0.394947
28879.5, -0.364437
28880, -0.312571
28880.5, -0.333928
28881, -0.352234
28881.5, -0.349183
28882, -0.37359
28882.5, -0.376641
28883, -0.382743
28883.5, -0.367488
28884, -0.327826
28884.5, -0.34003
28885, -0.333928
28885.5, -0.37359
28886, -0.391896
28886.5, -0.361386
28887, -0.407151
28887.5, -0.352234
28888, -0.321724
28888.5, -0.364437
28889, -0.327826
28889.5, -0.37359
28890, -0.37359
28890.5, -0.370539
28891, -0.397998
28891.5, -0.34003
28892, -0.315622
28892.5, -0.358336
28893, -0.333928
28893.5, -0.364437
28894, -0.37359
28894.5, -0.379692
28895, -0.388845
28895.5, -0.358336
28896, -0.349183
28896.5, -0.343081
28897, -0.358336
28897.5, -0.37359
28898, -0.370539
28898.5, -0.376641
28899, -0.367488
28899.5, -0.343081
28900, -0.34003
28900.5, -0.34003
28901, -0.358336
28901.5, -0.376641
28902, -0.37359
28902.5, -0.367488
28903, -0.346132
28903.5, -0.330877
28904, -0.352234
28904.5, -0.324775
28905, -0.391896
28905.5, -0.37359
28906, -0.358336
28906.5, -0.364437
28907, -0.34003
28907.5, -0.343081
28908, -0.361386
28908.5, -0.349183
28909, -0.349183
28909.5, -0.367488
28910, -0.397998
28910.5, -0.370539
28911, -0.34003
28911.5, -0.324775
28912, -0.364437
28912.5, -0.355285
28913, -0.352234
28913.5, -0.358336
28914, -0.367488
28914.5, -0.346132
28915, -0.34003
28915.5, -0.355285
28916, -0.370539
28916.5, -0.361386
28917, -0.364437
28917.5, -0.364437
28918, -0.355285
28918.5, -0.330877
28919, -0.367488
28919.5, -0.336979
28920, -0.358336
28920.5, -0.370539
28921, -0.361386
28921.5, -0.382743
28922, -0.358336
28922.5, -0.324775
28923, -0.361386
28923.5, -0.346132
28924, -0.376641
28924.5, -0.367488
28925, -0.379692
28925.5, -0.376641
28926, -0.352234
28926.5, -0.336979
28927, -0.358336
28927.5, -0.34003
28928, -0.370539
28928.5, -0.364437
28929, -0.37359
28929.5, -0.379692
28930, -0.361386
28930.5, -0.336979
28931, -0.355285
28931.5, -0.327826
28932, -0.358336
28932.5, -0.367488
28933, -0.364437
28933.5, -0.376641
28934, -0.37359
28934.5, -0.315622
28935, -0.355285
28935.5, -0.336979
28936, -0.367488
28936.5, -0.379692
28937, -0.355285
28937.5, -0.385794
28938, -0.364437
28938.5, -0.336979
28939, -0.361386
28939.5, -0.333928
28940, -0.37359
28940.5, -0.376641
28941, -0.379692
28941.5, -0.352234
28942, -0.349183
28942.5, -0.349183
28943, -0.364437
28943.5, -0.385794
28944, -0.370539
28944.5, -0.343081
28945, -0.364437
28945.5, -0.364437
28946, -0.364437
28946.5, -0.364437
28947, -0.352234
28947.5, -0.346132
28948, -0.364437
28948.5, -0.346132
28949, -0.361386
28949.5, -0.349183
28950, -0.358336
28950.5, -0.346132
28951, -0.355285
28951.5, -0.358336
28952, -0.361386
28952.5, -0.358336
28953, -0.364437
28953.5, -0.349183
28954, -0.358336
28954.5, -0.361386
28955, -0.358336
28955.5, -0.367488
28956, -0.370539
28956.5, -0.355285
28957, -0.37359
28957.5, -0.361386
28958, -0.336979
28958.5, -0.361386
28959, -0.364437
28959.5, -0.352234
28960, -0.376641
28960.5, -0.391896
28961, -0.349183
28961.5, -0.358336
28962, -0.352234
28962.5, -0.370539
28963, -0.376641
28963.5, -0.358336
28964, -0.367488
28964.5, -0.358336
28965, -0.336979
28965.5, -0.364437
28966, -0.352234
28966.5, -0.349183
28967, -0.370539
28967.5, -0.358336
28968, -0.364437
28968.5, -0.349183
28969, -0.34003
28969.5, -0.358336
28970, -0.361386
28970.5, -0.361386
28971, -0.376641
28971.5, -0.364437
28972, -0.370539
28972.5, -0.355285
28973, -0.364437
28973.5, -0.358336
28974, -0.364437
28974.5, -0.355285
28975, -0.367488
28975.5, -0.37359
28976, -0.367488
28976.5, -0.361386
28977, -0.336979
28977.5, -0.343081
28978, -0.34003
28978.5, -0.364437
28979, -0.361386
28979.5, -0.358336
28980, -0.379692
28980.5, -0.37359
28981, -0.34003
28981.5, -0.346132
28982, -0.352234
28982.5, -0.358336
28983, -0.370539
28983.5, -0.370539
28984, -0.330877
28984.5, -0.361386
28985, -0.330877
28985.5, -0.370539
28986, -0.364437
28986.5, -0.358336
28987, -0.367488
28987.5, -0.352234
28988, -0.315622
28988.5, -0.358336
28989, -0.324775
28989.5, -0.355285
28990, -0.37359
28990.5, -0.367488
28991, -0.391896
28991.5, -0.364437
28992, -0.358336
28992.5, -0.34003
28993, -0.336979
28993.5, -0.352234
28994, -0.361386
28994.5, -0.379692
28995, -0.358336
28995.5, -0.361386
28996, -0.291214
28996.5, -0.364437
28997, -0.349183
28997.5, -0.349183
28998, -0.379692
28998.5, -0.355285
28999, -0.391896
28999.5, -0.346132
29000, -0.349183
29000.5, -0.346132
29001, -0.352234
29001.5, -0.364437
29002, -0.391896
29002.5, -0.355285
29003, -0.364437
29003.5, -0.358336
29004, -0.315622
29004.5, -0.364437
29005, -0.361386
29005.5, -0.343081
29006, -0.394947
29006.5, -0.361386
29007, -0.382743
29007.5, -0.364437
29008, -0.297316
29008.5, -0.349183
29009, -0.355285
29009.5, -0.367488
29010, -0.388845
29010.5, -0.37359
29011, -0.352234
29011.5, -0.352234
29012, -0.327826
29012.5, -0.364437
29013, -0.364437
29013.5, -0.370539
29014, -0.385794
29014.5, -0.370539
29015, -0.321724
29015.5, -0.333928
29016, -0.355285
29016.5, -0.352234
29017, -0.367488
29017.5, -0.37359
29018, -0.394947
29018.5, -0.37359
29019, -0.324775
29019.5, -0.318673
29020, -0.352234
29020.5, -0.343081
29021, -0.388845
29021.5, -0.346132
29022, -0.379692
29022.5, -0.370539
29023, -0.315622
29023.5, -0.333928
29024, -0.385794
29024.5, -0.361386
29025, -0.388845
29025.5, -0.364437
29026, -0.349183
29026.5, -0.37359
29027, -0.324775
29027.5, -0.349183
29028, -0.379692
29028.5, -0.37359
29029, -0.385794
29029.5, -0.349183
29030, -0.349183
29030.5, -0.343081
29031, -0.352234
29031.5, -0.346132
29032, -0.364437
29032.5, -0.361386
29033, -0.376641
29033.5, -0.367488
29034, -0.355285
29034.5, -0.327826
29035, -0.330877
29035.5, -0.336979
29036, -0.376641
29036.5, -0.361386
29037, -0.370539
29037.5, -0.370539
29038, -0.361386
29038.5, -0.346132
29039, -0.358336
29039.5, -0.364437
29040, -0.370539
29040.5, -0.355285
29041, -0.355285
29041.5, -0.382743
29042, -0.370539
29042.5, -0.330877
29043, -0.364437
29043.5, -0.346132
29044, -0.367488
29044.5, -0.361386
29045, -0.364437
29045.5, -0.376641
29046, -0.346132
29046.5, -0.330877
29047, -0.352234
29047.5, -0.349183
29048, -0.367488
29048.5, -0.37359
29049, -0.355285
29049.5, -0.385794
29050, -0.370539
29050.5, -0.349183
29051, -0.358336
29051.5, -0.355285
29052, -0.37359
29052.5, -0.367488
29053, -0.364437
29053.5, -0.382743
29054, -0.376641
29054.5, -0.324775
29055, -0.346132
29055.5, -0.343081
29056, -0.367488
29056.5, -0.367488
29057, -0.358336
29057.5, -0.34003
29058, -0.364437
29058.5, -0.333928
29059, -0.349183
29059.5, -0.382743
29060, -0.376641
29060.5, -0.382743
29061, -0.370539
29061.5, -0.358336
29062, -0.370539
29062.5, -0.352234
29063, -0.358336
29063.5, -0.370539
29064, -0.361386
29064.5, -0.352234
29065, -0.364437
29065.5, -0.367488
29066, -0.361386
29066.5, -0.358336
29067, -0.352234
29067.5, -0.355285
29068, -0.382743
29068.5, -0.37359
29069, -0.37359
29069.5, -0.370539
29070, -0.352234
29070.5, -0.370539
29071, -0.364437
29071.5, -0.355285
29072, -0.364437
29072.5, -0.355285
29073, -0.364437
29073.5, -0.355285
29074, -0.343081
29074.5, -0.367488
29075, -0.352234
29075.5, -0.379692
29076, -0.379692
29076.5, -0.349183
29077, -0.361386
29077.5, -0.346132
29078, -0.343081
29078.5, -0.367488
29079, -0.352234
29079.5, -0.367488
29080, -0.388845
29080.5, -0.37359
29081, -0.349183
29081.5, -0.355285
29082, -0.352234
29082.5, -0.352234
29083, -0.376641
29083.5, -0.358336
29084, -0.370539
29084.5, -0.361386
29085, -0.324775
29085.5, -0.343081
29086, -0.346132
29086.5, -0.346132
29087, -0.382743
29087.5, -0.358336
29088, -0.385794
29088.5, -0.364437
29089, -0.321724
29089.5, -0.364437
29090, -0.349183
29090.5, -0.349183
29091, -0.382743
29091.5, -0.355285
29092, -0.385794
29092.5, -0.361386
29093, -0.333928
29093.5, -0.355285
29094, -0.330877
29094.5, -0.358336
29095, -0.367488
29095.5, -0.352234
29096, -0.358336
29096.5, -0.355285
29097, -0.336979
29097.5, -0.352234
29098, -0.376641
29098.5, -0.370539
29099, -0.370539
29099.5, -0.352234
29100, -0.306469
29100.5, -0.37359
29101, -0.324775
29101.5, -0.352234
29102, -0.37359
29102.5, -0.361386
29103, -0.370539
29103.5, -0.361386
29104, -0.303418
29104.5, -0.376641
29105, -0.330877
29105.5, -0.330877
29106, -0.376641
29106.5, -0.364437
29107, -0.391896
29107.5, -0.376641
29108, -0.303418
29108.5, -0.352234
29109, -0.349183
29109.5, -0.352234
29110, -0.364437
29110.5, -0.361386
29111, -0.355285
29111.5, -0.34003
29112, -0.321724
29112.5, -0.358336
29113, -0.324775
29113.5, -0.367488
29114, -0.397998
29114.5, -0.376641
29115, -0.364437
29115.5, -0.343081
29116, -0.303418
29116.5, -0.361386
29117, -0.330877
29117.5, -0.361386
29118, -0.376641
29118.5, -0.358336
29119, -0.388845
29119.5, -0.352234
29120, -0.312571
29120.5, -0.346132
29121, -0.324775
29121.5, -0.355285
29122, -0.385794
29122.5, -0.376641
29123, -0.376641
29123.5, -0.346132
29124, -0.285112
29124.5, -0.352234
29125, -0.343081
29125.5, -0.361386
29126, -0.385794
29126.5, -0.388845
29127, -0.312571
29127.5, -0.352234
29128, -0.318673
29128.5, -0.333928
29129, -0.376641
29129.5, -0.364437
29130, -0.394947
29130.5, -0.364437
29131, -0.318673
29131.5, -0.355285
29132, -0.333928
29132.5, -0.355285
29133, -0.382743
29133.5, -0.379692
29134, -0.376641
29134.5, -0.361386
29135, -0.343081
29135.5, -0.346132
29136, -0.333928
29136.5, -0.361386
29137, -0.376641
29137.5, -0.364437
29138, -0.349183
29138.5, -0.361386
29139, -0.358336
29139.5, -0.343081
29140, -0.336979
29140.5, -0.355285
29141, -0.370539
29141.5, -0.361386
29142, -0.370539
29142.5, -0.349183
29143, -0.297316
29143.5, -0.358336
29144, -0.358336
29144.5, -0.355285
29145, -0.367488
29145.5, -0.364437
29146, -0.336979
29146.5, -0.346132
29147, -0.352234
29147.5, -0.361386
29148, -0.349183
29148.5, -0.37359
29149, -0.385794
29149.5, -0.376641
29150, -0.34003
29150.5, -0.324775
29151, -0.349183
29151.5, -0.34003
29152, -0.355285
29152.5, -0.358336
29153, -0.367488
29153.5, -0.367488
29154, -0.358336
29154.5, -0.324775
29155, -0.352234
29155.5, -0.355285
29156, -0.367488
29156.5, -0.364437
29157, -0.364437
29157.5, -0.37359
29158, -0.333928
29158.5, -0.321724
29159, -0.358336
29159.5, -0.346132
29160, -0.361386
29160.5, -0.370539
29161, -0.343081
29161.5, -0.370539
29162, -0.34003
29162.5, -0.321724
29163, -0.355285
29163.5, -0.333928
29164, -0.358336
29164.5, -0.37359
29165, -0.37359
29165.5, -0.391896
29166, -0.37359
29166.5, -0.330877
29167, -0.361386
29167.5, -0.333928
29168, -0.370539
29168.5, -0.37359
29169, -0.358336
29169.5, -0.355285
29170, -0.37359
29170.5, -0.333928
29171, -0.349183
29171.5, -0.379692
29172, -0.370539
29172.5, -0.367488
29173, -0.358336
29173.5, -0.315622
29174, -0.349183
29174.5, -0.343081
29175, -0.349183
29175.5, -0.382743
29176, -0.367488
29176.5, -0.37359
29177, -0.364437
29177.5, -0.315622
29178, -0.376641
29178.5, -0.349183
29179, -0.358336
29179.5, -0.37359
29180, -0.343081
29180.5, -0.379692
29181, -0.349183
29181.5, -0.333928
29182, -0.37359
29182.5, -0.37359
29183, -0.355285
29183.5, -0.364437
29184, -0.361386
29184.5, -0.382743
29185, -0.355285
29185.5, -0.358336
29186, -0.336979
29186.5, -0.361386
29187, -0.358336
29187.5, -0.355285
29188, -0.367488
29188.5, -0.370539
29189, -0.364437
29189.5, -0.336979
29190, -0.361386
29190.5, -0.364437
29191, -0.370539
29191.5, -0.355285
29192, -0.355285
29192.5, -0.370539
29193, -0.358336
29193.5, -0.34003
29194, -0.355285
29194.5, -0.370539
29195, -0.370539
29195.5, -0.355285
29196, -0.394947
29196.5, -0.358336
29197, -0.343081
29197.5, -0.355285
29198, -0.370539
29198.5, -0.367488
29199, -0.358336
29199.5, -0.364437
29200, -0.364437
29200.5, -0.355285
29201, -0.343081
29201.5, -0.361386
29202, -0.364437
29202.5, -0.355285
29203, -0.367488
29203.5, -0.37359
29204, -0.361386
29204.5, -0.361386
29205, -0.352234
29205.5, -0.367488
29206, -0.355285
29206.5, -0.352234
29207, -0.370539
29207.5, -0.361386
29208, -0.379692
29208.5, -0.370539
29209, -0.333928
29209.5, -0.370539
29210, -0.364437
29210.5, -0.358336
29211, -0.361386
29211.5, -0.355285
29212, -0.349183
29212.5, -0.367488
29213, -0.358336
29213.5, -0.364437
29214, -0.364437
29214.5, -0.37359
29215, -0.376641
29215.5, -0.361386
29216, -0.330877
29216.5, -0.358336
29217, -0.361386
29217.5, -0.361386
29218, -0.379692
29218.5, -0.364437
29219, -0.367488
29219.5, -0.361386
29220, -0.330877
29220.5, -0.364437
29221, -0.367488
29221.5, -0.358336
29222, -0.379692
29222.5, -0.370539
29223, -0.349183
29223.5, -0.367488
29224, -0.321724
29224.5, -0.364437
29225, -0.376641
29225.5, -0.355285
29226, -0.388845
29226.5, -0.37359
29227, -0.370539
29227.5, -0.376641
29228, -0.34003
29228.5, -0.358336
29229, -0.34003
29229.5, -0.379692
29230, -0.385794
29230.5, -0.355285
29231, -0.376641
29231.5, -0.367488
29232, -0.330877
29232.5, -0.364437
29233, -0.361386
29233.5, -0.355285
29234, -0.379692
29234.5, -0.361386
29235, -0.376641
29235.5, -0.343081
29236, -0.321724
29236.5, -0.364437
29237, -0.333928
29237.5, -0.37359
29238, -0.364437
29238.5, -0.370539
29239, -0.376641
29239.5, -0.336979
29240, -0.34003
29240.5, -0.352234
29241, -0.376641
29241.5, -0.376641
29242, -0.37359
29242.5, -0.385794
29243, -0.333928
29243.5, -0.349183
29244, -0.333928
29244.5, -0.34003
29245, -0.385794
29245.5, -0.370539
29246, -0.37359
29246.5, -0.376641
29247, -0.315622
29247.5, -0.336979
29248, -0.367488
29248.5, -0.336979
29249, -0.376641
29249.5, -0.358336
29250, -0.376641
29250.5, -0.379692
29251, -0.30952
29251.5, -0.352234
29252, -0.34003
29252.5, -0.327826
29253, -0.388845
29253.5, -0.367488
29254, -0.388845
29254.5, -0.34003
29255, -0.336979
29255.5, -0.349183
29256, -0.343081
29256.5, -0.361386
29257, -0.376641
29257.5, -0.37359
29258, -0.358336
29258.5, -0.324775
29259, -0.327826
29259.5, -0.358336
29260, -0.367488
29260.5, -0.355285
29261, -0.355285
29261.5, -0.367488
29262, -0.343081
29262.5, -0.336979
29263, -0.318673
29263.5, -0.324775
29264, -0.358336
29264.5, -0.388845
29265, -0.382743
29265.5, -0.367488
29266, -0.343081
29266.5, -0.343081
29267, -0.330877
29267.5, -0.349183
29268, -0.355285
29268.5, -0.382743
29269, -0.391896
29269.5, -0.385794
29270, -0.321724
29270.5, -0.336979
29271, -0.352234
29271.5, -0.336979
29272, -0.379692
29272.5, -0.37359
29273, -0.379692
29273.5, -0.379692
29274, -0.324775
29274.5, -0.315622
29275, -0.358336
29275.5, -0.333928
29276, -0.382743
29276.5, -0.376641
29277, -0.352234
29277.5, -0.385794
29278, -0.367488
29278.5, -0.346132
29279, -0.376641
29279.5, -0.343081
29280, -0.361386
29280.5, -0.370539
29281, -0.346132
29281.5, -0.385794
29282, -0.361386
29282.5, -0.336979
29283, -0.379692
29283.5, -0.361386
29284, -0.379692
29284.5, -0.391896
29285, -0.346132
29285.5, -0.324775
29286, -0.355285
29286.5, -0.346132
29287, -0.37359
29287.5, -0.385794
29288, -0.364437
29288.5, -0.4041
29289, -0.346132
29289.5, -0.333928
29290, -0.367488
29290.5, -0.34003
29291, -0.376641
29291.5, -0.355285
29292, -0.352234
29292.5, -0.367488
29293, -0.388845
29293.5, -0.364437
29294, -0.361386
29294.5, -0.352234
29295, -0.355285
29295.5, -0.382743
29296, -0.364437
29296.5, -0.385794
29297, -0.370539
29297.5, -0.333928
29298, -0.349183
29298.5, -0.370539
29299, -0.364437
29299.5, -0.370539
29300, -0.361386
29300.5, -0.391896
29301, -0.352234
29301.5, -0.306469
29302, -0.367488
29302.5, -0.336979
29303, -0.355285
29303.5, -0.391896
29304, -0.361386
29304.5, -0.385794
29305, -0.352234
29305.5, -0.34003
29306, -0.364437
29306.5, -0.361386
29307, -0.367488
29307.5, -0.379692
29308, -0.367488
29308.5, -0.370539
29309, -0.330877
29309.5, -0.367488
29310, -0.370539
29310.5, -0.370539
29311, -0.367488
29311.5, -0.355285
29312, -0.355285
29312.5, -0.376641
29313, -0.367488
29313.5, -0.376641
29314, -0.358336
29314.5, -0.358336
29315, -0.367488
29315.5, -0.361386
29316, -0.352234
29316.5, -0.358336
29317, -0.364437
29317.5, -0.37359
29318, -0.37359
29318.5, -0.364437
29319, -0.358336
29319.5, -0.352234
29320, -0.367488
29320.5, -0.327826
29321, -0.349183
29321.5, -0.364437
29322, -0.367488
29322.5, -0.358336
29323, -0.370539
29323.5, -0.37359
29324, -0.34003
29324.5, -0.355285
29325, -0.358336
29325.5, -0.349183
29326, -0.379692
29326.5, -0.388845
29327, -0.367488
29327.5, -0.364437
29328, -0.346132
29328.5, -0.361386
29329, -0.346132
29329.5, -0.361386
29330, -0.376641
29330.5, -0.358336
29331, -0.382743
29331.5, -0.364437
29332, -0.346132
29332.5, -0.352234
29333, -0.34003
29333.5, -0.352234
29334, -0.364437
29334.5, -0.361386
29335, -0.379692
29335.5, -0.364437
29336, -0.358336
29336.5, -0.37359
29337, -0.364437
29337.5, -0.358336
29338, -0.376641
29338.5, -0.370539
29339, -0.370539
29339.5, -0.352234
29340, -0.358336
29340.5, -0.367488
29341, -0.34003
29341.5, -0.364437
29342, -0.364437
29342.5, -0.370539
29343, -0.370539
29343.5, -0.355285
29344, -0.336979
29344.5, -0.34003
29345, -0.367488
29345.5, -0.355285
29346, -0.388845
29346.5, -0.37359
29347, -0.346132
29347.5, -0.364437
29348, -0.355285
29348.5, -0.34003
29349, -0.343081
29349.5, -0.37359
29350, -0.382743
29350.5, -0.367488
29351, -0.355285
29351.5, -0.370539
29352, -0.346132
29352.5, -0.349183
29353, -0.370539
29353.5, -0.370539
29354, -0.370539
29354.5, -0.352234
29355, -0.318673
29355.5, -0.349183
29356, -0.336979
29356.5, -0.358336
29357, -0.367488
29357.5, -0.352234
29358, -0.382743
29358.5, -0.361386
29359, -0.321724
29359.5, -0.34003
29360, -0.346132
29360.5, -0.361386
29361, -0.385794
29361.5, -0.376641
29362, -0.361386
29362.5, -0.382743
29363, -0.318673
29363.5, -0.349183
29364, -0.336979
29364.5, -0.349183
29365, -0.37359
29365.5, -0.370539
29366, -0.37359
29366.5, -0.358336
29367, -0.336979
29367.5, -0.34003
29368, -0.336979
29368.5, -0.355285
29369, -0.382743
29369.5, -0.367488
29370, -0.376641
29370.5, -0.346132
29371, -0.327826
29371.5, -0.346132
29372, -0.349183
29372.5, -0.358336
29373, -0.376641
29373.5, -0.37359
29374, -0.370539
29374.5, -0.346132
29375, -0.321724
29375.5, -0.355285
29376, -0.361386
29376.5, -0.364437
29377, -0.391896
29377.5, -0.370539
29378, -0.361386
29378.5, -0.349183
29379, -0.315622
29379.5, -0.361386
29380, -0.376641
29380.5, -0.361386
29381, -0.370539
29381.5, -0.376641
29382, -0.306469
29382.5, -0.324775
29383, -0.352234
29383.5, -0.352234
29384, -0.385794
29384.5, -0.370539
29385, -0.37359
29385.5, -0.382743
29386, -0.315622
29386.5, -0.318673
29387, -0.361386
29387.5, -0.343081
29388, -0.391896
29388.5, -0.370539
29389, -0.355285
29389.5, -0.388845
29390, -0.349183
29390.5, -0.336979
29391, -0.349183
29391.5, -0.333928
29392, -0.367488
29392.5, -0.388845
29393, -0.352234
29393.5, -0.382743
29394, -0.352234
29394.5, -0.358336
29395, -0.355285
29395.5, -0.379692
29396, -0.388845
29396.5, -0.376641
29397, -0.349183
29397.5, -0.343081
29398, -0.361386
29398.5, -0.330877
29399, -0.361386
29399.5, -0.376641
29400, -0.376641
29400.5, -0.379692
29401, -0.352234
29401.5, -0.321724
29402, -0.336979
29402.5, -0.315622
29403, -0.358336
29403.5, -0.37359
29404, -0.352234
29404.5, -0.388845
29405, -0.336979
29405.5, -0.30952
29406, -0.361386
29406.5, -0.324775
29407, -0.370539
29407.5, -0.388845
29408, -0.376641
29408.5, -0.397998
29409, -0.358336
29409.5, -0.330877
29410, -0.364437
29410.5, -0.346132
29411, -0.364437
29411.5, -0.382743
29412, -0.37359
29412.5, -0.385794
29413, -0.364437
29413.5, -0.318673
29414, -0.346132
29414.5, -0.321724
29415, -0.37359
29415.5, -0.37359
29416, -0.370539
29416.5, -0.37359
29417, -0.361386
29417.5, -0.318673
29418, -0.355285
29418.5, -0.327826
29419, -0.349183
29419.5, -0.376641
29420, -0.367488
29420.5, -0.379692
29421, -0.333928
29421.5, -0.352234
29422, -0.364437
29422.5, -0.358336
29423, -0.361386
29423.5, -0.394947
29424, -0.358336
29424.5, -0.324775
29425, -0.367488
29425.5, -0.330877
29426, -0.349183
29426.5, -0.379692
29427, -0.355285
29427.5, -0.388845
29428, -0.370539
29428.5, -0.367488
29429, -0.367488
29429.5, -0.37359
29430, -0.361386
29430.5, -0.37359
29431, -0.364437
29431.5, -0.376641
29432, -0.358336
29432.5, -0.349183
29433, -0.352234
29433.5, -0.361386
29434, -0.358336
29434.5, -0.358336
29435, -0.37359
29435.5, -0.361386
29436, -0.376641
29436.5, -0.336979
29437, -0.336979
29437.5, -0.367488
29438, -0.364437
29438.5, -0.361386
29439, -0.37359
29439.5, -0.367488
29440, -0.34003
29440.5, -0.358336
29441, -0.343081
29441.5, -0.367488
29442, -0.37359
29442.5, -0.370539
29443, -0.349183
29443.5, -0.370539
29444, -0.361386
29444.5, -0.358336
29445, -0.370539
29445.5, -0.364437
29446, -0.358336
29446.5, -0.370539
29447, -0.352234
29447.5, -0.355285
29448, -0.343081
29448.5, -0.349183
29449, -0.349183
29449.5, -0.361386
29450, -0.361386
29450.5, -0.346132
29451, -0.355285
29451.5, -0.370539
29452, -0.349183
29452.5, -0.355285
29453, -0.349183
29453.5, -0.358336
29454, -0.352234
29454.5, -0.355285
29455, -0.367488
29455.5, -0.376641
29456, -0.355285
29456.5, -0.361386
29457, -0.346132
29457.5, -0.364437
29458, -0.376641
29458.5, -0.361386
29459, -0.379692
29459.5, -0.367488
29460, -0.355285
29460.5, -0.361386
29461, -0.343081
29461.5, -0.364437
29462, -0.364437
29462.5, -0.352234
29463, -0.355285
29463.5, -0.352234
29464, -0.352234
29464.5, -0.352234
29465, -0.370539
29465.5, -0.364437
29466, -0.367488
29466.5, -0.361386
29467, -0.336979
29467.5, -0.358336
29468, -0.352234
29468.5, -0.330877
29469, -0.37359
29469.5, -0.364437
29470, -0.370539
29470.5, -0.376641
29471, -0.349183
29471.5, -0.370539
29472, -0.349183
29472.5, -0.346132
29473, -0.388845
29473.5, -0.364437
29474, -0.355285
29474.5, -0.37359
29475, -0.315622
29475.5, -0.349183
29476, -0.349183
29476.5, -0.361386
29477, -0.376641
29477.5, -0.361386
29478, -0.379692
29478.5, -0.355285
29479, -0.361386
29479.5, -0.349183
29480, -0.349183
29480.5, -0.364437
29481, -0.358336
29481.5, -0.382743
29482, -0.388845
29482.5, -0.333928
29483, -0.327826
29483.5, -0.346132
29484, -0.330877
29484.5, -0.376641
29485, -0.370539
29485.5, -0.367488
29486, -0.394947
29486.5, -0.336979
29487, -0.318673
29487.5, -0.343081
29488, -0.355285
29488.5, -0.361386
29489, -0.385794
29489.5, -0.382743
29490, -0.355285
29490.5, -0.343081
29491, -0.321724
29491.5, -0.352234
29492, -0.352234
29492.5, -0.367488
29493, -0.385794
29493.5, -0.376641
29494, -0.306469
29494.5, -0.352234
29495, -0.34003
29495.5, -0.361386
29496, -0.382743
29496.5, -0.352234
29497, -0.376641
29497.5, -0.367488
29498, -0.315622
29498.5, -0.352234
29499, -0.330877
29499.5, -0.346132
29500, -0.382743
29500.5, -0.361386
29501, -0.382743
29501.5, -0.370539
29502, -0.333928
29502.5, -0.333928
29503, -0.346132
29503.5, -0.352234
29504, -0.382743
29504.5, -0.376641
29505, -0.355285
29505.5, -0.364437
29506, -0.321724
29506.5, -0.30952
29507, -0.367488
29507.5, -0.352234
29508, -0.37359
29508.5, -0.397998
29509, -0.352234
29509.5, -0.343081
29510, -0.355285
29510.5, -0.352234
29511, -0.385794
29511.5, -0.37359
29512, -0.370539
29512.5, -0.385794
29513, -0.352234
29513.5, -0.352234
29514, -0.37359
29514.5, -0.34003
29515, -0.37359
29515.5, -0.364437
29516, -0.379692
29516.5, -0.37359
29517, -0.370539
29517.5, -0.327826
29518, -0.370539
29518.5, -0.327826
29519, -0.361386
29519.5, -0.388845
29520, -0.370539
29520.5, -0.370539
29521, -0.370539
29521.5, -0.300367
29522, -0.361386
29522.5, -0.333928
29523, -0.336979
29523.5, -0.367488
29524, -0.370539
29524.5, -0.388845
29525, -0.358336
29525.5, -0.333928
29526, -0.361386
29526.5, -0.336979
29527, -0.358336
29527.5, -0.361386
29528, -0.355285
29528.5, -0.391896
29529, -0.361386
29529.5, -0.303418
29530, -0.355285
29530.5, -0.352234
29531, -0.367488
29531.5, -0.385794
29532, -0.358336
29532.5, -0.382743
29533, -0.358336
29533.5, -0.333928
29534, -0.370539
29534.5, -0.336979
29535, -0.367488
29535.5, -0.376641
29536, -0.349183
29536.5, -0.361386
29537, -0.355285
29537.5, -0.343081
29538, -0.346132
29538.5, -0.385794
29539, -0.37359
29539.5, -0.37359
29540, -0.367488
29540.5, -0.306469
29541, -0.367488
29541.5, -0.358336
29542, -0.349183
29542.5, -0.361386
29543, -0.376641
29543.5, -0.361386
29544, -0.367488
29544.5, -0.352234
29545, -0.358336
29545.5, -0.343081
29546, -0.349183
29546.5, -0.385794
29547, -0.355285
29547.5, -0.379692
29548, -0.370539
29548.5, -0.382743
29549, -0.349183
29549.5, -0.355285
29550, -0.379692
29550.5, -0.376641
29551, -0.343081
29551.5, -0.376641
29552, -0.349183
29552.5, -0.352234
29553, -0.355285
29553.5, -0.355285
29554, -0.361386
29554.5, -0.367488
29555, -0.367488
29555.5, -0.37359
29556, -0.361386
29556.5, -0.367488
29557, -0.352234
29557.5, -0.367488
29558, -0.364437
29558.5, -0.352234
29559, -0.388845
29559.5, -0.367488
29560, -0.336979
29560.5, -0.346132
29561, -0.355285
29561.5, -0.382743
29562, -0.358336
29562.5, -0.364437
29563, -0.394947
29563.5, -0.352234
29564, -0.361386
29564.5, -0.349183
29565, -0.37359
29565.5, -0.367488
29566, -0.355285
29566.5, -0.358336
29567, -0.370539
29567.5, -0.37359
29568, -0.333928
29568.5, -0.370539
29569, -0.367488
29569.5, -0.346132
29570, -0.367488
29570.5, -0.37359
29571, -0.370539
29571.5, -0.370539
29572, -0.336979
29572.5, -0.361386
29573, -0.364437
29573.5, -0.358336
29574, -0.382743
29574.5, -0.361386
29575, -0.361386
29575.5, -0.367488
29576, -0.346132
29576.5, -0.361386
29577, -0.358336
29577.5, -0.355285
29578, -0.382743
29578.5, -0.361386
29579, -0.364437
29579.5, -0.352234
29580, -0.34003
29580.5, -0.370539
29581, -0.364437
29581.5, -0.370539
29582, -0.37359
29582.5, -0.370539
29583, -0.333928
29583.5, -0.367488
29584, -0.330877
29584.5, -0.333928
29585, -0.364437
29585.5, -0.376641
29586, -0.355285
29586.5, -0.367488
29587, -0.349183
29587.5, -0.370539
29588, -0.358336
29588.5, -0.352234
29589, -0.382743
29589.5, -0.367488
29590, -0.361386
29590.5, -0.367488
29591, -0.324775
29591.5, -0.364437
29592, -0.355285
29592.5, -0.361386
29593, -0.364437
29593.5, -0.355285
29594, -0.376641
29594.5, -0.364437
29595, -0.321724
29595.5, -0.34003
29596, -0.352234
29596.5, -0.358336
29597, -0.385794
29597.5, -0.37359
29598, -0.367488
29598.5, -0.343081
29599, -0.352234
29599.5, -0.355285
29600, -0.34003
29600.5, -0.358336
29601, -0.382743
29601.5, -0.364437
29602, -0.370539
29602.5, -0.34003
29603, -0.327826
29603.5, -0.367488
29604, -0.336979
29604.5, -0.37359
29605, -0.352234
29605.5, -0.391896
29606, -0.346132
29606.5, -0.333928
29607, -0.34003
29607.5, -0.349183
29608, -0.379692
29608.5, -0.379692
29609, -0.385794
29609.5, -0.379692
29610, -0.324775
29610.5, -0.355285
29611, -0.352234
29611.5, -0.358336
29612, -0.391896
29612.5, -0.37359
29613, -0.382743
29613.5, -0.358336
29614, -0.312571
29614.5, -0.336979
29615, -0.367488
29615.5, -0.364437
29616, -0.388845
29616.5, -0.361386
29617, -0.349183
29617.5, -0.376641
29618, -0.30952
29618.5, -0.343081
29619, -0.346132
29619.5, -0.364437
29620, -0.382743
29620.5, -0.391896
29621, -0.358336
29621.5, -0.333928
29622, -0.346132
29622.5, -0.343081
29623, -0.346132
29623.5, -0.370539
29624, -0.376641
29624.5, -0.361386
29625, -0.358336
29625.5, -0.34003
29626, -0.324775
29626.5, -0.336979
29627, -0.379692
29627.5, -0.37359
29628, -0.379692
29628.5, -0.367488
29629, -0.361386
29629.5, -0.34003
29630, -0.333928
29630.5, -0.330877
29631, -0.370539
29631.5, -0.352234
29632, -0.355285
29632.5, -0.382743
29633, -0.358336
29633.5, -0.336979
29634, -0.367488
29634.5, -0.34003
29635, -0.352234
29635.5, -0.367488
29636, -0.370539
29636.5, -0.391896
29637, -0.327826
29637.5, -0.318673
29638, -0.358336
29638.5, -0.349183
29639, -0.379692
29639.5, -0.358336
29640, -0.385794
29640.5, -0.37359
29641, -0.336979
29641.5, -0.327826
29642, -0.370539
29642.5, -0.336979
29643, -0.352234
29643.5, -0.358336
29644, -0.355285
29644.5, -0.388845
29645, -0.385794
29645.5, -0.352234
29646, -0.379692
29646.5, -0.343081
29647, -0.364437
29647.5, -0.37359
29648, -0.349183
29648.5, -0.382743
29649, -0.364437
29649.5, -0.315622
29650, -0.379692
29650.5, -0.385794
29651, -0.358336
29651.5, -0.391896
29652, -0.333928
29652.5, -0.315622
29653, -0.358336
29653.5, -0.327826
29654, -0.358336
29654.5, -0.376641
29655, -0.355285
29655.5, -0.394947
29656, -0.37359
29656.5, -0.318673
29657, -0.355285
29657.5, -0.336979
29658, -0.355285
29658.5, -0.367488
29659, -0.367488
29659.5, -0.394947
29660, -0.367488
29660.5, -0.30952
29661, -0.352234
29661.5, -0.327826
29662, -0.352234
29662.5, -0.388845
29663, -0.370539
29663.5, -0.385794
29664, -0.367488
29664.5, -0.306469
29665, -0.361386
29665.5, -0.37359
29666, -0.364437
29666.5, -0.376641
29667, -0.367488
29667.5, -0.376641
29668, -0.346132
29668.5, -0.318673
29669, -0.355285
29669.5, -0.364437
29670, -0.352234
29670.5, -0.385794
29671, -0.364437
29671.5, -0.385794
29672, -0.358336
29672.5, -0.324775
29673, -0.358336
29673.5, -0.364437
29674, -0.367488
29674.5, -0.364437
29675, -0.370539
29675.5, -0.382743
29676, -0.370539
29676.5, -0.364437
29677, -0.34003
29677.5, -0.346132
29678, -0.364437
29678.5, -0.37359
29679, -0.367488
29679.5, -0.367488
29680, -0.336979
29680.5, -0.358336
29681, -0.355285
29681.5, -0.367488
29682, -0.355285
29682.5, -0.352234
29683, -0.364437
29683.5, -0.355285
29684, -0.343081
29684.5, -0.367488
29685, -0.355285
29685.5, -0.364437
29686, -0.358336
29686.5, -0.367488
29687, -0.367488
29687.5, -0.361386
29688, -0.364437
29688.5, -0.367488
29689, -0.34003
29689.5, -0.370539
29690, -0.385794
29690.5, -0.376641
29691, -0.343081
29691.5, -0.37359
29692, -0.364437
29692.5, -0.358336
29693, -0.376641
29693.5, -0.361386
29694, -0.376641
29694.5, -0.355285
29695, -0.343081
29695.5, -0.358336
29696, -0.352234
29696.5, -0.364437
29697, -0.37359
29697.5, -0.370539
29698, -0.382743
29698.5, -0.364437
29699, -0.349183
29699.5, -0.352234
29700, -0.346132
29700.5, -0.352234
29701, -0.37359
29701.5, -0.349183
29702, -0.364437
29702.5, -0.367488
29703, -0.336979
29703.5, -0.367488
29704, -0.333928
29704.5, -0.364437
29705, -0.361386
29705.5, -0.355285
29706, -0.358336
29706.5, -0.358336
29707, -0.324775
29707.5, -0.352234
29708, -0.333928
29708.5, -0.364437
29709, -0.385794
29709.5, -0.37359
29710, -0.370539
29710.5, -0.361386
29711, -0.324775
29711.5, -0.343081
29712, -0.364437
29712.5, -0.376641
29713, -0.361386
29713.5, -0.361386
29714, -0.370539
29714.5, -0.352234
29715, -0.30952
29715.5, -0.34003
29716, -0.336979
29716.5, -0.358336
29717, -0.361386
29717.5, -0.376641
29718, -0.349183
29718.5, -0.34003
29719, -0.321724
29719.5, -0.352234
29720, -0.367488
29720.5, -0.367488
29721, -0.388845
29721.5, -0.367488
29722, -0.306469
29722.5, -0.330877
29723, -0.330877
29723.5, -0.352234
29724, -0.364437
29724.5, -0.391896
29725, -0.391896
29725.5, -0.367488
29726, -0.321724
29726.5, -0.343081
29727, -0.358336
29727.5, -0.346132
29728, -0.382743
29728.5, -0.361386
29729, -0.349183
29729.5, -0.379692
29730, -0.330877
29730.5, -0.321724
29731, -0.343081
29731.5, -0.352234
29732, -0.370539
29732.5, -0.379692
29733, -0.37359
29733.5, -0.37359
29734, -0.330877
29734.5, -0.352234
29735, -0.352234
29735.5, -0.37359
29736, -0.382743
29736.5, -0.367488
29737, -0.355285
29737.5, -0.343081
29738, -0.30952
29738.5, -0.346132
29739, -0.349183
29739.5, -0.355285
29740, -0.376641
29740.5, -0.361386
29741, -0.367488
29741.5, -0.327826
29742, -0.346132
29742.5, -0.349183
29743, -0.352234
29743.5, -0.367488
29744, -0.382743
29744.5, -0.370539
29745, -0.355285
29745.5, -0.343081
29746, -0.349183
29746.5, -0.343081
29747, -0.358336
29747.5, -0.364437
29748, -0.379692
29748.5, -0.370539
29749, -0.34003
29749.5, -0.343081
29750, -0.355285
29750.5, -0.352234
29751, -0.358336
29751.5, -0.364437
29752, -0.352234
29752.5, -0.376641
29753, -0.324775
29753.5, -0.30952
29754, -0.364437
29754.5, -0.315622
29755, -0.37359
29755.5, -0.379692
29756, -0.346132
29756.5, -0.394947
29757, -0.37359
29757.5, -0.312571
29758, -0.370539
29758.5, -0.324775
29759, -0.367488
29759.5, -0.367488
29760, -0.364437
29760.5, -0.379692
29761, -0.364437
29761.5, -0.324775
29762, -0.367488
29762.5, -0.370539
29763, -0.364437
29763.5, -0.376641
29764, -0.343081
29764.5, -0.336979
29765, -0.346132
29765.5, -0.346132
29766, -0.367488
29766.5, -0.379692
29767, -0.352234
29767.5, -0.388845
29768, -0.37359
29768.5, -0.30952
29769, -0.358336
29769.5, -0.333928
29770, -0.364437
29770.5, -0.379692
29771, -0.361386
29771.5, -0.401049
29772, -0.370539
29772.5, -0.315622
29773, -0.376641
29773.5, -0.349183
29774, -0.364437
29774.5, -0.382743
29775, -0.355285
29775.5, -0.397998
29776, -0.361386
29776.5, -0.306469
29777, -0.361386
29777.5, -0.330877
29778, -0.376641
29778.5, -0.385794
29779, -0.370539
29779.5, -0.385794
29780, -0.361386
29780.5, -0.327826
29781, -0.352234
29781.5, -0.346132
29782, -0.364437
29782.5, -0.379692
29783, -0.37359
29783.5, -0.391896
29784, -0.367488
29784.5, -0.321724
29785, -0.346132
29785.5, -0.37359
29786, -0.364437
29786.5, -0.385794
29787, -0.364437
29787.5, -0.394947
29788, -0.352234
29788.5, -0.370539
29789, -0.352234
29789.5, -0.364437
29790, -0.355285
29790.5, -0.382743
29791, -0.364437
29791.5, -0.358336
29792, -0.379692
29792.5, -0.361386
29793, -0.367488
29793.5, -0.37359
29794, -0.361386
29794.5, -0.370539
29795, -0.367488
29795.5, -0.324775
29796, -0.336979
29796.5, -0.34003
29797, -0.346132
29797.5, -0.349183
29798, -0.367488
29798.5, -0.364437
29799, -0.358336
29799.5, -0.364437
29800, -0.361386
29800.5, -0.367488
29801, -0.364437
29801.5, -0.346132
29802, -0.379692
29802.5, -0.361386
29803, -0.367488
29803.5, -0.358336
29804, -0.330877
29804.5, -0.370539
29805, -0.364437
29805.5, -0.37359
29806, -0.376641
29806.5, -0.358336
29807, -0.361386
29807.5, -0.355285
29808, -0.349183
29808.5, -0.37359
29809, -0.355285
29809.5, -0.367488
29810, -0.382743
29810.5, -0.37359
29811, -0.343081
29811.5, -0.361386
29812, -0.355285
29812.5, -0.367488
29813, -0.358336
29813.5, -0.364437
29814, -0.336979
29814.5, -0.355285
29815, -0.336979
29815.5, -0.364437
29816, -0.367488
29816.5, -0.361386
29817, -0.382743
29817.5, -0.364437
29818, -0.355285
29818.5, -0.355285
29819, -0.34003
29819.5, -0.364437
29820, -0.343081
29820.5, -0.361386
29821, -0.37359
29821.5, -0.349183
29822, -0.355285
29822.5, -0.370539
29823, -0.327826
29823.5, -0.364437
29824, -0.343081
29824.5, -0.361386
29825, -0.364437
29825.5, -0.37359
29826, -0.379692
29826.5, -0.370539
29827, -0.349183
29827.5, -0.358336
29828, -0.336979
29828.5, -0.361386
29829, -0.370539
29829.5, -0.355285
29830, -0.358336
29830.5, -0.370539
29831, -0.336979
29831.5, -0.346132
29832, -0.355285
29832.5, -0.382743
29833, -0.385794
29833.5, -0.358336
29834, -0.315622
29834.5, -0.352234
29835, -0.349183
29835.5, -0.34003
29836, -0.370539
29836.5, -0.370539
29837, -0.385794
29837.5, -0.376641
29838, -0.318673
29838.5, -0.34003
29839, -0.346132
29839.5, -0.346132
29840, -0.388845
29840.5, -0.364437
29841, -0.391896
29841.5, -0.37359
29842, -0.324775
29842.5, -0.324775
29843, -0.336979
29843.5, -0.336979
29844, -0.376641
29844.5, -0.358336
29845, -0.376641
29845.5, -0.376641
29846, -0.315622
29846.5, -0.321724
29847, -0.34003
29847.5, -0.355285
29848, -0.379692
29848.5, -0.382743
29849, -0.364437
29849.5, -0.343081
29850, -0.315622
29850.5, -0.355285
29851, -0.346132
29851.5, -0.364437
29852, -0.37359
29852.5, -0.37359
29853, -0.382743
29853.5, -0.349183
29854, -0.327826
29854.5, -0.346132
29855, -0.352234
29855.5, -0.382743
29856, -0.364437
29856.5, -0.37359
29857, -0.367488
29857.5, -0.346132
29858, -0.306469
29858.5, -0.336979
29859, -0.364437
29859.5, -0.358336
29860, -0.382743
29860.5, -0.385794
29861, -0.349183
29861.5, -0.349183
29862, -0.336979
29862.5, -0.358336
29863, -0.379692
29863.5, -0.358336
29864, -0.397998
29864.5, -0.37359
29865, -0.327826
29865.5, -0.346132
29866, -0.330877
29866.5, -0.361386
29867, -0.376641
29867.5, -0.376641
29868, -0.379692
29868.5, -0.364437
29869, -0.376641
29869.5, -0.303418
29870, -0.367488
29870.5, -0.346132
29871, -0.364437
29871.5, -0.349183
29872, -0.355285
29872.5, -0.385794
29873, -0.349183
29873.5, -0.34003
29874, -0.370539
29874.5, -0.34003
29875, -0.364437
29875.5, -0.361386
29876, -0.349183
29876.5, -0.324775
29877, -0.364437
29877.5, -0.321724
29878, -0.358336
29878.5, -0.379692
29879, -0.37359
29879.5, -0.391896
29880, -0.343081
29880.5, -0.330877
29881, -0.349183
29881.5, -0.324775
29882, -0.355285
29882.5, -0.370539
29883, -0.367488
29883.5, -0.388845
29884, -0.370539
29884.5, -0.333928
29885, -0.355285
29885.5, -0.343081
29886, -0.370539
29886.5, -0.382743
29887, -0.367488
29887.5, -0.376641
29888, -0.361386
29888.5, -0.312571
29889, -0.370539
29889.5, -0.34003
29890, -0.355285
29890.5, -0.382743
29891, -0.367488
29891.5, -0.379692
29892, -0.355285
29892.5, -0.306469
29893, -0.358336
29893.5, -0.324775
29894, -0.358336
29894.5, -0.382743
29895, -0.361386
29895.5, -0.379692
29896, -0.370539
29896.5, -0.300367
29897, -0.355285
29897.5, -0.336979
29898, -0.37359
29898.5, -0.382743
29899, -0.358336
29899.5, -0.382743
29900, -0.361386
29900.5, -0.315622
29901, -0.355285
29901.5, -0.37359
29902, -0.367488
29902.5, -0.370539
29903, -0.355285
29903.5, -0.349183
29904, -0.355285
29904.5, -0.361386
29905, -0.349183
29905.5, -0.376641
29906, -0.367488
29906.5, -0.367488
29907, -0.382743
29907.5, -0.330877
29908, -0.367488
29908.5, -0.376641
29909, -0.352234
29909.5, -0.382743
29910, -0.361386
29910.5, -0.361386
29911, -0.370539
29911.5, -0.34003
29912, -0.364437
29912.5, -0.361386
29913, -0.349183
29913.5, -0.376641
29914, -0.361386
29914.5, -0.361386
29915, -0.388845
29915.5, -0.352234
29916, -0.355285
29916.5, -0.376641
29917, -0.358336
29917.5, -0.37359
29918, -0.364437
29918.5, -0.376641
29919, -0.370539
29919.5, -0.364437
29920, -0.352234
29920.5, -0.352234
29921, -0.376641
29921.5, -0.361386
29922, -0.376641
29922.5, -0.361386
29923, -0.358336
29923.5, -0.352234
29924, -0.349183
29924.5, -0.361386
29925, -0.379692
29925.5, -0.349183
29926, -0.382743
29926.5, -0.352234
29927, -0.336979
29927.5, -0.355285
29928, -0.355285
29928.5, -0.37359
29929, -0.37359
29929.5, -0.367488
29930, -0.364437
29930.5, -0.352234
29931, -0.327826
29931.5, -0.349183
29932, -0.330877
29932.5, -0.358336
29933, -0.361386
29933.5, -0.358336
29934, -0.370539
29934.5, -0.364437
29935, -0.355285
29935.5, -0.355285
29936, -0.352234
29936.5, -0.376641
29937, -0.346132
29937.5, -0.358336
29938, -0.358336
29938.5, -0.361386
29939, -0.355285
29939.5, -0.352234
29940, -0.367488
29940.5, -0.355285
29941, -0.37359
29941.5, -0.379692
29942, -0.367488
29942.5, -0.370539
29943, -0.333928
29943.5, -0.361386
29944, -0.355285
29944.5, -0.361386
29945, -0.376641
29945.5, -0.364437
29946, -0.376641
29946.5, -0.364437
29947, -0.333928
29947.5, -0.352234
29948, -0.37359
29948.5, -0.370539
29949, -0.385794
29949.5, -0.364437
29950, -0.346132
29950.5, -0.367488
29951, -0.321724
29951.5, -0.34003
29952, -0.361386
29952.5, -0.376641
29953, -0.349183
29953.5, -0.364437
29954, -0.330877
29954.5, -0.358336
29955, -0.34003
29955.5, -0.358336
29956, -0.376641
29956.5, -0.37359
29957, -0.352234
29957.5, -0.385794
29958, -0.318673
29958.5, -0.352234
29959, -0.355285
29959.5, -0.349183
29960, -0.391896
29960.5, -0.364437
29961, -0.361386
29961.5, -0.349183
29962, -0.321724
29962.5, -0.336979
29963, -0.352234
29963.5, -0.364437
29964, -0.388845
29964.5, -0.388845
29965, -0.385794
29965.5, -0.349183
29966, -0.318673
29966.5, -0.343081
29967, -0.346132
29967.5, -0.361386
29968, -0.385794
29968.5, -0.37359
29969, -0.388845
29969.5, -0.346132
29970, -0.312571
29970.5, -0.343081
29971, -0.343081
29971.5, -0.355285
29972, -0.376641
29972.5, -0.379692
29973, -0.370539
29973.5, -0.336979
29974, -0.321724
29974.5, -0.346132
29975, -0.358336
29975.5, -0.370539
29976, -0.37359
29976.5, -0.37359
29977, -0.306469
29977.5, -0.330877
29978, -0.352234
29978.5, -0.346132
29979, -0.370539
29979.5, -0.352234
29980, -0.394947
29980.5, -0.379692
29981, -0.346132
29981.5, -0.34003
29982, -0.379692
29982.5, -0.364437
29983, -0.370539
29983.5, -0.367488
29984, -0.364437
29984.5, -0.370539
29985, -0.333928
29985.5, -0.343081
29986, -0.367488
29986.5, -0.336979
29987, -0.379692
29987.5, -0.352234
29988, -0.346132
29988.5, -0.376641
29989, -0.370539
29989.5, -0.315622
29990, -0.364437
29990.5, -0.376641
29991, -0.370539
29991.5, -0.382743
29992, -0.352234
29992.5, -0.34003
29993, -0.364437
29993.5, -0.358336
29994, -0.379692
29994.5, -0.361386
29995, -0.352234
29995.5, -0.401049
29996, -0.364437
29996.5, -0.315622
29997, -0.367488
29997.5, -0.330877
29998, -0.382743
29998.5, -0.382743
29999, -0.358336
29999.5, -0.401049
